-0.72 -0.61 -0.19 -0.94 -1.62 -2.11 2.58 -1.78
0.30 1.50 1.01 -0.76 -1.79 -2.50 -0.94 -1.53
-0.55 2.72 -0.24 0.41 -0.83 -2.66 0.25 -0.08
0.50 2.23 1.71 -0.76 -0.53 -1.91 0.37 -1.50
-2.67 -1.28 0.22 0.31 0.14 1.11 1.60 -0.10
-2.33 -0.70 1.77 -0.39 -0.72 2.17 -0.62 0.18
-1.86 -0.82 -1.21 -0.99 -0.52 1.17 2.47 0.71
-1.26 -1.14 0.52 -0.67 0.39 2.95 1.78 -0.54
0.22 2.75 0.72 -0.60 -1.73 0.14 -0.11 2.42
1.22 2.72 -0.47 -0.52 -1.13 -2.71 0.28 1.24
-0.39 1.91 0.45 -2.06 0.14 0.77 1.30 2.27
-0.10 2.47 0.83 0.25 0.89 -2.22 0.49 1.93
-2.00 1.76 0.49 -2.17 0.04 0.94 -0.55 1.27
-2.07 0.42 -0.09 0.80 0.75 1.75 1.71 1.36
-2.15 1.58 -0.01 -0.93 0.17 0.70 -0.06 2.36
-2.79 -1.06 -0.62 -0.46 -0.84 1.30 1.31 0.58
-0.89 3.12 0.56 -0.09 -1.44 -0.12 1.85 -0.98
1.12 1.97 2.52 -0.27 -0.79 -2.52 0.53 0.63
0.78 2.89 -0.42 -0.43 -1.24 -2.55 0.01 0.81
-0.36 2.26 1.25 -0.10 1.04 -1.29 1.50 -1.48
-2.11 -2.43 -0.20 1.99 -0.88 -1.19 0.46 1.83
-2.02 -1.93 -2.07 2.08 -0.50 0.31 0.71 0.76
-1.48 -0.86 -0.26 3.68 -0.90 0.83 -0.23 1.33
-1.89 -2.06 -0.97 2.95 -0.82 -0.34 1.14 0.84
0.11 1.26 -0.34 -1.28 -3.35 0.20 -1.53 1.50
-1.67 1.19 1.32 2.17 -0.37 0.36 -2.14 -0.47
1.11 1.09 -0.19 2.12 -0.99 0.06 -1.87 3.40
1.51 1.14 -1.38 1.28 -3.24 -1.64 -0.16 0.73
0.91 -0.89 4.14 0.18 1.75 -0.65 1.46 0.25
1.89 0.23 1.69 -1.89 0.18 -0.43 0.07 2.74
1.47 0.57 3.93 -0.42 -0.93 -1.17 0.74 0.19
-1.23 -1.20 3.20 0.00 1.19 -1.49 0.12 1.42
2.00 -1.25 1.25 -1.43 -2.35 1.62 0.75 1.47
0.65 0.08 1.00 -1.70 -2.49 2.47 1.00 1.00
0.93 -0.77 0.37 -2.11 -2.77 1.02 1.32 1.76
-0.47 -0.92 1.82 -0.77 -3.31 2.44 0.39 -0.68
0.58 1.89 1.53 -0.87 -0.30 1.25 2.57 -1.79
2.19 0.63 -1.60 -2.17 -0.20 0.36 1.78 -1.11
-0.25 2.96 2.13 -0.05 0.75 0.95 0.09 -0.18
0.75 0.44 -1.67 -2.17 -0.89 -0.19 0.52 -2.11
-2.94 -0.03 1.38 -0.87 0.24 0.80 1.24 0.57
-2.08 0.42 0.59 -0.69 0.34 -0.52 2.74 1.70
-2.19 -0.64 -1.14 -1.21 0.71 1.95 -1.01 -0.22
-2.70 0.69 1.08 -1.22 -0.56 0.18 -0.76 1.16
-1.91 -0.66 0.41 2.49 -0.73 -1.64 -1.44 0.50
-2.39 -0.86 1.36 1.99 0.28 -1.40 0.15 -1.20
-1.83 -1.17 -0.31 2.24 -0.35 -1.70 0.87 -1.06
-1.38 -1.63 1.12 2.59 -1.80 -1.65 -0.68 -0.29
0.87 0.62 0.51 -0.87 1.91 1.82 -0.30 2.45
0.78 1.88 -0.55 -0.74 2.63 0.47 2.21 0.48
-0.61 0.99 -0.97 -0.38 2.03 2.63 -1.91 1.00
-1.91 0.74 0.12 -0.65 2.01 1.79 0.94 1.14
-2.23 0.00 -1.34 0.04 2.32 -0.47 -0.13 1.24
-0.55 -1.07 0.05 -1.31 -0.32 -1.87 -0.45 -3.00
-0.51 -1.59 -0.04 -1.98 0.14 -2.17 -1.69 -1.66
-2.48 1.16 -0.19 -0.33 1.23 -1.55 0.63 -1.68
3.25 -0.68 -1.76 0.24 0.73 -2.07 0.50 1.19
2.84 -0.97 -0.47 -0.37 -0.08 -2.46 0.81 -0.30
2.54 0.08 -0.86 0.62 0.49 -1.08 3.20 1.81
1.79 -0.33 -0.87 -1.81 0.50 -2.12 -0.51 0.95
-0.16 2.53 -1.64 -0.12 1.23 -1.04 -1.43 -0.91
0.98 2.65 -0.86 -0.38 2.28 1.24 -0.11 1.08
0.91 1.32 0.12 0.16 2.43 -1.37 -2.16 -1.03
-0.29 0.68 -0.57 0.78 1.48 -2.28 -2.30 1.62
0.91 -0.29 0.07 0.02 2.87 -0.82 -2.01 -0.80
-1.26 -1.42 0.39 0.13 -0.37 -0.36 -3.68 -0.03
-1.59 -0.91 -0.92 0.35 1.53 -2.35 0.35 -0.69
0.80 0.63 -0.45 -1.42 2.04 -2.47 -1.29 0.59
1.63 0.88 -0.09 -1.83 2.01 1.33 1.12 -1.13
1.51 0.25 -2.94 0.40 0.59 0.12 2.43 -1.19
1.17 0.94 -0.64 -0.70 2.20 -0.47 2.63 -1.37
-0.45 2.65 -1.00 -1.16 1.02 1.47 0.03 -1.73
-1.82 0.28 1.35 -0.80 0.43 1.95 -1.16 0.49
-0.89 -0.46 0.92 1.43 0.76 -2.26 -1.93 -1.98
-0.37 0.36 2.02 -0.89 1.49 1.56 -1.51 0.95
-1.88 0.67 1.11 2.53 1.86 0.34 -0.42 -0.02
0.32 -1.64 -1.60 -1.49 0.67 -1.37 -3.15 -1.26
0.86 -2.11 -0.82 -1.01 1.27 -1.52 -1.50 -2.01
0.79 -1.97 -1.31 -1.30 0.37 -1.98 -1.32 -1.96
0.47 -1.77 -1.52 -1.36 -1.23 -1.85 -0.99 -2.55
-2.66 -1.04 -0.39 2.78 0.08 -0.55 0.04 -1.21
-1.78 -1.56 -1.66 1.59 -1.26 -1.32 -0.69 -1.03
-1.69 -1.77 -1.49 0.17 -0.52 -2.55 0.88 -0.16
-2.24 -1.86 0.07 1.81 -1.38 -1.23 1.35 0.84
1.11 2.07 -1.02 1.20 -1.36 1.87 0.94 -2.14
-1.78 1.20 -1.46 -0.15 -1.07 2.10 -0.52 1.25
-0.14 1.86 -0.30 0.08 -1.79 2.34 -1.73 0.78
2.31 0.61 1.52 0.64 -0.71 2.52 -2.36 0.56
1.82 -1.63 -2.05 1.99 -1.49 2.74 -0.70 -1.03
1.46 -1.27 -0.92 2.36 -0.61 2.20 -1.55 0.76
-0.96 0.94 -0.61 1.80 0.32 2.88 -0.35 -1.65
-1.09 0.93 -1.81 2.58 -0.83 -0.33 0.03 1.80
0.25 2.98 -1.82 -0.32 -1.44 -1.00 -0.04 -2.90
1.16 0.51 2.10 0.90 -2.67 2.10 -0.56 -2.31
-0.87 2.25 -2.77 0.06 -2.75 1.58 -0.45 -0.41
1.31 0.71 3.04 0.35 -1.98 2.58 -0.87 -0.95
0.59 -0.40 -0.31 -1.76 2.44 0.57 1.01 -1.96
-0.05 -1.77 -1.74 -2.49 0.00 -0.47 -1.41 1.54
2.60 -1.29 0.08 -1.18 0.64 -0.54 -1.81 1.75
1.35 -1.77 -1.47 -1.81 -0.21 0.36 -0.18 2.34
1.48 -2.32 -1.99 -1.34 -0.68 1.71 0.09 1.11
-0.11 -1.39 -2.17 -1.20 1.52 2.06 -1.42 -0.25
0.30 -1.23 -1.18 -2.34 -0.04 2.37 -1.65 -0.04
-0.07 -2.02 -1.54 -0.88 1.32 1.83 0.82 -0.34
2.76 -0.69 -2.05 2.18 0.99 -0.49 -0.64 -1.96
2.96 -0.82 -0.89 3.22 -0.52 -1.02 0.71 -0.23
2.88 -0.06 -0.76 2.85 1.32 0.98 0.64 -1.90
2.40 -0.98 -0.34 2.94 1.33 -1.86 0.45 -0.29
2.77 -1.42 1.53 3.11 -0.26 -1.14 0.52 -1.18
2.33 0.55 2.31 3.24 -0.87 -0.13 0.71 -0.54
3.02 0.30 1.17 2.77 -0.42 -0.46 -1.25 -1.94
0.76 1.38 0.61 3.55 0.71 0.12 0.27 0.37
1.36 -1.28 1.69 -0.26 1.47 2.34 0.37 1.46
1.10 -2.37 1.54 -1.66 -0.40 2.50 -1.37 -0.85
1.51 -1.90 1.02 -1.49 -0.05 2.37 1.76 0.08
-0.70 -0.18 1.00 -2.52 -0.99 2.88 -0.76 -0.88
-0.07 -1.81 -0.31 -1.72 2.17 0.61 1.13 0.79
0.65 -3.06 1.93 -1.20 1.64 -0.66 -0.88 0.49
-0.21 -1.53 0.24 -1.27 1.64 -2.12 -0.06 -1.10
-0.78 -2.99 -0.99 -0.92 0.10 -1.82 0.62 -0.12
