3.8421 5.2632 3.8947 3.1765 3.7647 5.0000
5.6316 6.7368 5.7368 3.0000 2.9412 3.2353
3.7368 6.8947 5.5789 3.7647 3.4118 3.5294
5.1053 6.7368 5.8947 3.7059 3.7059 4.0000
2.1579 3.3684 4.3158 2.1176 4.1176 4.3529
2.8421 4.8947 6.8421 1.5882 3.0000 5.9412
2.8421 4.8421 6.2632 1.5294 3.7059 4.8824
3.1579 3.8947 4.8947 1.4118 5.0000 6.5882
5.4737 6.3158 6.2632 2.9412 3.0588 5.9412
5.6842 6.5789 5.1579 4.1765 4.3529 3.1176
4.5789 5.1053 4.5263 2.5882 5.4118 6.1176
5.0526 6.5263 4.8421 3.0588 4.5294 3.1176
3.3684 5.8947 5.5789 1.9412 3.8824 6.2941
2.5263 5.0000 5.9474 2.4706 4.1765 5.5882
2.8947 5.6316 5.4211 2.1765 2.9412 6.0588
2.1579 3.7895 5.2105 2.0588 4.8235 4.9412
3.8947 6.4737 4.7895 3.5882 3.3529 6.7647
7.0000 6.4211 6.8947 2.8235 3.5294 2.8235
5.8421 6.6842 5.3158 3.0588 4.2941 3.5882
4.2105 6.7895 7.2632 3.4118 3.0000 4.5882
1.0526 1.1053 1.6316 7.7059 5.6471 2.4706
1.2632 1.3158 1.3684 7.4706 4.8235 2.7059
1.4737 2.0000 1.8947 7.8824 3.2941 3.9412
1.1053 1.0526 1.1579 8.4118 6.1176 2.8824
6.0526 6.2632 6.0000 2.8824 2.7647 6.5882
3.4211 6.7368 7.1053 5.6471 2.8824 4.5882
5.3158 6.4211 6.7895 4.8235 2.5294 4.2353
6.9474 7.2105 7.1579 3.7059 5.0000 2.4706
5.1579 6.3158 7.0000 5.4706 4.9412 5.8235
6.4737 4.5263 4.3684 3.2353 5.2941 6.1765
5.2632 7.1579 7.2105 6.2941 4.4118 5.5294
2.6316 6.0000 6.8947 4.5294 4.2941 5.4118
7.1053 4.5789 5.0000 1.5294 3.4706 7.4118
6.2105 4.7895 6.4737 1.2941 3.4706 6.6471
6.6842 4.8421 6.5789 1.0588 3.3529 7.0588
4.1053 5.2632 7.2105 1.1765 2.8824 8.0000
6.1053 6.5263 5.4211 3.2353 3.1765 7.3529
7.0000 5.3684 4.0000 1.8235 3.7059 5.5882
5.5789 7.2105 5.6316 3.4118 2.3529 5.5882
6.6842 4.3684 4.7368 1.7647 4.2353 3.0000
2.8947 4.8947 5.1579 2.5882 4.6471 5.9412
1.7368 5.4211 5.3158 3.0588 4.9412 3.9412
3.4737 3.8421 3.8947 2.8235 5.5882 6.1176
2.7895 5.0526 5.7368 2.5882 4.2941 5.3529
1.9474 1.6842 2.7368 8.7647 5.3529 2.9412
2.1579 3.1579 5.1053 7.8235 4.5882 3.1765
1.8947 2.6842 4.5789 7.1176 4.0000 2.9412
2.0526 2.8421 4.7368 8.8824 4.2941 2.7647
5.1053 4.8421 4.4737 2.6471 7.6471 6.2353
5.5263 5.4737 4.8421 2.5882 8.7647 6.5882
4.3684 4.7895 4.8947 1.8235 7.7647 7.1176
3.3158 4.4211 4.6316 2.0000 7.8824 5.7059
3.2105 3.8947 5.1053 3.4118 5.5294 5.0000
4.0526 3.2105 3.1053 2.4706 5.6471 4.7647
4.4737 3.2105 4.3158 1.8235 5.7059 4.7647
3.5263 4.5263 5.8421 3.4706 4.0588 4.0000
8.5789 3.7895 3.6316 3.7647 6.2941 1.6471
8.8947 2.9474 3.9474 4.7647 5.9412 1.2353
7.7895 4.1579 4.6842 3.4706 5.8235 4.5882
6.4737 3.6842 4.2632 2.6471 5.1176 2.4706
4.8421 6.5263 5.3158 3.2353 4.6471 4.2353
4.7895 5.8947 4.5263 3.0588 6.2941 6.5882
5.8947 5.5263 4.8947 2.7059 4.7059 3.4706
4.3158 4.8421 4.1053 2.8824 4.8824 4.3529
5.4211 3.8947 5.5263 2.8824 6.2353 3.4706
3.3684 3.7368 4.5789 3.5882 4.8235 5.0588
2.7368 3.4211 3.7368 3.8824 6.8824 4.0000
6.0526 4.2632 4.6316 3.3529 4.7647 3.7647
6.5789 4.6842 4.4737 2.3529 4.3529 5.7059
6.3158 4.0526 3.7895 2.7059 5.4706 6.4118
5.8421 5.1053 3.5789 2.2353 5.4118 5.7059
5.1053 5.3684 5.0000 3.1176 5.1765 7.0588
3.7895 5.1053 5.5263 3.4706 3.7647 6.8235
3.6316 2.6316 3.3158 6.9412 5.3529 3.7059
4.2105 5.0526 6.2105 3.3529 4.4118 6.0588
4.6842 4.2105 6.5789 7.1176 5.1765 5.6471
5.5789 2.4211 2.8421 1.7647 6.6471 3.4118
5.1053 2.4211 2.7368 1.8235 6.0000 3.3529
5.0526 2.3158 2.5263 2.4118 6.0000 3.0000
4.7368 2.1579 2.7895 2.6471 5.8824 3.8235
1.2105 2.8947 6.4211 7.7647 6.0000 2.8235
1.8947 1.7368 3.5789 7.5294 5.8824 3.1765
2.3158 2.0526 3.0526 5.7647 6.5882 3.0000
1.0526 3.0000 5.2632 5.7647 4.2353 2.5882
4.4211 8.0000 7.2632 4.1765 1.5294 7.6471
3.4737 6.8947 6.4211 2.4706 2.5882 6.7059
3.4737 8.0526 6.7895 2.2941 2.5294 7.9412
6.1579 7.6842 8.5263 2.2941 2.5294 8.0588
6.4211 1.4211 1.0526 6.2353 6.0000 8.5294
6.6316 2.3684 2.2105 6.9412 5.0000 7.6471
3.6316 3.1579 6.1579 5.4118 5.4706 7.8235
3.0526 5.1579 6.0000 7.2353 3.2941 4.1765
4.8421 8.8947 4.2105 2.9412 2.5882 4.4118
5.2105 8.0000 8.6316 1.8235 2.3529 8.5882
3.1579 8.1579 6.4211 3.0588 1.5294 6.9412
4.7895 8.2105 8.7368 1.9412 2.3529 8.0000
6.0000 3.5789 4.5263 1.7647 6.0588 5.0588
5.2632 2.8947 3.5789 1.4118 6.0588 5.2353
7.5789 2.6842 4.6316 2.1765 4.2941 3.3529
5.7895 3.3684 3.7895 1.8824 5.0000 6.1765
7.1579 1.7895 2.0000 1.8235 6.6471 7.1176
4.3684 3.3158 3.8421 1.4706 5.5294 6.7647
5.2105 3.3158 4.0000 1.7059 4.9412 7.1176
4.5263 2.7895 4.1053 1.2941 5.7059 6.4118
7.2105 1.8947 2.4737 6.1176 8.2941 1.2353
8.5263 3.7895 4.6316 5.8824 5.0000 1.3529
7.3684 2.4737 3.7368 6.2353 7.0588 5.1765
8.5263 2.2105 1.7895 6.8235 6.7647 1.2353
8.7895 3.7895 6.7368 7.1765 3.8235 2.8824
7.6842 7.7368 8.7368 6.4118 3.2353 1.7059
8.4737 7.7895 8.5789 5.8235 3.7059 1.2353
6.6316 5.7895 6.3684 7.7647 3.8824 4.0588
5.3684 4.2632 4.4737 1.7059 7.1176 8.2941
5.7368 3.1053 3.7895 1.7647 5.8235 8.8235
5.7368 4.2105 4.6842 1.4118 5.6471 8.2941
4.3158 4.1579 4.6316 1.3529 6.1176 6.7647
4.4211 3.3158 3.6842 1.3529 4.9412 5.3529
5.0526 2.7368 3.6316 2.0000 5.4706 5.2353
4.8421 3.3684 3.6316 1.5882 4.8824 3.6471
3.2105 2.6316 4.3684 1.6471 4.5882 4.0000
