   11   36    3    1    3    3
   11   36   18    2    6    2
   11   36   70    6   10    7
   11   36   67    6    7    5
   11   36   60    5   12    3
   11   36  112   10    4    3
   11   36   62    6    2    7
   11   36   11    1   11    7
   11   36   36    3   12    9
   11   36   68    6    8    3
   11   36  113   10    5    8
   11   36  114   10    6    9
   11   36   51    5    3    7
   11   36   16    2    4    6
   11   36   88    8    4    7
   11   36  104    9    8    7
   11   36   37    4    1    7
   11   36   87    8    3    7
   11   36   77    7    5    4
   11   36    6    1    6    6
   11   36   34    3   10    2
   11   36   95    8   11    5
   11   36   75    7    3    4
   11   36   35    3   11    2
   11   36   64    6    4    3
   11   36   59    5   11    2
   11   36   46    4   10    4
   11   36  120   10   12    5
   11   36   17    2    5    7
   11   36  100    9    4    2
   11   36  118   10   10    4
   11   36   57    5    9    2
   11   36  117   10    9    4
   11   36    8    1    8    7
   11   36   61    6    1    6
   11   36  105    9    9    2
   11   36   81    7    9    5
   11   36   92    8    8    6
   11   36   98    9    2    3
   11   36   97    9    1    3
   11   36   41    4    5    4
   11   36  106    9   10    2
   11   36   52    5    4    4
   11   36   32    3    8    5
   11   36   53    5    5    5
   11   36   40    4    4    3
   11   36   58    5   10    2
   11   36   31    3    7    5
   11   36   96    8   12    8
   11   36    4    1    4    4
   11   36   48    4   12    5
   11   36   71    6   11    3
   11   36   78    7    6    5
   11   36    2    1    2    3
   11   36   86    8    2    8
   11   36   84    7   12    5
   11   36   21    2    9    5
   11   36   69    6    9    3
   11   36  108    9   12    2
   11   36  116   10    8    7
   11   36   43    4    7    7
   11   36   56    5    8    4
   11   36   93    8    9    3
   11   36   94    8   10    9
   11   36  103    9    7    7
   11   36   42    4    6    5
   11   36   79    7    7    3
   11   36  109   10    1    2
   11   36   50    5    2    7
   11   36   82    7   10    5
   11   36   85    8    1    8
   11   36   28    3    4    3
   11   36  107    9   11    8
   11   36    7    1    7    5
   11   36   65    6    5    3
   11   36   83    7   11    5
   11   36   45    4    9    5
   11   36   90    8    6    8
   11   36   26    3    2    4
   11   36   30    3    6    3
   11   36   20    2    8    4
   11   36   55    5    7    5
   11   36   44    4    8    5
   11   36   19    2    7    4
   11   36   38    4    2    3
   11   36   54    5    6    5
   11   36   66    6    6    6
   11   36   25    3    1    6
   11   36  110   10    2    2
   11   36   33    3    9    8
   11   36   15    2    3    4
   11   36  102    9    6    7
   11   36   47    4   11    5
   11   36  119   10   11    4
   11   36   23    2   11    5
   11   36   14    2    2    5
   11   36   73    7    1    6
   11   36   24    2   12    5
   11   36   13    2    1    7
   11   36    1    1    1    4
   11   36   99    9    3    2
   11   36    5    1    5    5
   11   36   12    1   12    3
   11   36   29    3    5    6
   11   36  101    9    5    7
   11   36   76    7    4    3
   11   36   49    5    1    7
   11   36    9    1    9    3
   11   36   80    7    8    5
   11   36   74    7    2    5
   11   36  111   10    3    1
   11   36   22    2   10    5
   11   36   91    8    7    8
   11   36  115   10    7    9
   11   36   63    6    3    3
   11   36   72    6   12    8
   11   36   39    4    3    3
   11   36   10    1   10    3
   11   36   27    3    3    3
   11   36   89    8    5    8
    5   36   48    4   12    9
    5   36   60    5   12    2
    5   36   47    4   11    4
    5   36   51    5    3    2
    5   36   93    8    9    1
    5   36   31    3    7    8
    5   36   32    3    8    3
    5   36  106    9   10    5
    5   36   26    3    2    4
    5   36   13    2    1    2
    5   36  105    9    9    5
    5   36   55    5    7    2
    5   36   25    3    1    2
    5   36  115   10    7    2
    5   36  108    9   12    5
    5   36   17    2    5    2
    5   36    2    1    2    2
    5   36   39    4    3    2
    5   36   40    4    4    2
    5   36   69    6    9    4
    5   36    5    1    5    4
    5   36   19    2    7    2
    5   36  103    9    7    2
    5   36   66    6    6    2
    5   36   76    7    4    7
    5   36   35    3   11    2
    5   36   36    3   12    1
    5   36   62    6    2    3
    5   36   27    3    3    2
    5   36  119   10   11    2
    5   36  110   10    2    7
    5   36   94    8   10    5
    5   36   88    8    4    5
    5   36   91    8    7    6
    5   36   99    9    3    4
    5   36   56    5    8    7
    5   36   80    7    8    6
    5   36   68    6    8    3
    5   36   44    4    8    3
    5   36    3    1    3    3
    5   36   45    4    9    9
    5   36    7    1    7    2
    5   36   73    7    1    2
    5   36   28    3    4    4
    5   36   70    6   10    3
    5   36  118   10   10    3
    5   36   74    7    2    8
    5   36   95    8   11    6
    5   36   81    7    9    9
    5   36  120   10   12    3
    5   36  111   10    3    5
    5   36  117   10    9    3
    5   36   30    3    6    2
    5   36   16    2    4    3
    5   36   15    2    3    6
    5   36    1    1    1    3
    5   36   54    5    6    3
    5   36  113   10    5    3
    5   36   53    5    5    3
    5   36   42    4    6    7
    5   36    9    1    9    6
    5   36  102    9    6    2
    5   36    6    1    6    4
    5   36   82    7   10    8
    5   36   97    9    1    2
    5   36   52    5    4    4
    5   36   21    2    9    9
    5   36   90    8    6    8
    5   36  109   10    1    7
    5   36   50    5    2    3
    5   36   20    2    8    4
    5   36   87    8    3    3
    5   36   24    2   12    9
    5   36    8    1    8    4
    5   36  107    9   11    5
    5   36  101    9    5    3
    5   36   65    6    5    3
    5   36   89    8    5    7
    5   36   33    3    9    2
    5   36  114   10    6    2
    5   36   77    7    5    3
    5   36  104    9    8    3
    5   36   43    4    7    3
    5   36   23    2   11    9
    5   36   57    5    9    3
    5   36  100    9    4    2
    5   36   96    8   12    4
    5   36   75    7    3    6
    5   36   46    4   10    7
    5   36   63    6    3    4
    5   36    4    1    4    3
    5   36   79    7    7    3
    5   36   34    3   10    3
    5   36   49    5    1    3
    5   36  112   10    4    8
    5   36   64    6    4    3
    5   36   38    4    2    3
    5   36   78    7    6    3
    5   36   83    7   11    8
    5   36   92    8    8    7
    5   36   86    8    2    3
    5   36   85    8    1    6
    5   36   41    4    5    3
    5   36   12    1   12    3
    5   36   10    1   10    5
    5   36   58    5   10    3
    5   36   72    6   12    3
    5   36   14    2    2    7
    5   36   22    2   10    8
    5   36   59    5   11    3
    5   36  116   10    8    5
    5   36   61    6    1    3
    5   36   84    7   12    7
    5   36   37    4    1    3
    5   36   18    2    6    3
    5   36   29    3    5    7
    5   36   98    9    2    3
    5   36   71    6   11    3
    5   36   67    6    7    3
    5   36   11    1   11    3
    8   36   35    3   11    1
    8   36  111   10    3    4
    8   36  103    9    7    7
    8   36  109   10    1    3
    8   36  116   10    8    7
    8   36  104    9    8    6
    8   36   39    4    3    3
    8   36   45    4    9    3
    8   36   92    8    8    3
    8   36   94    8   10    3
    8   36   17    2    5    2
    8   36   34    3   10    8
    8   36   10    1   10    3
    8   36   21    2    9    5
    8   36  107    9   11    5
    8   36   66    6    6    8
    8   36   97    9    1    8
    8   36   54    5    6    3
    8   36   90    8    6    4
    8   36   14    2    2    3
    8   36   29    3    5    5
    8   36   78    7    6    4
    8   36   19    2    7    5
    8   36   40    4    4    2
    8   36  105    9    9    8
    8   36  117   10    9    3
    8   36  102    9    6    3
    8   36    2    1    2    3
    8   36   67    6    7    8
    8   36   25    3    1    2
    8   36   20    2    8    3
    8   36   76    7    4    5
    8   36   22    2   10    3
    8   36   86    8    2    3
    8   36   81    7    9    8
    8   36   70    6   10    4
    8   36   46    4   10    4
    8   36   30    3    6    3
    8   36    1    1    1    3
    8   36   38    4    2    3
    8   36    9    1    9    3
    8   36   13    2    1    3
    8   36   49    5    1    8
    8   36   53    5    5    8
    8   36  110   10    2    5
    8   36   44    4    8    4
    8   36  119   10   11    2
    8   36   11    1   11    5
    8   36   56    5    8    3
    8   36    7    1    7    3
    8   36   68    6    8    2
    8   36   32    3    8    2
    8   36   27    3    3    2
    8   36   57    5    9    4
    8   36   41    4    5    2
    8   36   71    6   11    4
    8   36   74    7    2    7
    8   36   58    5   10    3
    8   36   60    5   12    3
    8   36   73    7    1    2
    8   36    3    1    3    5
    8   36   85    8    1    5
    8   36   95    8   11    2
    8   36    8    1    8    2
    8   36   55    5    7    5
    8   36   69    6    9    2
    8   36   63    6    3    3
    8   36  106    9   10    8
    8   36   23    2   11    3
    8   36  118   10   10    3
    8   36   26    3    2    2
    8   36   18    2    6    4
    8   36   28    3    4    5
    8   36   33    3    9    3
    8   36   83    7   11    3
    8   36   64    6    4    4
    8   36  108    9   12    7
    8   36   52    5    4    8
    8   36  120   10   12    5
    8   36   96    8   12    3
    8   36   75    7    3    8
    8   36   42    4    6    5
    8   36   84    7   12    4
    8   36   87    8    3    3
    8   36  100    9    4    3
    8   36  114   10    6    7
    8   36   47    4   11    3
    8   36    6    1    6    3
    8   36  101    9    5    7
    8   36   88    8    4    3
    8   36   93    8    9    2
    8   36   79    7    7    3
    8   36   36    3   12    3
    8   36   98    9    2    3
    8   36   51    5    3    7
    8   36   31    3    7    4
    8   36   89    8    5    3
    8   36   24    2   12    3
    8   36   99    9    3    3
    8   36   61    6    1    5
    8   36   80    7    8    7
    8   36  113   10    5    7
    8   36  112   10    4    7
    8   36   62    6    2    4
    8   36   91    8    7    7
    8   36    5    1    5    3
    8   36   72    6   12    3
    8   36   37    4    1    3
    8   36   43    4    7    3
    8   36   16    2    4    3
    8   36   82    7   10    3
    8   36    4    1    4    5
    8   36   65    6    5    3
    8   36   15    2    3    3
    8   36   50    5    2    8
    8   36   77    7    5    8
    8   36   48    4   12    3
    8   36   12    1   12    3
    8   36   59    5   11    5
    8   36  115   10    7    3
