   11   34    4    1    4    4
   11   34   79    7    7    3
   11   34   29    3    5    6
   11   34  115   10    7    8
   11   34    7    1    7    7
   11   34   30    3    6    6
   11   34  108    9   12    1
   11   34   64    6    4    4
   11   34   51    5    3    7
   11   34   22    2   10    2
   11   34  116   10    8    8
   11   34   98    9    2    6
   11   34  104    9    8    7
   11   34   33    3    9    6
   11   34   95    8   11    8
   11   34   72    6   12    8
   11   34  114   10    6    8
   11   34   16    2    4    6
   11   34   84    7   12    2
   11   34   43    4    7    6
   11   34   13    2    1    6
   11   34   53    5    5    5
   11   34   65    6    5    4
   11   34   12    1   12    2
   11   34   75    7    3    4
   11   34   46    4   10    5
   11   34  118   10   10    6
   11   34   26    3    2    7
   11   34   87    8    3    7
   11   34   20    2    8    6
   11   34   94    8   10    9
   11   34   15    2    3    7
   11   34   11    1   11    7
   11   34    8    1    8    7
   11   34   32    3    8    5
   11   34   70    6   10    9
   11   34  102    9    6    7
   11   34   39    4    3    8
   11   34   82    7   10    5
   11   34   48    4   12    2
   11   34   69    6    9    4
   11   34   37    4    1    8
   11   34   47    4   11    4
   11   34  112   10    4    2
   11   34   68    6    8    4
   11   34  101    9    5    6
   11   34   88    8    4    8
   11   34  100    9    4    6
   11   34   42    4    6    2
   11   34   96    8   12    7
   11   34   57    5    9    1
   11   34   71    6   11    3
   11   34   90    8    6    6
   11   34   63    6    3    2
   11   34   36    3   12    8
   11   34   21    2    9    2
   11   34  103    9    7    7
   11   34  120   10   12    4
   11   34   25    3    1    3
   11   34   74    7    2    5
   11   34   45    4    9    5
   11   34  107    9   11    6
   11   34   58    5   10    2
   11   34   34    3   10    7
   11   34   80    7    8    5
   11   34   76    7    4    2
   11   34  106    9   10    1
   11   34   49    5    1    6
   11   34   56    5    8    5
   11   34   67    6    7    5
   11   34   83    7   11    5
   11   34  111   10    3    2
   11   34  119   10   11    5
   11   34    1    1    1    5
   11   34   27    3    3    7
   11   34   55    5    7    5
   11   34   99    9    3    3
   11   34   59    5   11    5
   11   34  117   10    9    3
   11   34  113   10    5    8
   11   34   40    4    4    1
   11   34   92    8    8    4
   11   34   86    8    2    8
   11   34   44    4    8    8
   11   34   28    3    4    3
   11   34   66    6    6    4
   11   34   78    7    6    4
   11   34   50    5    2    7
   11   34  109   10    1    3
   11   34   10    1   10    3
   11   34    3    1    3    3
   11   34   35    3   11    6
   11   34    6    1    6    7
   11   34   14    2    2    7
   11   34   73    7    1    7
   11   34   77    7    5    4
   11   34    9    1    9    6
   11   34   31    3    7    5
   11   34   93    8    9    5
   11   34    2    1    2    3
   11   34   19    2    7    3
   11   34  105    9    9    1
   11   34   97    9    1    3
   11   34   81    7    9    3
   11   34   61    6    1    3
   11   34   52    5    4    6
   11   34   17    2    5    7
   11   34   89    8    5    9
   11   34   38    4    2    3
   11   34   54    5    6    5
   11   34   85    8    1    7
   11   34   23    2   11    3
   11   34   41    4    5    6
   11   34    5    1    5    6
   11   34   62    6    2    6
   11   34  110   10    2    2
   11   34   18    2    6    3
   11   34   91    8    7    8
   11   34   24    2   12    3
   11   34   60    5   12    2
    8   34   57    5    9    9
    8   34  114   10    6    2
    8   34   85    8    1    2
    8   34   36    3   12    3
    8   34   37    4    1    5
    8   34   79    7    7    8
    8   34    7    1    7    4
    8   34  115   10    7    9
    8   34  116   10    8    7
    8   34   77    7    5    9
    8   34   76    7    4    2
    8   34  102    9    6    8
    8   34  101    9    5    8
    8   34   62    6    2    7
    8   34   40    4    4    3
    8   34   35    3   11    3
    8   34   38    4    2    2
    8   34  107    9   11    9
    8   34   55    5    7    8
    8   34    4    1    4    4
    8   34   24    2   12    1
    8   34   72    6   12    6
    8   34   69    6    9    6
    8   34   68    6    8    6
    8   34    6    1    6    1
    8   34   89    8    5    4
    8   34  105    9    9    7
    8   34   34    3   10    2
    8   34   27    3    3    1
    8   34  112   10    4    3
    8   34   44    4    8    3
    8   34   74    7    2    5
    8   34   42    4    6    7
    8   34   14    2    2    4
    8   34   96    8   12    2
    8   34   88    8    4    2
    8   34   18    2    6    3
    8   34   32    3    8    9
    8   34   29    3    5    4
    8   34    5    1    5    3
    8   34   71    6   11    9
    8   34   84    7   12    3
    8   34   25    3    1    4
    8   34   43    4    7    8
    8   34   21    2    9    7
    8   34   48    4   12    3
    8   34    9    1    9    5
    8   34   45    4    9    6
    8   34   26    3    2    3
    8   34   47    4   11    3
    8   34   50    5    2    8
    8   34   90    8    6    2
    8   34   83    7   11    7
    8   34   92    8    8    3
    8   34   98    9    2    8
    8   34    8    1    8    7
    8   34   23    2   11    1
    8   34   70    6   10    5
    8   34   52    5    4    5
    8   34   17    2    5    5
    8   34   28    3    4    5
    8   34   86    8    2    6
    8   34  100    9    4    6
    8   34   49    5    1    6
    8   34   99    9    3    4
    8   34   81    7    9    2
    8   34    2    1    2    2
    8   34   20    2    8    2
    8   34   56    5    8    6
    8   34    3    1    3    4
    8   34   61    6    1    5
    8   34  110   10    2    1
    8   34   82    7   10    4
    8   34   78    7    6    6
    8   34   80    7    8    6
    8   34   58    5   10    4
    8   34  117   10    9    3
    8   34    1    1    1    3
    8   34   11    1   11    6
    8   34   65    6    5    4
    8   34   60    5   12    4
    8   34  111   10    3    1
    8   34   94    8   10    1
    8   34   16    2    4    6
    8   34   54    5    6    6
    8   34  119   10   11    6
    8   34  103    9    7    3
    8   34   46    4   10    2
    8   34   91    8    7    2
    8   34   39    4    3    1
    8   34   93    8    9    8
    8   34   31    3    7    3
    8   34  109   10    1    1
    8   34   73    7    1    6
    8   34  113   10    5    6
    8   34  104    9    8    3
    8   34   13    2    1    4
    8   34  106    9   10    1
    8   34   95    8   11    1
    8   34   19    2    7    8
    8   34   97    9    1    5
    8   34  108    9   12    3
    8   34   87    8    3    3
    8   34   66    6    6    2
    8   34  120   10   12    3
    8   34   75    7    3    3
    8   34   12    1   12    2
    8   34   15    2    3    2
    8   34   63    6    3    1
    8   34   33    3    9    5
    8   34  118   10   10    6
    8   34   51    5    3    6
    8   34   59    5   11    6
    8   34   22    2   10    2
    8   34   53    5    5    6
    8   34   64    6    4    6
    8   34   41    4    5    7
    8   34   67    6    7    7
    8   34   10    1   10    7
    8   34   30    3    6    8
    5   34   15    2    3    3
    5   34    2    1    2    2
    5   34   33    3    9    1
    5   34   45    4    9    9
    5   34  107    9   11    5
    5   34   84    7   12    7
    5   34  118   10   10    1
    5   34   34    3   10    1
    5   34   69    6    9    4
    5   34   50    5    2    4
    5   34   51    5    3    3
    5   34  109   10    1    9
    5   34   17    2    5    7
    5   34   55    5    7    2
    5   34   76    7    4    8
    5   34  115   10    7    1
    5   34   89    8    5    3
    5   34   78    7    6    1
    5   34   49    5    1    4
    5   34   48    4   12    9
    5   34   14    2    2    3
    5   34   80    7    8    1
    5   34  101    9    5    1
    5   34   53    5    5    4
    5   34   38    4    2    4
    5   34   62    6    2    4
    5   34   79    7    7    1
    5   34  119   10   11    1
    5   34   86    8    2    1
    5   34   82    7   10    6
    5   34   96    8   12    3
    5   34    9    1    9    4
    5   34   60    5   12    4
    5   34   61    6    1    2
    5   34   21    2    9    9
    5   34   70    6   10    3
    5   34   98    9    2    1
    5   34   16    2    4    1
    5   34   85    8    1    4
    5   34   57    5    9    4
    5   34   81    7    9    9
    5   34  120   10   12    1
    5   34   56    5    8    4
    5   34  104    9    8    1
    5   34    6    1    6    2
    5   34    1    1    1    3
    5   34   23    2   11    7
    5   34  111   10    3    5
    5   34   88    8    4    3
    5   34   41    4    5    3
    5   34   83    7   11    7
    5   34   19    2    7    4
    5   34   30    3    6    3
    5   34   91    8    7    6
    5   34   58    5   10    5
    5   34  112   10    4    8
    5   34   29    3    5    7
    5   34   12    1   12    3
    5   34   47    4   11    7
    5   34  116   10    8    1
    5   34   42    4    6    1
    5   34   95    8   11    4
    5   34    7    1    7    1
    5   34  117   10    9    1
    5   34   22    2   10    7
    5   34   67    6    7    3
    5   34   32    3    8    4
    5   34   64    6    4    3
    5   34   35    3   11    1
    5   34   37    4    1    3
    5   34  105    9    9    5
    5   34   65    6    5    4
    5   34   43    4    7    3
    5   34    8    1    8    1
    5   34   31    3    7    7
    5   34   36    3   12    1
    5   34   44    4    8    3
    5   34   77    7    5    1
    5   34   39    4    3    6
    5   34   68    6    8    4
    5   34   63    6    3    2
    5   34   73    7    1    4
    5   34  108    9   12    6
    5   34   46    4   10    8
    5   34   20    2    8    3
    5   34  110   10    2    5
    5   34   11    1   11    4
    5   34    5    1    5    3
    5   34   24    2   12    6
    5   34   25    3    1    4
    5   34   71    6   11    1
    5   34   52    5    4    4
    5   34   72    6   12    4
    5   34   18    2    6    3
    5   34  106    9   10    5
    5   34  100    9    4    2
    5   34   66    6    6    6
    5   34   59    5   11    4
    5   34   94    8   10    2
    5   34   26    3    2    7
    5   34   92    8    8    6
    5   34   40    4    4    1
    5   34   97    9    1    3
    5   34  113   10    5    1
    5   34    3    1    3    3
    5   34    4    1    4    4
    5   34   13    2    1    2
    5   34   54    5    6    2
    5   34   27    3    3    3
    5   34   10    1   10    2
    5   34  114   10    6    1
    5   34  103    9    7    1
    5   34   90    8    6    6
    5   34   87    8    3    2
    5   34  102    9    6    1
    5   34   74    7    2    7
    5   34   28    3    4    6
    5   34   93    8    9    4
    5   34   75    7    3    4
    5   34   99    9    3    3
