    5   24   66    6    6    3
    5   24   73    7    1    5
    5   24   13    2    1    2
    5   24   88    8    4    2
    5   24  120   10   12    1
    5   24   17    2    5    5
    5   24   14    2    2    3
    5   24   41    4    5    2
    5   24  104    9    8    1
    5   24   59    5   11    3
    5   24   38    4    2    1
    5   24   62    6    2    7
    5   24   25    3    1    3
    5   24   95    8   11    3
    5   24   86    8    2    3
    5   24   74    7    2    7
    5   24   26    3    2    5
    5   24   55    5    7    4
    5   24    6    1    6    2
    5   24   96    8   12    3
    5   24   72    6   12    5
    5   24   85    8    1    5
    5   24   64    6    4    4
    5   24   43    4    7    3
    5   24   16    2    4    2
    5   24   32    3    8    6
    5   24    5    1    5    2
    5   24   83    7   11    4
    5   24   78    7    6    2
    5   24  113   10    5    2
    5   24    1    1    1    6
    5   24   45    4    9    9
    5   24   71    6   11    3
    5   24    3    1    3    6
    5   24   42    4    6    2
    5   24   52    5    4    2
    5   24   57    5    9    5
    5   24   79    7    7    2
    5   24   22    2   10    7
    5   24   69    6    9    3
    5   24   18    2    6    2
    5   24   75    7    3    2
    5   24    9    1    9    4
    5   24   20    2    8    6
    5   24   87    8    3    4
    5   24   40    4    4    2
    5   24   19    2    7    5
    5   24   34    3   10    1
    5   24   33    3    9    1
    5   24   92    8    8    7
    5   24   80    7    8    2
    5   24   29    3    5    7
    5   24   46    4   10    8
    5   24   93    8    9    3
    5   24  102    9    6    2
    5   24  107    9   11    8
    5   24   89    8    5    7
    5   24  103    9    7    2
    5   24   49    5    1    4
    5   24  112   10    4    8
    5   24   67    6    7    5
    5   24   51    5    3    2
    5   24   24    2   12    8
    5   24   15    2    3    2
    5   24   76    7    4    9
    5   24   35    3   11    1
    5   24   77    7    5    2
    5   24  114   10    6    2
    5   24  108    9   12    5
    5   24  100    9    4    3
    5   24   54    5    6    4
    5   24   82    7   10    8
    5   24   36    3   12    1
    5   24  111   10    3    7
    5   24   65    6    5    6
    5   24   48    4   12    9
    5   24   84    7   12    7
    5   24   23    2   11    7
    5   24  110   10    2    7
    5   24   11    1   11    4
    5   24   60    5   12    3
    5   24   97    9    1    2
    5   24   10    1   10    4
    5   24  106    9   10    5
    5   24   12    1   12    4
    5   24   61    6    1    4
    5   24  116   10    8    1
    5   24   47    4   11    8
    5   24   56    5    8    6
    5   24   28    3    4    3
    5   24  101    9    5    1
    5   24   58    5   10    4
    5   24  115   10    7    1
    5   24   44    4    8    2
    5   24  118   10   10    2
    5   24   21    2    9    9
    5   24   94    8   10    1
    5   24   50    5    2    4
    5   24   30    3    6    4
    5   24  119   10   11    2
    5   24    7    1    7    1
    5   24   98    9    2    2
    5   24    8    1    8    1
    5   24   68    6    8    5
    5   24  105    9    9    6
    5   24    4    1    4    6
    5   24   70    6   10    4
    5   24   90    8    6    6
    5   24   39    4    3    1
    5   24   31    3    7    7
    5   24   81    7    9    8
    5   24  109   10    1    7
    5   24    2    1    2    4
    5   24   63    6    3    2
    5   24  117   10    9    1
    5   24   53    5    5    4
    5   24   27    3    3    6
    5   24   37    4    1    2
    5   24   99    9    3    2
    5   24   91    8    7    7
    8   24   28    3    4    5
    8   24   95    8   11    1
    8   24    9    1    9    6
    8   24   70    6   10    7
    8   24   65    6    5    6
    8   24   78    7    6    5
    8   24  102    9    6    6
    8   24   42    4    6    8
    8   24   85    8    1    1
    8   24   72    6   12    7
    8   24   71    6   11    7
    8   24  115   10    7    5
    8   24   92    8    8    5
    8   24  120   10   12    5
    8   24   82    7   10    5
    8   24    6    1    6    6
    8   24   34    3   10    6
    8   24   44    4    8    6
    8   24   58    5   10    5
    8   24   25    3    1    3
    8   24   55    5    7    5
    8   24   17    2    5    3
    8   24   50    5    2    8
    8   24   45    4    9    5
    8   24   11    1   11    7
    8   24    5    1    5    6
    8   24   20    2    8    8
    8   24   38    4    2    4
    8   24   24    2   12    5
    8   24   90    8    6    6
    8   24   73    7    1    4
    8   24  113   10    5    4
    8   24   68    6    8    5
    8   24   69    6    9    6
    8   24  117   10    9    6
    8   24   54    5    6    5
    8   24   41    4    5    7
    8   24   63    6    3    2
    8   24   87    8    3    1
    8   24   76    7    4    6
    8   24  108    9   12    5
    8   24   40    4    4    6
    8   24   48    4   12    5
    8   24   62    6    2    3
    8   24   56    5    8    3
    8   24   21    2    9    5
    8   24  104    9    8    5
    8   24  105    9    9    7
    8   24  118   10   10    5
    8   24   49    5    1    8
    8   24  116   10    8    5
    8   24   75    7    3    6
    8   24   77    7    5    6
    8   24  103    9    7    5
    8   24   14    2    2    7
    8   24   39    4    3    1
    8   24   53    5    5    6
    8   24   26    3    2    5
    8   24    7    1    7    6
    8   24   57    5    9    7
    8   24   36    3   12    5
    8   24  110   10    2    1
    8   24   46    4   10    5
    8   24   43    4    7    6
    8   24  107    9   11    6
    8   24  111   10    3    2
    8   24   80    7    8    5
    8   24   16    2    4    6
    8   24   89    8    5    6
    8   24   15    2    3    3
    8   24   74    7    2    5
    8   24   86    8    2    2
    8   24    2    1    2    1
    8   24   97    9    1    5
    8   24   32    3    8    2
    8   24   10    1   10    6
    8   24  106    9   10    7
    8   24  101    9    5    5
    8   24   81    7    9    5
    8   24  119   10   11    5
    8   24   98    9    2    6
    8   24    8    1    8    6
    8   24   83    7   11    5
    8   24  100    9    4    7
    8   24   91    8    7    6
    8   24   27    3    3    2
    8   24    3    1    3    1
    8   24  114   10    6    4
    8   24   33    3    9    3
    8   24   88    8    4    4
    8   24   18    2    6    3
    8   24  112   10    4    4
    8   24   96    8   12    1
    8   24   60    5   12    5
    8   24   67    6    7    5
    8   24   59    5   11    2
    8   24   19    2    7    6
    8   24   79    7    7    5
    8   24   94    8   10    2
    8   24   37    4    1    3
    8   24   66    6    6    4
    8   24   61    6    1    1
    8   24   47    4   11    5
    8   24   93    8    9    4
    8   24   23    2   11    5
    8   24   29    3    5    7
    8   24   52    5    4    8
    8   24   30    3    6    4
    8   24    4    1    4    7
    8   24   31    3    7    8
    8   24  109   10    1    3
    8   24   12    1   12    6
    8   24    1    1    1    4
    8   24   22    2   10    5
    8   24   35    3   11    3
    8   24   51    5    3    6
    8   24   13    2    1    3
    8   24   84    7   12    5
    8   24   64    6    4    1
    8   24   99    9    3    5
   11   24   78    7    6    2
   11   24   86    8    2    7
   11   24   17    2    5    8
   11   24  111   10    3    2
   11   24   87    8    3    8
   11   24   91    8    7    9
   11   24   20    2    8    6
   11   24   96    8   12    8
   11   24  120   10   12    4
   11   24    8    1    8    6
   11   24   18    2    6    3
   11   24  105    9    9    1
   11   24   14    2    2    7
   11   24  110   10    2    3
   11   24   84    7   12    1
   11   24   64    6    4    3
   11   24   46    4   10    3
   11   24  117   10    9    7
   11   24   75    7    3    7
   11   24   62    6    2    7
   11   24   28    3    4    4
   11   24   30    3    6    6
   11   24   71    6   11    3
   11   24   45    4    9    2
   11   24   41    4    5    7
   11   24   93    8    9    6
   11   24   99    9    3    6
   11   24   21    2    9    1
   11   24  116   10    8    8
   11   24   32    3    8    6
   11   24   36    3   12    8
   11   24    1    1    1    6
   11   24   61    6    1    4
   11   24  118   10   10    5
   11   24  114   10    6    8
   11   24   38    4    2    4
   11   24   83    7   11    1
   11   24   92    8    8    3
   11   24   47    4   11    1
   11   24  106    9   10    1
   11   24   22    2   10    4
   11   24   25    3    1    7
   11   24   73    7    1    8
   11   24   76    7    4    6
   11   24   50    5    2    7
   11   24  101    9    5    7
   11   24  104    9    8    7
   11   24   52    5    4    8
   11   24   26    3    2    4
   11   24   55    5    7    5
   11   24   77    7    5    5
   11   24  109   10    1    3
   11   24    7    1    7    7
   11   24    9    1    9    7
   11   24  100    9    4    6
   11   24   48    4   12    1
   11   24    3    1    3    3
   11   24   15    2    3    7
   11   24  107    9   11    1
   11   24   94    8   10    8
   11   24    6    1    6    9
   11   24   58    5   10    1
   11   24   10    1   10    3
   11   24   16    2    4    8
   11   24   90    8    6    7
   11   24   56    5    8    5
   11   24   68    6    8    5
   11   24   37    4    1    7
   11   24   44    4    8    6
   11   24   42    4    6    8
   11   24   89    8    5    8
   11   24   79    7    7    5
   11   24   27    3    3    9
   11   24   33    3    9    7
   11   24   31    3    7    8
   11   24   65    6    5    5
   11   24   60    5   12    3
   11   24    4    1    4    4
   11   24   80    7    8    5
   11   24   40    4    4    6
   11   24   19    2    7    6
   11   24   97    9    1    8
   11   24  103    9    7    8
   11   24   39    4    3    9
   11   24   74    7    2    3
   11   24   81    7    9    1
   11   24  112   10    4    6
   11   24  102    9    6    9
   11   24   23    2   11    8
   11   24   24    2   12    2
   11   24   66    6    6    6
   11   24   57    5    9    2
   11   24   67    6    7    4
   11   24   85    8    1    7
   11   24   43    4    7    7
   11   24   49    5    1    7
   11   24   63    6    3    4
   11   24  113   10    5    9
   11   24   53    5    5    7
   11   24  108    9   12    1
   11   24    2    1    2    6
   11   24   12    1   12    4
   11   24   95    8   11    7
   11   24   69    6    9    6
   11   24   13    2    1    7
   11   24   72    6   12    6
   11   24   59    5   11    3
   11   24   29    3    5    4
   11   24   51    5    3    6
   11   24   70    6   10    6
   11   24   11    1   11    7
   11   24   34    3   10    9
   11   24    5    1    5    6
   11   24   98    9    2    6
   11   24  119   10   11    4
   11   24  115   10    7    7
   11   24   35    3   11    8
   11   24   88    8    4    9
   11   24   54    5    6    5
   11   24   82    7   10    1
