    4   15   78    7    6    3
    4   15   86    8    2    6
    4   15   69    6    9    3
    4   15   90    8    6    2
    4   15   93    8    9    3
    4   15   25    3    1    4
    4   15   17    2    5    3
    4   15   55    5    7    4
    4   15   94    8   10    8
    4   15   67    6    7    3
    4   15   75    7    3    7
    4   15   80    7    8    2
    4   15   45    4    9    1
    4   15   46    4   10    7
    4   15  111   10    3    9
    4   15   44    4    8    5
    4   15   41    4    5    5
    4   15  109   10    1    8
    4   15   95    8   11    3
    4   15   73    7    1    5
    4   15  106    9   10    2
    4   15   27    3    3    2
    4   15   58    5   10    3
    4   15   92    8    8    3
    4   15   23    2   11    1
    4   15   29    3    5    6
    4   15   22    2   10    1
    4   15   60    5   12    3
    4   15   40    4    4    3
    4   15   70    6   10    2
    4   15   21    2    9    1
    4   15    7    1    7    3
    4   15   33    3    9    3
    4   15    2    1    2    4
    4   15   24    2   12    1
    4   15  114   10    6    4
    4   15   34    3   10    6
    4   15  120   10   12    3
    4   15   14    2    2    4
    4   15    4    1    4    4
    4   15   74    7    2    2
    4   15   88    8    4    9
    4   15   52    5    4    3
    4   15   54    5    6    2
    4   15    6    1    6    7
    4   15   65    6    5    6
    4   15   91    8    7    6
    4   15   87    8    3    6
    4   15   63    6    3    2
    4   15  103    9    7    3
    4   15   51    5    3    3
    4   15  112   10    4    7
    4   15    1    1    1    3
    4   15   50    5    2    4
    4   15   56    5    8    4
    4   15   57    5    9    2
    4   15   59    5   11    6
    4   15   37    4    1    5
    4   15   84    7   12    8
    4   15   96    8   12    9
    4   15   76    7    4    7
    4   15   10    1   10    6
    4   15  110   10    2    9
    4   15  118   10   10    3
    4   15  115   10    7    2
    4   15  105    9    9    1
    4   15   18    2    6    7
    4   15  113   10    5    3
    4   15   48    4   12    6
    4   15   64    6    4    5
    4   15   15    2    3    6
    4   15    3    1    3    4
    4   15   11    1   11    3
    4   15  117   10    9    3
    4   15   53    5    5    4
    4   15    9    1    9    6
    4   15   99    9    3    4
    4   15   97    9    1    5
    4   15   30    3    6    4
    4   15   82    7   10    4
    4   15   98    9    2    3
    4   15   85    8    1    7
    4   15   39    4    3    5
    4   15   62    6    2    4
    4   15   19    2    7    6
    4   15  101    9    5    2
    4   15  100    9    4    3
    4   15   72    6   12    3
    4   15   77    7    5    2
    4   15   79    7    7    2
    4   15   49    5    1    3
    4   15   66    6    6    4
    4   15   32    3    8    8
    4   15   43    4    7    3
    4   15   38    4    2    3
    4   15   16    2    4    4
    4   15   20    2    8    9
    4   15  102    9    6    3
    4   15   28    3    4    9
    4   15   71    6   11    2
    4   15   31    3    7    8
    4   15    5    1    5    4
    4   15  104    9    8    4
    4   15   83    7   11    3
    4   15   68    6    8    3
    4   15  119   10   11    4
    4   15  108    9   12    1
    4   15   26    3    2    6
    4   15   81    7    9    6
    4   15  107    9   11    3
    4   15   35    3   11    4
    4   15   61    6    1    4
    4   15   36    3   12    7
    4   15   47    4   11    6
    4   15   12    1   12    4
    4   15   89    8    5    1
    4   15   42    4    6    3
    4   15    8    1    8    4
    4   15  116   10    8    5
    4   15   13    2    1    6
    2   15   18    2    6    6
    2   15   45    4    9    2
    2   15   76    7    4    2
    2   15  105    9    9    2
    2   15   71    6   11    6
    2   15   46    4   10    3
    2   15   22    2   10    1
    2   15  104    9    8    2
    2   15   81    7    9    1
    2   15  113   10    5    7
    2   15   65    6    5    2
    2   15    5    1    5    7
    2   15   28    3    4    9
    2   15  119   10   11    3
    2   15   80    7    8    3
    2   15   26    3    2    8
    2   15  108    9   12    1
    2   15   37    4    1    7
    2   15   48    4   12    1
    2   15   93    8    9    9
    2   15   77    7    5    1
    2   15   17    2    5    7
    2   15    6    1    6    3
    2   15  116   10    8    4
    2   15   30    3    6    3
    2   15   94    8   10    7
    2   15   49    5    1    4
    2   15   23    2   11    8
    2   15   15    2    3    5
    2   15   52    5    4    3
    2   15   75    7    3    6
    2   15   91    8    7    1
    2   15   14    2    2    5
    2   15  100    9    4    2
    2   15   83    7   11    1
    2   15   63    6    3    6
    2   15   41    4    5    5
    2   15   67    6    7    2
    2   15  115   10    7    2
    2   15   61    6    1    7
    2   15   87    8    3    9
    2   15   12    1   12    7
    2   15   29    3    5    3
    2   15   25    3    1    7
    2   15   24    2   12    1
    2   15   27    3    3    8
    2   15  107    9   11    1
    2   15   59    5   11    2
    2   15   53    5    5    6
    2   15   35    3   11    2
    2   15  103    9    7    1
    2   15   84    7   12    4
    2   15   57    5    9    3
    2   15   55    5    7    2
    2   15   32    3    8    6
    2   15   21    2    9    1
    2   15  109   10    1    1
    2   15   36    3   12    3
    2   15    9    1    9    6
    2   15   42    4    6    4
    2   15  117   10    9    3
    2   15   98    9    2    2
    2   15    3    1    3    7
    2   15   40    4    4    4
    2   15   60    5   12    2
    2   15   78    7    6    2
    2   15   54    5    6    3
    2   15   89    8    5    1
    2   15   31    3    7    7
    2   15   11    1   11    5
    2   15  111   10    3    9
    2   15  118   10   10    2
    2   15   34    3   10    4
    2   15  120   10   12    2
    2   15  101    9    5    1
    2   15   50    5    2    5
    2   15   13    2    1    6
    2   15   97    9    1    3
    2   15   38    4    2    7
    2   15   79    7    7    2
    2   15   39    4    3    7
    2   15   64    6    4    7
    2   15   58    5   10    2
    2   15    2    1    2    7
    2   15   82    7   10    1
    2   15  102    9    6    2
    2   15  112   10    4    8
    2   15   56    5    8    4
    2   15   90    8    6    3
    2   15   95    8   11    9
    2   15   72    6   12    4
    2   15  110   10    2    9
    2   15   20    2    8    6
    2   15   85    8    1    9
    2   15   66    6    6    2
    2   15   74    7    2    1
    2   15   19    2    7    7
    2   15   10    1   10    8
    2   15   47    4   11    3
    2   15  114   10    6    1
    2   15    7    1    7    7
    2   15   16    2    4    4
    2   15   51    5    3    5
    2   15   88    8    4    9
    2   15  106    9   10    9
    2   15    8    1    8    4
    2   15   69    6    9    4
    2   15   68    6    8    6
    2   15   43    4    7    2
    2   15   92    8    8    9
    2   15   33    3    9    6
    2   15   99    9    3    2
    2   15   44    4    8    5
    2   15   70    6   10    5
    2   15    1    1    1    7
    2   15   86    8    2    8
    2   15   96    8   12    8
    2   15   62    6    2    8
    2   15   73    7    1    5
    2   15    4    1    4    7
    1   15   89    8    5    7
    1   15   87    8    3    4
    1   15   38    4    2    6
    1   15   55    5    7    3
    1   15   67    6    7    2
    1   15  104    9    8    5
    1   15  107    9   11    7
    1   15   47    4   11    1
    1   15   27    3    3    6
    1   15    5    1    5    2
    1   15   77    7    5    5
    1   15    2    1    2    6
    1   15   48    4   12    2
    1   15   53    5    5    2
    1   15   74    7    2    3
    1   15   73    7    1    3
    1   15   37    4    1    4
    1   15   66    6    6    3
    1   15   63    6    3    6
    1   15   84    7   12    1
    1   15   59    5   11    7
    1   15    8    1    8    3
    1   15  120   10   12    2
    1   15   61    6    1    4
    1   15   31    3    7    6
    1   15    1    1    1    4
    1   15   36    3   12    4
    1   15   78    7    6    5
    1   15   11    1   11    6
    1   15   99    9    3    8
    1   15   88    8    4    7
    1   15   97    9    1    6
    1   15   25    3    1    9
    1   15   32    3    8    3
    1   15   34    3   10    6
    1   15  117   10    9    6
    1   15   52    5    4    4
    1   15   17    2    5    6
    1   15   75    7    3    5
    1   15   98    9    2    6
    1   15   64    6    4    4
    1   15  105    9    9    8
    1   15  103    9    7    6
    1   15  109   10    1    9
    1   15  118   10   10    4
    1   15   24    2   12    1
    1   15   51    5    3    4
    1   15   49    5    1    6
    1   15   76    7    4    6
    1   15   29    3    5    6
    1   15   86    8    2    4
    1   15  100    9    4    7
    1   15    3    1    3    3
    1   15   26    3    2    3
    1   15   42    4    6    2
    1   15   68    6    8    8
    1   15   54    5    6    5
    1   15   91    8    7    4
    1   15  116   10    8    4
    1   15   12    1   12    6
    1   15  114   10    6    6
    1   15  101    9    5    8
    1   15   69    6    9    8
    1   15   80    7    8    5
    1   15   39    4    3    8
    1   15   21    2    9    1
    1   15   62    6    2    6
    1   15   44    4    8    3
    1   15    4    1    4    6
    1   15   90    8    6    7
    1   15  112   10    4    8
    1   15  113   10    5    7
    1   15    9    1    9    7
    1   15   50    5    2    7
    1   15  111   10    3    9
    1   15   41    4    5    2
    1   15   58    5   10    9
    1   15   23    2   11    2
    1   15  115   10    7    7
    1   15   60    5   12    7
    1   15   30    3    6    7
    1   15   28    3    4    8
    1   15   85    8    1    4
    1   15  110   10    2    9
    1   15   22    2   10    1
    1   15   93    8    9    5
    1   15   15    2    3    4
    1   15   72    6   12    4
    1   15   57    5    9    9
    1   15   43    4    7    3
    1   15   10    1   10    6
    1   15   20    2    8    4
    1   15   35    3   11    6
    1   15   96    8   12    4
    1   15  108    9   12    9
    1   15   79    7    7    5
    1   15   83    7   11    2
    1   15   56    5    8    3
    1   15   16    2    4    1
    1   15   71    6   11    6
    1   15   92    8    8    4
    1   15   65    6    5    6
    1   15   40    4    4    7
    1   15   70    6   10    7
    1   15   94    8   10    6
    1   15    6    1    6    2
    1   15    7    1    7    2
    1   15   14    2    2    2
    1   15  106    9   10    9
    1   15   46    4   10    3
    1   15  119   10   11    3
    1   15   95    8   11    4
    1   15   45    4    9    3
    1   15   13    2    1    3
    1   15   18    2    6    9
    1   15   19    2    7    8
    1   15  102    9    6    5
    1   15   33    3    9    8
    1   15   82    7   10    1
    1   15   81    7    9    1
