    5   32   90    8    6    3
    5   32   97    9    1    2
    5   32   91    8    7    1
    5   32   42    4    6    3
    5   32  111   10    3    5
    5   32   85    8    1    1
    5   32   73    7    1    4
    5   32   82    7   10    3
    5   32   57    5    9    2
    5   32  104    9    8    1
    5   32   35    3   11    1
    5   32   17    2    5    2
    5   32   65    6    5    1
    5   32   78    7    6    1
    5   32   25    3    1    2
    5   32   84    7   12    2
    5   32   15    2    3    1
    5   32   21    2    9    4
    5   32   41    4    5    3
    5   32   98    9    2    1
    5   32   88    8    4    1
    5   32   52    5    4    2
    5   32   32    3    8    4
    5   32   94    8   10    2
    5   32   71    6   11    1
    5   32  110   10    2    4
    5   32   59    5   11    3
    5   32   29    3    5    3
    5   32    3    1    3    1
    5   32   48    4   12    9
    5   32   86    8    2    4
    5   32    5    1    5    3
    5   32   81    7    9    8
    5   32   27    3    3    4
    5   32   26    3    2    7
    5   32   60    5   12    2
    5   32    7    1    7    2
    5   32  116   10    8    2
    5   32  105    9    9    8
    5   32   76    7    4    9
    5   32  103    9    7    3
    5   32   77    7    5    2
    5   32    8    1    8    2
    5   32   47    4   11    7
    5   32   43    4    7    2
    5   32   83    7   11    7
    5   32   30    3    6    6
    5   32   75    7    3    5
    5   32   11    1   11    2
    5   32   79    7    7    5
    5   32   16    2    4    3
    5   32    4    1    4    6
    5   32   96    8   12    3
    5   32   31    3    7    4
    5   32   46    4   10    8
    5   32    1    1    1    3
    5   32  101    9    5    2
    5   32   20    2    8    3
    5   32  115   10    7    2
    5   32  106    9   10    5
    5   32   55    5    7    3
    5   32   54    5    6    3
    5   32  102    9    6    2
    5   32   24    2   12    9
    5   32   61    6    1    2
    5   32   95    8   11    4
    5   32   39    4    3    5
    5   32  117   10    9    3
    5   32   53    5    5    7
    5   32   74    7    2    8
    5   32   10    1   10    5
    5   32   69    6    9    4
    5   32   51    5    3    3
    5   32   37    4    1    5
    5   32  118   10   10    4
    5   32   12    1   12    6
    5   32   22    2   10    9
    5   32   45    4    9    9
    5   32   80    7    8    5
    5   32  113   10    5    4
    5   32   87    8    3    3
    5   32  100    9    4    3
    5   32   49    5    1    2
    5   32   19    2    7    3
    5   32   63    6    3    3
    5   32   18    2    6    4
    5   32  109   10    1    6
    5   32   34    3   10    4
    5   32   38    4    2    3
    5   32  114   10    6    4
    5   32   44    4    8    4
    5   32   72    6   12    3
    5   32  119   10   11    3
    5   32   56    5    8    4
    5   32   68    6    8    4
    5   32   89    8    5    7
    5   32    2    1    2    5
    5   32   64    6    4    4
    5   32   62    6    2    4
    5   32  120   10   12    6
    5   32  107    9   11    7
    5   32   28    3    4    6
    5   32   13    2    1    4
    5   32   23    2   11    8
    5   32   99    9    3    6
    5   32   92    8    8    7
    5   32   70    6   10    6
    5   32   66    6    6    7
    5   32   67    6    7    5
    5   32   58    5   10    8
    5   32    6    1    6    4
    5   32   93    8    9    6
    5   32   36    3   12    3
    5   32   50    5    2    4
    5   32    9    1    9    5
    5   32   14    2    2    3
    5   32  108    9   12    8
    5   32   33    3    9    3
    5   32  112   10    4    6
    5   32   40    4    4    4
    8   32  118   10   10    6
    8   32   35    3   11    4
    8   32   37    4    1    5
    8   32  104    9    8    4
    8   32  105    9    9    8
    8   32  113   10    5    7
    8   32   60    5   12    6
    8   32   67    6    7    4
    8   32    7    1    7    3
    8   32   44    4    8    4
    8   32   23    2   11    7
    8   32   89    8    5    6
    8   32   45    4    9    7
    8   32  117   10    9    5
    8   32  110   10    2    2
    8   32   92    8    8    5
    8   32   39    4    3    6
    8   32   95    8   11    1
    8   32   83    7   11    8
    8   32  112   10    4    6
    8   32  100    9    4    6
    8   32   54    5    6    6
    8   32   56    5    8    7
    8   32   66    6    6    6
    8   32   57    5    9    8
    8   32    9    1    9    4
    8   32   34    3   10    4
    8   32   25    3    1    5
    8   32   75    7    3    4
    8   32   80    7    8    7
    8   32   63    6    3    6
    8   32   33    3    9    3
    8   32   86    8    2    5
    8   32   84    7   12    6
    8   32   20    2    8    4
    8   32   69    6    9    5
    8   32   17    2    5    6
    8   32    3    1    3    7
    8   32  106    9   10    6
    8   32   77    7    5    8
    8   32    1    1    1    6
    8   32   52    5    4    7
    8   32   91    8    7    6
    8   32   72    6   12    8
    8   32  107    9   11    8
    8   32   51    5    3    8
    8   32   48    4   12    7
    8   32   94    8   10    3
    8   32   10    1   10    5
    8   32   58    5   10    6
    8   32   40    4    4    7
    8   32   82    7   10    6
    8   32  111   10    3    5
    8   32   62    6    2    7
    8   32   53    5    5    6
    8   32  101    9    5    8
    8   32   73    7    1    4
    8   32  114   10    6    7
    8   32   78    7    6    7
    8   32   30    3    6    6
    8   32   88    8    4    2
    8   32   32    3    8    3
    8   32   29    3    5    5
    8   32   96    8   12    2
    8   32   41    4    5    6
    8   32   28    3    4    5
    8   32   50    5    2    9
    8   32   18    2    6    4
    8   32   68    6    8    3
    8   32   15    2    3    3
    8   32   97    9    1    8
    8   32    4    1    4    7
    8   32  115   10    7    5
    8   32  120   10   12    4
    8   32   87    8    3    3
    8   32   26    3    2    7
    8   32  102    9    6    6
    8   32   64    6    4    6
    8   32   61    6    1    4
    8   32    8    1    8    5
    8   32   31    3    7    3
    8   32   27    3    3    3
    8   32    5    1    5    5
    8   32   70    6   10    8
    8   32   11    1   11    7
    8   32   76    7    4    6
    8   32   74    7    2    5
    8   32   42    4    6    4
    8   32  108    9   12    7
    8   32   13    2    1    6
    8   32   90    8    6    5
    8   32   14    2    2    4
    8   32   59    5   11    4
    8   32   55    5    7    7
    8   32   79    7    7    8
    8   32  109   10    1    6
    8   32   38    4    2    5
    8   32   22    2   10    8
    8   32   71    6   11    8
    8   32  116   10    8    8
    8   32    2    1    2    5
    8   32   81    7    9    4
    8   32   12    1   12    5
    8   32    6    1    6    2
    8   32   21    2    9    6
    8   32   19    2    7    8
    8   32   24    2   12    7
    8   32   85    8    1    1
    8   32   47    4   11    3
    8   32   43    4    7    4
    8   32   16    2    4    6
    8   32  103    9    7    5
    8   32   46    4   10    5
    8   32   99    9    3    6
    8   32   65    6    5    6
    8   32   93    8    9    5
    8   32   49    5    1    4
    8   32   98    9    2    7
    8   32   36    3   12    2
    8   32  119   10   11    6
   11   32   47    4   11    4
   11   32   22    2   10    4
   11   32  103    9    7    8
   11   32    1    1    1    5
   11   32   66    6    6    3
   11   32   67    6    7    6
   11   32   51    5    3    7
   11   32   40    4    4    2
   11   32   56    5    8    4
   11   32   78    7    6    3
   11   32   16    2    4    6
   11   32   37    4    1    7
   11   32   35    3   11    8
   11   32   26    3    2    3
   11   32   24    2   12    6
   11   32   25    3    1    8
   11   32   55    5    7    4
   11   32   46    4   10    4
   11   32   20    2    8    2
   11   32   53    5    5    3
   11   32   27    3    3    3
   11   32  110   10    2    1
   11   32   63    6    3    3
   11   32  108    9   12    1
   11   32   15    2    3    6
   11   32   81    7    9    5
   11   32   99    9    3    4
   11   32   80    7    8    5
   11   32  111   10    3    1
   11   32   77    7    5    4
   11   32   92    8    8    5
   11   32   32    3    8    6
   11   32   89    8    5    9
   11   32   17    2    5    6
   11   32   62    6    2    4
   11   32   72    6   12    3
   11   32   74    7    2    5
   11   32  101    9    5    8
   11   32   31    3    7    6
   11   32   96    8   12    8
   11   32   30    3    6    4
   11   32   87    8    3    7
   11   32    6    1    6    6
   11   32    2    1    2    3
   11   32   76    7    4    4
   11   32   43    4    7    6
   11   32   11    1   11    5
   11   32   54    5    6    5
   11   32   18    2    6    4
   11   32  102    9    6    7
   11   32   97    9    1    6
   11   32  120   10   12    5
   11   32   45    4    9    5
   11   32   83    7   11    5
   11   32   79    7    7    4
   11   32   49    5    1    6
   11   32   23    2   11    5
   11   32   91    8    7    7
   11   32   41    4    5    6
   11   32  116   10    8    8
   11   32   10    1   10    3
   11   32  119   10   11    4
   11   32   52    5    4    6
   11   32   36    3   12    7
   11   32   82    7   10    5
   11   32   94    8   10    7
   11   32  105    9    9    2
   11   32   57    5    9    2
   11   32   90    8    6    6
   11   32    5    1    5    5
   11   32   14    2    2    4
   11   32  114   10    6    9
   11   32   12    1   12    4
   11   32    7    1    7    6
   11   32   50    5    2    7
   11   32   64    6    4    3
   11   32   93    8    9    4
   11   32  113   10    5    8
   11   32   73    7    1    7
   11   32   95    8   11    6
   11   32   28    3    4    4
   11   32   75    7    3    6
   11   32  107    9   11    1
   11   32   98    9    2    4
   11   32   59    5   11    6
   11   32  112   10    4    2
   11   32    3    1    3    3
   11   32  118   10   10    6
   11   32   71    6   11    6
   11   32   88    8    4    8
   11   32   65    6    5    6
   11   32   44    4    8    6
   11   32   69    6    9    4
   11   32   29    3    5    7
   11   32    9    1    9    4
   11   32   21    2    9    5
   11   32   60    5   12    3
   11   32   70    6   10    6
   11   32  115   10    7    8
   11   32  100    9    4    8
   11   32  106    9   10    1
   11   32  104    9    8    6
   11   32   84    7   12    5
   11   32   34    3   10    6
   11   32   39    4    3    3
   11   32   13    2    1    5
   11   32    4    1    4    5
   11   32   33    3    9    7
   11   32   48    4   12    5
   11   32  109   10    1    1
   11   32   58    5   10    2
   11   32  117   10    9    4
   11   32   61    6    1    5
   11   32   85    8    1    6
   11   32    8    1    8    6
   11   32   68    6    8    4
   11   32   38    4    2    6
   11   32   86    8    2    6
   11   32   42    4    6    5
   11   32   19    2    7    4
