    8    8   56    5    8    5
    8    8   16    2    4    7
    8    8   59    5   11    9
    8    8   73    7    1    4
    8    8   31    3    7    1
    8    8   45    4    9    6
    8    8   52    5    4    9
    8    8   17    2    5    3
    8    8   40    4    4    3
    8    8   92    8    8    1
    8    8   79    7    7    5
    8    8   21    2    9    4
    8    8   93    8    9    1
    8    8  103    9    7    2
    8    8   10    1   10    4
    8    8   11    1   11    4
    8    8   81    7    9    4
    8    8  100    9    4    5
    8    8   12    1   12    3
    8    8   63    6    3    1
    8    8  120   10   12    3
    8    8   35    3   11    2
    8    8   76    7    4    2
    8    8   36    3   12    2
    8    8   71    6   11    4
    8    8   53    5    5    7
    8    8   97    9    1    5
    8    8   34    3   10    2
    8    8   60    5   12    4
    8    8   37    4    1    1
    8    8  102    9    6    4
    8    8  111   10    3    1
    8    8   74    7    2    5
    8    8   51    5    3    8
    8    8   72    6   12    4
    8    8  108    9   12    8
    8    8   14    2    2    2
    8    8  109   10    1    1
    8    8  106    9   10    1
    8    8   42    4    6    3
    8    8   49    5    1    7
    8    8  101    9    5    5
    8    8   87    8    3    1
    8    8   85    8    1    1
    8    8  113   10    5    8
    8    8   38    4    2    2
    8    8  117   10    9    5
    8    8  114   10    6    9
    8    8   83    7   11    6
    8    8   43    4    7    5
    8    8   82    7   10    7
    8    8   69    6    9    2
    8    8   50    5    2    9
    8    8   44    4    8    2
    8    8   26    3    2    1
    8    8   15    2    3    1
    8    8    8    1    8    5
    8    8  118   10   10    5
    8    8   55    5    7    5
    8    8   68    6    8    3
    8    8  107    9   11    7
    8    8  110   10    2    1
    8    8   84    7   12    2
    8    8   19    2    7    2
    8    8   62    6    2    4
    8    8   75    7    3    3
    8    8   89    8    5    6
    8    8   47    4   11    1
    8    8   86    8    2    1
    8    8   33    3    9    4
    8    8  112   10    4    1
    8    8    4    1    4    2
    8    8   57    5    9    6
    8    8   67    6    7    7
    8    8   24    2   12    6
    8    8    7    1    7    4
    8    8   91    8    7    5
    8    8  115   10    7    5
    8    8  119   10   11    4
    8    8    2    1    2    1
    8    8   65    6    5    8
    8    8   32    3    8    2
    8    8   95    8   11    1
    8    8   39    4    3    1
    8    8   94    8   10    1
    8    8  116   10    8    7
    8    8   41    4    5    2
    8    8    5    1    5    2
    8    8   18    2    6    1
    8    8  104    9    8    5
    8    8   80    7    8    8
    8    8   77    7    5    7
    8    8   46    4   10    4
    8    8   90    8    6    7
    8    8   54    5    6    4
    8    8   61    6    1    2
    8    8   70    6   10    3
    8    8   66    6    6    3
    8    8   88    8    4    1
    8    8    3    1    3    1
    8    8   48    4   12    1
    8    8   20    2    8    1
    8    8   64    6    4    4
    8    8    6    1    6    1
    8    8   58    5   10    5
    8    8   28    3    4    5
    8    8  105    9    9    8
    8    8    9    1    9    2
    8    8   23    2   11    1
    8    8   22    2   10    5
    8    8   13    2    1    3
    8    8   30    3    6    2
    8    8   27    3    3    1
    8    8   96    8   12    1
    8    8    1    1    1    4
    8    8   98    9    2    6
    8    8   78    7    6    7
    8    8   25    3    1    2
    8    8   29    3    5    1
    8    8   99    9    3    4
    5    8   41    4    5    4
    5    8   68    6    8    3
    5    8   66    6    6    7
    5    8  110   10    2    8
    5    8   95    8   11    6
    5    8   82    7   10    9
    5    8    3    1    3    5
    5    8   72    6   12    3
    5    8   84    7   12    9
    5    8  109   10    1    8
    5    8   92    8    8    9
    5    8    1    1    1    7
    5    8   56    5    8    5
    5    8  104    9    8    1
    5    8  106    9   10    8
    5    8   59    5   11    4
    5    8   61    6    1    4
    5    8    4    1    4    4
    5    8    6    1    6    1
    5    8  101    9    5    5
    5    8   45    4    9    9
    5    8   27    3    3    7
    5    8  119   10   11    1
    5    8   20    2    8    6
    5    8   65    6    5    6
    5    8   90    8    6    9
    5    8   43    4    7    2
    5    8   85    8    1    5
    5    8   63    6    3    6
    5    8   97    9    1    2
    5    8   78    7    6    3
    5    8   32    3    8    5
    5    8  105    9    9    9
    5    8  107    9   11    9
    5    8   64    6    4    4
    5    8   70    6   10    4
    5    8  116   10    8    1
    5    8   35    3   11    1
    5    8   83    7   11    9
    5    8   16    2    4    7
    5    8  118   10   10    2
    5    8   47    4   11    9
    5    8  114   10    6    1
    5    8   51    5    3    2
    5    8   40    4    4    1
    5    8   53    5    5    5
    5    8   74    7    2    7
    5    8  111   10    3    9
    5    8    5    1    5    4
    5    8   17    2    5    4
    5    8   11    1   11    4
    5    8   60    5   12    3
    5    8  117   10    9    1
    5    8   33    3    9    1
    5    8  102    9    6    1
    5    8   37    4    1    2
    5    8   14    2    2    3
    5    8   15    2    3    3
    5    8  108    9   12    9
    5    8   26    3    2    6
    5    8   81    7    9    9
    5    8   38    4    2    2
    5    8   52    5    4    3
    5    8   98    9    2    2
    5    8   48    4   12    9
    5    8   93    8    9    3
    5    8    7    1    7    2
    5    8  103    9    7    1
    5    8   89    8    5    9
    5    8   30    3    6    6
    5    8   54    5    6    4
    5    8   42    4    6    3
    5    8   19    2    7    4
    5    8   55    5    7    2
    5    8  112   10    4    9
    5    8   58    5   10    5
    5    8   29    3    5    5
    5    8    9    1    9    4
    5    8   28    3    4    4
    5    8   36    3   12    1
    5    8   18    2    6    3
    5    8   73    7    1    5
    5    8   34    3   10    1
    5    8   75    7    3    5
    5    8   94    8   10    3
    5    8   76    7    4    8
    5    8   10    1   10    4
    5    8  120   10   12    4
    5    8   31    3    7    7
    5    8   57    5    9    6
    5    8   79    7    7    4
    5    8   67    6    7    6
    5    8   13    2    1    5
    5    8  100    9    4    4
    5    8    8    1    8    3
    5    8    2    1    2    4
    5    8   80    7    8    7
    5    8   21    2    9    9
    5    8   22    2   10    9
    5    8   39    4    3    3
    5    8  113   10    5    1
    5    8   44    4    8    3
    5    8   49    5    1    2
    5    8   99    9    3    3
    5    8   62    6    2    3
    5    8   46    4   10    8
    5    8  115   10    7    3
    5    8   71    6   11    1
    5    8   88    8    4    2
    5    8   12    1   12    4
    5    8   50    5    2    4
    5    8   96    8   12    2
    5    8   25    3    1    5
    5    8   77    7    5    5
    5    8   69    6    9    2
    5    8   91    8    7    8
    5    8   23    2   11    9
    5    8   87    8    3    6
    5    8   24    2   12    9
    5    8   86    8    2    3
   11    8   83    7   11    1
   11    8   56    5    8    3
   11    8   62    6    2    6
   11    8    5    1    5    2
   11    8   50    5    2    5
   11    8   32    3    8    5
   11    8   14    2    2    2
   11    8  115   10    7    9
   11    8   39    4    3    7
   11    8   59    5   11    8
   11    8  108    9   12    1
   11    8   42    4    6    1
   11    8   84    7   12    1
   11    8   33    3    9    6
   11    8   25    3    1    6
   11    8   79    7    7    5
   11    8   76    7    4    3
   11    8  102    9    6    8
   11    8   81    7    9    1
   11    8   57    5    9    1
   11    8   70    6   10    8
   11    8   18    2    6    2
   11    8   46    4   10    2
   11    8  101    9    5    7
   11    8   98    9    2    5
   11    8   97    9    1    3
   11    8  106    9   10    1
   11    8   28    3    4    2
   11    8  120   10   12    2
   11    8   80    7    8    5
   11    8   22    2   10    1
   11    8   95    8   11    6
   11    8   16    2    4    2
   11    8   53    5    5    2
   11    8  104    9    8    7
   11    8   65    6    5    6
   11    8    8    1    8    7
   11    8   74    7    2    4
   11    8   86    8    2    8
   11    8  107    9   11    9
   11    8    1    1    1    5
   11    8   34    3   10    7
   11    8   52    5    4    1
   11    8   15    2    3    2
   11    8    2    1    2    5
   11    8   60    5   12    3
   11    8   30    3    6    8
   11    8   21    2    9    1
   11    8   20    2    8    6
   11    8   48    4   12    1
   11    8   58    5   10    1
   11    8  112   10    4    1
   11    8   19    2    7    3
   11    8   78    7    6    5
   11    8   88    8    4    8
   11    8   71    6   11    8
   11    8  105    9    9    1
   11    8   35    3   11    7
   11    8   96    8   12    8
   11    8   85    8    1    9
   11    8   23    2   11    1
   11    8   47    4   11    5
   11    8  109   10    1    4
   11    8   45    4    9    1
   11    8   82    7   10    1
   11    8  117   10    9    1
   11    8    7    1    7    1
   11    8   94    8   10    9
   11    8   43    4    7    1
   11    8   51    5    3    3
   11    8    4    1    4    5
   11    8   10    1   10    3
   11    8    9    1    9    3
   11    8   55    5    7    5
   11    8   93    8    9    5
   11    8   31    3    7    6
   11    8  116   10    8    6
   11    8   68    6    8    5
   11    8   26    3    2    3
   11    8   12    1   12    3
   11    8   64    6    4    5
   11    8   40    4    4    1
   11    8   69    6    9    8
   11    8   92    8    8    1
   11    8   61    6    1    3
   11    8  100    9    4    1
   11    8   29    3    5    5
   11    8   87    8    3    9
   11    8   67    6    7    5
   11    8   54    5    6    5
   11    8  110   10    2    2
   11    8  103    9    7    1
   11    8   66    6    6    5
   11    8  118   10   10    5
   11    8   17    2    5    8
   11    8  111   10    3    1
   11    8  119   10   11    3
   11    8   72    6   12    8
   11    8   44    4    8    1
   11    8   89    8    5    9
   11    8   24    2   12    1
   11    8    6    1    6    2
   11    8   91    8    7    9
   11    8   38    4    2    8
   11    8   77    7    5    4
   11    8   11    1   11    2
   11    8   37    4    1    7
   11    8   63    6    3    6
   11    8   73    7    1    1
   11    8   75    7    3    1
   11    8  113   10    5    8
   11    8   49    5    1    3
   11    8   99    9    3    1
   11    8    3    1    3    5
   11    8   36    3   12    1
   11    8   27    3    3    1
   11    8   90    8    6    8
   11    8   41    4    5    1
   11    8   13    2    1    1
   11    8  114   10    6    8
