   11   28   96    8   12    7
   11   28   28    3    4    1
   11   28   81    7    9    3
   11   28   98    9    2    8
   11   28   44    4    8    6
   11   28  120   10   12    5
   11   28   19    2    7    2
   11   28  100    9    4    8
   11   28  114   10    6    9
   11   28   36    3   12    9
   11   28    3    1    3    3
   11   28   85    8    1    8
   11   28   41    4    5    6
   11   28   94    8   10    9
   11   28   56    5    8    5
   11   28   72    6   12    8
   11   28    4    1    4    4
   11   28   59    5   11    3
   11   28   97    9    1    7
   11   28   25    3    1    7
   11   28   20    2    8    6
   11   28   18    2    6    3
   11   28   83    7   11    5
   11   28   64    6    4    4
   11   28  116   10    8    8
   11   28  110   10    2    2
   11   28   71    6   11    7
   11   28   58    5   10    1
   11   28    2    1    2    2
   11   28   51    5    3    7
   11   28  104    9    8    8
   11   28   76    7    4    7
   11   28   88    8    4    9
   11   28   68    6    8    4
   11   28    8    1    8    7
   11   28   48    4   12    3
   11   28   66    6    6    6
   11   28   11    1   11    7
   11   28   67    6    7    5
   11   28   31    3    7    6
   11   28   30    3    6    6
   11   28   93    8    9    5
   11   28   62    6    2    7
   11   28   15    2    3    7
   11   28  103    9    7    7
   11   28   42    4    6    4
   11   28  109   10    1    2
   11   28   14    2    2    7
   11   28   52    5    4    7
   11   28   45    4    9    3
   11   28   60    5   12    2
   11   28   86    8    2    7
   11   28   29    3    5    6
   11   28   33    3    9    8
   11   28   74    7    2    4
   11   28   10    1   10    3
   11   28   38    4    2    7
   11   28  107    9   11    7
   11   28  106    9   10    1
   11   28   23    2   11    3
   11   28   61    6    1    4
   11   28   73    7    1    7
   11   28  111   10    3    1
   11   28   54    5    6    5
   11   28   70    6   10    8
   11   28   49    5    1    7
   11   28   50    5    2    7
   11   28   79    7    7    4
   11   28    9    1    9    7
   11   28   82    7   10    3
   11   28  101    9    5    8
   11   28   37    4    1    9
   11   28   53    5    5    4
   11   28  105    9    9    1
   11   28   84    7   12    3
   11   28  119   10   11    5
   11   28   90    8    6    7
   11   28   89    8    5    7
   11   28  113   10    5    9
   11   28   69    6    9    7
   11   28   34    3   10    8
   11   28   43    4    7    7
   11   28  112   10    4    3
   11   28   17    2    5    3
   11   28   46    4   10    3
   11   28   80    7    8    5
   11   28   99    9    3    1
   11   28   63    6    3    3
   11   28   16    2    4    3
   11   28   35    3   11    8
   11   28    1    1    1    5
   11   28  117   10    9    6
   11   28   47    4   11    3
   11   28   22    2   10    3
   11   28    7    1    7    3
   11   28   39    4    3    2
   11   28   40    4    4    2
   11   28   32    3    8    7
   11   28  115   10    7    9
   11   28   24    2   12    3
   11   28   27    3    3    2
   11   28   21    2    9    3
   11   28   75    7    3    7
   11   28   55    5    7    4
   11   28    6    1    6    4
   11   28   12    1   12    2
   11   28   78    7    6    6
   11   28   87    8    3    8
   11   28   57    5    9    2
   11   28   26    3    2    3
   11   28   92    8    8    3
   11   28   91    8    7    8
   11   28   65    6    5    3
   11   28  102    9    6    7
   11   28  118   10   10    6
   11   28   95    8   11    7
   11   28   13    2    1    3
   11   28  108    9   12    1
   11   28   77    7    5    3
   11   28    5    1    5    6
    5   28   17    2    5    6
    5   28   40    4    4    1
    5   28  119   10   11    1
    5   28   41    4    5    2
    5   28   91    8    7    4
    5   28   27    3    3    4
    5   28   60    5   12    2
    5   28   95    8   11    4
    5   28  120   10   12    1
    5   28   33    3    9    3
    5   28   24    2   12    9
    5   28   44    4    8    2
    5   28  107    9   11    5
    5   28   11    1   11    4
    5   28   51    5    3    2
    5   28   42    4    6    3
    5   28   85    8    1    3
    5   28    5    1    5    1
    5   28   14    2    2    1
    5   28  114   10    6    6
    5   28  108    9   12    7
    5   28   72    6   12    3
    5   28  105    9    9    5
    5   28  101    9    5    1
    5   28    3    1    3    5
    5   28   69    6    9    3
    5   28  112   10    4    6
    5   28   46    4   10    7
    5   28    2    1    2    4
    5   28   71    6   11    2
    5   28   54    5    6    2
    5   28   66    6    6    3
    5   28   94    8   10    1
    5   28  117   10    9    1
    5   28   45    4    9    9
    5   28   32    3    8    7
    5   28  110   10    2    7
    5   28  103    9    7    1
    5   28  113   10    5    1
    5   28   12    1   12    4
    5   28   78    7    6    1
    5   28   92    8    8    4
    5   28   76    7    4    7
    5   28   96    8   12    2
    5   28   70    6   10    3
    5   28    1    1    1    2
    5   28   59    5   11    4
    5   28  115   10    7    1
    5   28   43    4    7    1
    5   28   36    3   12    1
    5   28   55    5    7    1
    5   28   30    3    6    5
    5   28   31    3    7    6
    5   28   20    2    8    5
    5   28   56    5    8    3
    5   28   28    3    4    3
    5   28   64    6    4    3
    5   28   75    7    3    4
    5   28   81    7    9    8
    5   28   62    6    2    6
    5   28   48    4   12    9
    5   28  111   10    3    4
    5   28   49    5    1    3
    5   28   58    5   10    6
    5   28   74    7    2    6
    5   28   47    4   11    6
    5   28   25    3    1    2
    5   28   53    5    5    2
    5   28  106    9   10    5
    5   28    8    1    8    1
    5   28   65    6    5    3
    5   28   21    2    9    9
    5   28   83    7   11    7
    5   28   82    7   10    9
    5   28  116   10    8    1
    5   28   98    9    2    1
    5   28   61    6    1    2
    5   28   86    8    2    1
    5   28  109   10    1    6
    5   28    9    1    9    3
    5   28   22    2   10    7
    5   28   29    3    5    6
    5   28   50    5    2    3
    5   28   67    6    7    3
    5   28   52    5    4    3
    5   28   93    8    9    2
    5   28   90    8    6    8
    5   28   77    7    5    1
    5   28   23    2   11    9
    5   28   79    7    7    1
    5   28   39    4    3    2
    5   28   38    4    2    1
    5   28   13    2    1    1
    5   28   18    2    6    3
    5   28   87    8    3    1
    5   28   84    7   12    8
    5   28  104    9    8    1
    5   28  118   10   10    1
    5   28   19    2    7    4
    5   28   88    8    4    4
    5   28   97    9    1    2
    5   28    4    1    4    3
    5   28   99    9    3    1
    5   28   80    7    8    1
    5   28   34    3   10    1
    5   28   26    3    2    7
    5   28    7    1    7    1
    5   28   89    8    5    6
    5   28   37    4    1    3
    5   28   63    6    3    3
    5   28   57    5    9    5
    5   28   35    3   11    1
    5   28  100    9    4    1
    5   28    6    1    6    2
    5   28   15    2    3    1
    5   28   16    2    4    1
    5   28   73    7    1    3
    5   28  102    9    6    1
    5   28   68    6    8    3
    5   28   10    1   10    5
    8   28   60    5   12    9
    8   28    2    1    2    7
    8   28   31    3    7    9
    8   28   22    2   10    8
    8   28   64    6    4    8
    8   28   81    7    9    9
    8   28   85    8    1    1
    8   28   32    3    8    5
    8   28   69    6    9    7
    8   28   46    4   10    7
    8   28  101    9    5    9
    8   28    8    1    8    1
    8   28   88    8    4    4
    8   28  109   10    1    1
    8   28  115   10    7    8
    8   28   25    3    1    3
    8   28   13    2    1    7
    8   28   61    6    1    6
    8   28    5    1    5    4
    8   28   90    8    6    2
    8   28   28    3    4    5
    8   28   12    1   12    7
    8   28  110   10    2    7
    8   28   77    7    5    8
    8   28   59    5   11    7
    8   28   38    4    2    7
    8   28  108    9   12    7
    8   28   44    4    8    7
    8   28   93    8    9    6
    8   28   92    8    8    6
    8   28   39    4    3    8
    8   28   54    5    6    9
    8   28   52    5    4    9
    8   28   82    7   10    9
    8   28   71    6   11    9
    8   28  112   10    4    8
    8   28   14    2    2    8
    8   28    9    1    9    8
    8   28   48    4   12    9
    8   28  104    9    8    9
    8   28  106    9   10    6
    8   28   72    6   12    8
    8   28    3    1    3    7
    8   28   11    1   11    9
    8   28   78    7    6    8
    8   28   99    9    3    9
    8   28  114   10    6    9
    8   28   65    6    5    9
    8   28    6    1    6    8
    8   28   62    6    2    7
    8   28  113   10    5    8
    8   28   21    2    9    9
    8   28   36    3   12    7
    8   28   23    2   11    5
    8   28   41    4    5    6
    8   28    7    1    7    6
    8   28   37    4    1    7
    8   28  102    9    6    8
    8   28   91    8    7    8
    8   28   94    8   10    8
    8   28   80    7    8    8
    8   28   89    8    5    7
    8   28   20    2    8    6
    8   28   56    5    8    6
    8   28  118   10   10    7
    8   28    4    1    4    8
    8   28   74    7    2    7
    8   28   45    4    9    7
    8   28   29    3    5    7
    8   28  120   10   12    8
    8   28   27    3    3    1
    8   28   76    7    4    4
    8   28   34    3   10    7
    8   28   53    5    5    5
    8   28   15    2    3    5
    8   28   75    7    3    7
    8   28  100    9    4    7
    8   28   50    5    2    9
    8   28   63    6    3    6
    8   28   42    4    6    9
    8   28  111   10    3    7
    8   28   30    3    6    8
    8   28   47    4   11    8
    8   28   16    2    4    8
    8   28  103    9    7    8
    8   28  117   10    9    8
    8   28   98    9    2    8
    8   28   26    3    2    5
    8   28   55    5    7    9
    8   28   67    6    7    8
    8   28  119   10   11    8
    8   28  107    9   11    6
    8   28   70    6   10    7
    8   28   35    3   11    8
    8   28   10    1   10    9
    8   28  116   10    8    9
    8   28   49    5    1    7
    8   28   79    7    7    8
    8   28  105    9    9    8
    8   28   73    7    1    8
    8   28   40    4    4    9
    8   28   17    2    5    9
    8   28   95    8   11    4
    8   28   96    8   12    7
    8   28   33    3    9    7
    8   28   84    7   12    6
    8   28   83    7   11    9
    8   28   66    6    6    5
    8   28   68    6    8    6
    8   28   51    5    3    9
    8   28   18    2    6    9
    8   28   87    8    3    6
    8   28   24    2   12    9
    8   28   43    4    7    6
    8   28    1    1    1    7
    8   28   58    5   10    7
    8   28   19    2    7    7
    8   28   97    9    1    7
    8   28   86    8    2    6
    8   28   57    5    9    6
