    1    7   99    9    3    7
    1    7   20    2    8    4
    1    7   52    5    4    3
    1    7   73    7    1    3
    1    7  107    9   11    6
    1    7   53    5    5    3
    1    7   50    5    2    6
    1    7   14    2    2    2
    1    7  102    9    6    3
    1    7   42    4    6    1
    1    7    2    1    2    6
    1    7   60    5   12    7
    1    7   57    5    9    9
    1    7  105    9    9    6
    1    7  104    9    8    4
    1    7   15    2    3    3
    1    7   48    4   12    1
    1    7   54    5    6    4
    1    7   66    6    6    2
    1    7   49    5    1    4
    1    7   12    1   12    3
    1    7   11    1   11    4
    1    7   97    9    1    5
    1    7   24    2   12    1
    1    7  101    9    5    7
    1    7   61    6    1    5
    1    7  120   10   12    3
    1    7   81    7    9    1
    1    7  106    9   10    9
    1    7   78    7    6    5
    1    7   91    8    7    3
    1    7    6    1    6    2
    1    7  100    9    4    6
    1    7   31    3    7    7
    1    7   64    6    4    4
    1    7   21    2    9    1
    1    7   63    6    3    5
    1    7   37    4    1    4
    1    7   55    5    7    4
    1    7   17    2    5    4
    1    7   58    5   10    9
    1    7   35    3   11    6
    1    7   72    6   12    4
    1    7   74    7    2    3
    1    7   88    8    4    6
    1    7  119   10   11    5
    1    7  109   10    1    9
    1    7   43    4    7    3
    1    7   92    8    8    2
    1    7    8    1    8    4
    1    7   19    2    7    6
    1    7   67    6    7    2
    1    7  112   10    4    7
    1    7    4    1    4    4
    1    7   84    7   12    1
    1    7   46    4   10    2
    1    7  111   10    3    9
    1    7   87    8    3    4
    1    7  113   10    5    6
    1    7  114   10    6    5
    1    7   89    8    5    5
    1    7    3    1    3    3
    1    7  110   10    2    9
    1    7   83    7   11    3
    1    7   25    3    1    6
    1    7   33    3    9    9
    1    7   62    6    2    4
    1    7   41    4    5    3
    1    7  103    9    7    5
    1    7   51    5    3    6
    1    7   16    2    4    3
    1    7   39    4    3    7
    1    7   69    6    9    8
    1    7   77    7    5    5
    1    7   27    3    3    4
    1    7   93    8    9    5
    1    7   85    8    1    6
    1    7   76    7    4    4
    1    7   13    2    1    4
    1    7   34    3   10    7
    1    7   90    8    6    8
    1    7   44    4    8    3
    1    7   28    3    4    8
    1    7   94    8   10    5
    1    7   65    6    5    6
    1    7   22    2   10    1
    1    7   23    2   11    1
    1    7    9    1    9    5
    1    7   80    7    8    4
    1    7   96    8   12    4
    1    7  115   10    7    5
    1    7   86    8    2    4
    1    7   47    4   11    3
    1    7   68    6    8    7
    1    7   38    4    2    8
    1    7   45    4    9    2
    1    7    7    1    7    3
    1    7   82    7   10    1
    1    7   59    5   11    8
    1    7  117   10    9    7
    1    7   30    3    6    8
    1    7   75    7    3    4
    1    7   56    5    8    4
    1    7   95    8   11    4
    1    7   26    3    2    3
    1    7   70    6   10    5
    1    7   36    3   12    4
    1    7  118   10   10    5
    1    7    5    1    5    2
    1    7   79    7    7    5
    1    7  116   10    8    4
    1    7   40    4    4    7
    1    7   98    9    2    4
    1    7   32    3    8    3
    1    7   18    2    6    6
    1    7  108    9   12    8
    1    7    1    1    1    4
    1    7   29    3    5    5
    1    7   71    6   11    6
    1    7   10    1   10    6
    4    7   20    2    8    7
    4    7  100    9    4    5
    4    7   68    6    8    5
    4    7   62    6    2    3
    4    7   64    6    4    4
    4    7   79    7    7    2
    4    7   56    5    8    6
    4    7   49    5    1    4
    4    7   71    6   11    5
    4    7   32    3    8    7
    4    7    1    1    1    6
    4    7  106    9   10    8
    4    7   17    2    5    6
    4    7   39    4    3    7
    4    7  113   10    5    4
    4    7  102    9    6    2
    4    7   60    5   12    4
    4    7   84    7   12    1
    4    7   13    2    1    5
    4    7   18    2    6    7
    4    7   14    2    2    8
    4    7   55    5    7    6
    4    7   16    2    4    6
    4    7    2    1    2    7
    4    7  117   10    9    3
    4    7   92    8    8    9
    4    7  120   10   12    7
    4    7   73    7    1    5
    4    7   65    6    5    6
    4    7   86    8    2    6
    4    7   51    5    3    2
    4    7   59    5   11    4
    4    7   36    3   12    8
    4    7   23    2   11    1
    4    7   15    2    3    6
    4    7  104    9    8    5
    4    7   90    8    6    1
    4    7  101    9    5    1
    4    7  110   10    2    9
    4    7   44    4    8    6
    4    7   81    7    9    9
    4    7   47    4   11    9
    4    7  107    9   11    8
    4    7   74    7    2    6
    4    7   95    8   11    7
    4    7  111   10    3    9
    4    7   45    4    9    4
    4    7   42    4    6    5
    4    7    9    1    9    5
    4    7   89    8    5    1
    4    7   67    6    7    6
    4    7  105    9    9    4
    4    7   69    6    9    5
    4    7  103    9    7    5
    4    7   99    9    3    7
    4    7   40    4    4    6
    4    7   77    7    5    4
    4    7   31    3    7    8
    4    7    8    1    8    6
    4    7   19    2    7    7
    4    7   93    8    9    3
    4    7   30    3    6    3
    4    7   50    5    2    3
    4    7   87    8    3    7
    4    7   91    8    7    4
    4    7   41    4    5    6
    4    7   10    1   10    5
    4    7    7    1    7    7
    4    7   72    6   12    5
    4    7   25    3    1    6
    4    7    3    1    3    6
    4    7   28    3    4    8
    4    7   52    5    4    5
    4    7   29    3    5    6
    4    7   83    7   11    3
    4    7   26    3    2    8
    4    7   70    6   10    4
    4    7   22    2   10    1
    4    7    5    1    5    5
    4    7   54    5    6    4
    4    7   88    8    4    8
    4    7   33    3    9    3
    4    7   82    7   10    1
    4    7   48    4   12    8
    4    7  108    9   12    2
    4    7   34    3   10    4
    4    7   78    7    6    3
    4    7  109   10    1    9
    4    7  115   10    7    5
    4    7   75    7    3    6
    4    7   57    5    9    4
    4    7   66    6    6    3
    4    7  116   10    8    2
    4    7   35    3   11    7
    4    7   61    6    1    5
    4    7   27    3    3    6
    4    7   85    8    1    8
    4    7   37    4    1    7
    4    7   76    7    4    8
    4    7   53    5    5    6
    4    7   21    2    9    1
    4    7   80    7    8    3
    4    7    6    1    6    6
    4    7   12    1   12    5
    4    7   46    4   10    3
    4    7   94    8   10    9
    4    7   96    8   12    9
    4    7    4    1    4    6
    4    7  119   10   11    3
    4    7   98    9    2    5
    4    7   58    5   10    6
    4    7  112   10    4    8
    4    7   43    4    7    5
    4    7  118   10   10    6
    4    7   97    9    1    5
    4    7   11    1   11    4
    4    7  114   10    6    4
    4    7   38    4    2    3
    4    7   63    6    3    3
    4    7   24    2   12    1
    2    7   84    7   12    2
    2    7   79    7    7    2
    2    7   77    7    5    2
    2    7   41    4    5    5
    2    7   80    7    8    2
    2    7  113   10    5    4
    2    7    6    1    6    3
    2    7  104    9    8    4
    2    7    4    1    4    7
    2    7  119   10   11    4
    2    7   68    6    8    6
    2    7   67    6    7    6
    2    7   25    3    1    8
    2    7   89    8    5    2
    2    7   13    2    1    5
    2    7   29    3    5    4
    2    7   60    5   12    4
    2    7   86    8    2    7
    2    7   26    3    2    8
    2    7   72    6   12    7
    2    7    5    1    5    3
    2    7   58    5   10    2
    2    7  100    9    4    2
    2    7   96    8   12    9
    2    7   93    8    9    9
    2    7  108    9   12    1
    2    7   88    8    4    9
    2    7   91    8    7    1
    2    7   66    6    6    3
    2    7   92    8    8    4
    2    7   82    7   10    1
    2    7   31    3    7    8
    2    7   24    2   12    1
    2    7   30    3    6    3
    2    7   94    8   10    8
    2    7   32    3    8    6
    2    7  118   10   10    2
    2    7  112   10    4    7
    2    7   51    5    3    4
    2    7  101    9    5    1
    2    7   64    6    4    3
    2    7  115   10    7    2
    2    7   76    7    4    2
    2    7   48    4   12    1
    2    7   15    2    3    5
    2    7    9    1    9    7
    2    7   70    6   10    4
    2    7  117   10    9    3
    2    7  114   10    6    2
    2    7    8    1    8    2
    2    7   95    8   11    8
    2    7   71    6   11    6
    2    7  116   10    8    4
    2    7  120   10   12    2
    2    7   62    6    2    6
    2    7   75    7    3    5
    2    7    7    1    7    3
    2    7   35    3   11    3
    2    7   65    6    5    3
    2    7   33    3    9    3
    2    7  107    9   11    1
    2    7   14    2    2    5
    2    7   69    6    9    4
    2    7   81    7    9    2
    2    7   36    3   12    1
    2    7   61    6    1    7
    2    7   52    5    4    6
    2    7   10    1   10    7
    2    7   39    4    3    7
    2    7   56    5    8    4
    2    7    3    1    3    7
    2    7   85    8    1    9
    2    7   63    6    3    6
    2    7   22    2   10    1
    2    7   16    2    4    2
    2    7   53    5    5    2
    2    7   55    5    7    2
    2    7  111   10    3    1
    2    7   12    1   12    7
    2    7   74    7    2    3
    2    7   90    8    6    1
    2    7   19    2    7    6
    2    7   45    4    9    1
    2    7   59    5   11    2
    2    7   28    3    4    6
    2    7   38    4    2    7
    2    7  110   10    2    1
    2    7  106    9   10    1
    2    7   40    4    4    6
    2    7   43    4    7    3
    2    7   47    4   11    2
    2    7   54    5    6    3
    2    7   18    2    6    3
    2    7    2    1    2    6
    2    7   37    4    1    6
    2    7  102    9    6    3
    2    7   34    3   10    1
    2    7   78    7    6    2
    2    7  109   10    1    1
    2    7   83    7   11    1
    2    7   46    4   10    1
    2    7    1    1    1    6
    2    7   20    2    8    7
    2    7   99    9    3    1
    2    7   73    7    1    5
    2    7   11    1   11    6
    2    7  103    9    7    3
    2    7   87    8    3    8
    2    7   57    5    9    4
    2    7   42    4    6    5
    2    7   50    5    2    4
    2    7   21    2    9    1
    2    7   23    2   11    1
    2    7   97    9    1    4
    2    7   27    3    3    3
    2    7  105    9    9    1
    2    7   98    9    2    1
    2    7   49    5    1    3
    2    7   44    4    8    5
    2    7   17    2    5    6
