    1   27  117   10    9    3
    1   27   86    8    2    3
    1   27   99    9    3    7
    1   27  111   10    3    7
    1   27   55    5    7    4
    1   27  108    9   12    8
    1   27    9    1    9    3
    1   27   15    2    3    2
    1   27   69    6    9    6
    1   27  119   10   11    5
    1   27   30    3    6    7
    1   27   46    4   10    1
    1   27   83    7   11    2
    1   27   72    6   12    7
    1   27  109   10    1    9
    1   27   11    1   11    4
    1   27   14    2    2    2
    1   27  110   10    2    7
    1   27   54    5    6    6
    1   27   43    4    7    4
    1   27    2    1    2    3
    1   27   12    1   12    7
    1   27   35    3   11    8
    1   27   96    8   12    4
    1   27   18    2    6    7
    1   27   10    1   10    8
    1   27   74    7    2    5
    1   27   47    4   11    3
    1   27   58    5   10    9
    1   27   65    6    5    7
    1   27   50    5    2    7
    1   27   26    3    2    3
    1   27   90    8    6    6
    1   27  102    9    6    4
    1   27   67    6    7    3
    1   27   53    5    5    4
    1   27   31    3    7    6
    1   27   45    4    9    3
    1   27  113   10    5    6
    1   27   24    2   12    1
    1   27   36    3   12    7
    1   27   48    4   12    3
    1   27   78    7    6    5
    1   27   92    8    8    4
    1   27   40    4    4    6
    1   27   16    2    4    3
    1   27   57    5    9    9
    1   27   85    8    1    7
    1   27   97    9    1    6
    1   27  114   10    6    7
    1   27  103    9    7    5
    1   27   41    4    5    3
    1   27  115   10    7    6
    1   27   91    8    7    4
    1   27    3    1    3    4
    1   27   19    2    7    7
    1   27   42    4    6    2
    1   27   38    4    2    9
    1   27  100    9    4    7
    1   27  101    9    5    5
    1   27   17    2    5    4
    1   27    5    1    5    2
    1   27   13    2    1    3
    1   27   21    2    9    1
    1   27   68    6    8    7
    1   27  106    9   10    8
    1   27   20    2    8    6
    1   27  120   10   12    3
    1   27   94    8   10    7
    1   27   22    2   10    1
    1   27   27    3    3    7
    1   27   28    3    4    8
    1   27   75    7    3    4
    1   27  105    9    9    7
    1   27   61    6    1    6
    1   27    8    1    8    2
    1   27   39    4    3    4
    1   27   95    8   11    4
    1   27   25    3    1    8
    1   27   81    7    9    1
    1   27   63    6    3    8
    1   27  116   10    8    4
    1   27   49    5    1    6
    1   27   37    4    1    9
    1   27   44    4    8    3
    1   27   23    2   11    1
    1   27  118   10   10    4
    1   27  104    9    8    5
    1   27   29    3    5    4
    1   27   84    7   12    1
    1   27   34    3   10    8
    1   27    4    1    4    7
    1   27   88    8    4    7
    1   27   98    9    2    7
    1   27   64    6    4    6
    1   27   82    7   10    3
    1   27   71    6   11    6
    1   27    6    1    6    4
    1   27  112   10    4    8
    1   27   62    6    2    6
    1   27   87    8    3    4
    1   27   76    7    4    7
    1   27  107    9   11    6
    1   27   93    8    9    4
    1   27   70    6   10    7
    1   27   32    3    8    3
    1   27   33    3    9    9
    1   27   52    5    4    4
    1   27    1    1    1    4
    1   27   80    7    8    5
    1   27   79    7    7    5
    1   27   51    5    3    4
    1   27    7    1    7    2
    1   27   77    7    5    6
    1   27   73    7    1    4
    1   27   59    5   11    9
    1   27   56    5    8    3
    1   27   89    8    5    8
    1   27   66    6    6    4
    1   27   60    5   12    6
    2   27   37    4    1    7
    2   27  109   10    1    6
    2   27   42    4    6    5
    2   27   18    2    6    5
    2   27    4    1    4    6
    2   27    3    1    3    6
    2   27   64    6    4    7
    2   27  100    9    4    3
    2   27   17    2    5    7
    2   27  115   10    7    4
    2   27   74    7    2    2
    2   27   50    5    2    8
    2   27   36    3   12    6
    2   27   90    8    6    1
    2   27   16    2    4    3
    2   27   83    7   11    2
    2   27   92    8    8    8
    2   27   44    4    8    5
    2   27   91    8    7    1
    2   27  105    9    9    2
    2   27   12    1   12    7
    2   27   87    8    3    6
    2   27   84    7   12    4
    2   27   76    7    4    4
    2   27   29    3    5    6
    2   27   48    4   12    1
    2   27   30    3    6    4
    2   27  103    9    7    2
    2   27   54    5    6    3
    2   27   58    5   10    3
    2   27   41    4    5    5
    2   27   19    2    7    7
    2   27   96    8   12    7
    2   27   20    2    8    8
    2   27    6    1    6    6
    2   27   99    9    3    2
    2   27   82    7   10    1
    2   27  101    9    5    1
    2   27   33    3    9    7
    2   27   88    8    4    9
    2   27   68    6    8    3
    2   27   31    3    7    8
    2   27   73    7    1    4
    2   27   14    2    2    5
    2   27    5    1    5    2
    2   27    8    1    8    4
    2   27   15    2    3    5
    2   27   98    9    2    2
    2   27   70    6   10    3
    2   27   34    3   10    7
    2   27   63    6    3    8
    2   27  108    9   12    4
    2   27   61    6    1    7
    2   27   86    8    2    6
    2   27   22    2   10    2
    2   27   62    6    2    7
    2   27   80    7    8    3
    2   27   59    5   11    6
    2   27   11    1   11    5
    2   27   38    4    2    4
    2   27  114   10    6    2
    2   27  104    9    8    2
    2   27    1    1    1    4
    2   27   40    4    4    3
    2   27   56    5    8    6
    2   27   25    3    1    7
    2   27   94    8   10    9
    2   27   24    2   12    1
    2   27   55    5    7    3
    2   27   97    9    1    3
    2   27   95    8   11    7
    2   27   32    3    8    6
    2   27   26    3    2    8
    2   27  107    9   11    6
    2   27   78    7    6    3
    2   27   35    3   11    7
    2   27  102    9    6    3
    2   27   53    5    5    6
    2   27  116   10    8    5
    2   27   39    4    3    8
    2   27   60    5   12    6
    2   27   89    8    5    1
    2   27    7    1    7    6
    2   27   43    4    7    3
    2   27   21    2    9    1
    2   27  112   10    4    7
    2   27   51    5    3    6
    2   27   45    4    9    1
    2   27   77    7    5    3
    2   27   46    4   10    4
    2   27  117   10    9    3
    2   27    2    1    2    7
    2   27   13    2    1    8
    2   27  110   10    2    8
    2   27   69    6    9    7
    2   27   47    4   11    4
    2   27   85    8    1    8
    2   27   72    6   12    8
    2   27  113   10    5    4
    2   27   28    3    4    7
    2   27   93    8    9    9
    2   27   52    5    4    4
    2   27  119   10   11    3
    2   27   57    5    9    2
    2   27   71    6   11    5
    2   27   67    6    7    3
    2   27  111   10    3    7
    2   27   79    7    7    3
    2   27   23    2   11    1
    2   27   66    6    6    4
    2   27   65    6    5    7
    2   27    9    1    9    5
    2   27  106    9   10    7
    2   27   10    1   10    5
    2   27   81    7    9    1
    2   27   75    7    3    4
    2   27   27    3    3    6
    2   27  118   10   10    3
    2   27  120   10   12    2
    2   27   49    5    1    4
    4   27   33    3    9    6
    4   27   23    2   11    2
    4   27   15    2    3    4
    4   27   31    3    7    8
    4   27   95    8   11    8
    4   27   41    4    5    5
    4   27   28    3    4    7
    4   27  116   10    8    5
    4   27   37    4    1    4
    4   27  114   10    6    2
    4   27   54    5    6    2
    4   27   87    8    3    8
    4   27   79    7    7    3
    4   27  112   10    4    8
    4   27   57    5    9    4
    4   27   25    3    1    7
    4   27   76    7    4    8
    4   27   52    5    4    4
    4   27   40    4    4    5
    4   27    6    1    6    7
    4   27   35    3   11    8
    4   27   93    8    9    4
    4   27   16    2    4    6
    4   27   69    6    9    4
    4   27   38    4    2    3
    4   27   27    3    3    7
    4   27   49    5    1    4
    4   27   29    3    5    8
    4   27   98    9    2    2
    4   27    2    1    2    7
    4   27   46    4   10    8
    4   27   63    6    3    7
    4   27   84    7   12    9
    4   27   39    4    3    8
    4   27   47    4   11    8
    4   27   94    8   10    9
    4   27   99    9    3    6
    4   27    7    1    7    7
    4   27  100    9    4    4
    4   27   56    5    8    4
    4   27   59    5   11    4
    4   27   70    6   10    6
    4   27   58    5   10    4
    4   27   68    6    8    4
    4   27   36    3   12    7
    4   27   78    7    6    3
    4   27   64    6    4    6
    4   27   10    1   10    7
    4   27   24    2   12    1
    4   27    1    1    1    4
    4   27   81    7    9    8
    4   27   67    6    7    3
    4   27    9    1    9    7
    4   27   90    8    6    4
    4   27   77    7    5    3
    4   27   74    7    2    1
    4   27   61    6    1    2
    4   27   53    5    5    7
    4   27   14    2    2    8
    4   27   92    8    8    8
    4   27   91    8    7    6
    4   27   75    7    3    7
    4   27  109   10    1    8
    4   27   88    8    4    8
    4   27   82    7   10    6
    4   27  108    9   12    3
    4   27   72    6   12    7
    4   27   96    8   12    9
    4   27   89    8    5    1
    4   27  106    9   10    3
    4   27  113   10    5    7
    4   27   60    5   12    5
    4   27   71    6   11    5
    4   27   97    9    1    4
    4   27   85    8    1    8
    4   27   44    4    8    5
    4   27  118   10   10    3
    4   27   42    4    6    5
    4   27  119   10   11    3
    4   27   83    7   11    2
    4   27  103    9    7    2
    4   27   32    3    8    7
    4   27   51    5    3    7
    4   27   13    2    1    7
    4   27   11    1   11    6
    4   27    4    1    4    8
    4   27  104    9    8    2
    4   27  110   10    2    9
    4   27  105    9    9    3
    4   27   62    6    2    4
    4   27    5    1    5    3
    4   27   50    5    2    3
    4   27  107    9   11    7
    4   27   20    2    8    9
    4   27   45    4    9    3
    4   27   73    7    1    6
    4   27   19    2    7    6
    4   27   86    8    2    6
    4   27  120   10   12    4
    4   27  102    9    6    3
    4   27   12    1   12    4
    4   27   43    4    7    2
    4   27   80    7    8    3
    4   27   48    4   12    8
    4   27   55    5    7    3
    4   27  111   10    3    9
    4   27    8    1    8    5
    4   27   21    2    9    1
    4   27   18    2    6    7
    4   27  117   10    9    3
    4   27  101    9    5    2
    4   27   26    3    2    7
    4   27   30    3    6    5
    4   27  115   10    7    5
    4   27   66    6    6    7
    4   27    3    1    3    8
    4   27   65    6    5    7
    4   27   17    2    5    6
    4   27   22    2   10    2
    4   27   34    3   10    8
