    8   14   37    4    1    4
    8   14   85    8    1    1
    8   14   50    5    2    9
    8   14  102    9    6    7
    8   14   29    3    5    6
    8   14   24    2   12    8
    8   14   30    3    6    7
    8   14   18    2    6    3
    8   14   49    5    1    8
    8   14   20    2    8    5
    8   14   96    8   12    3
    8   14   34    3   10    7
    8   14  108    9   12    9
    8   14   16    2    4    7
    8   14   19    2    7    5
    8   14   48    4   12    8
    8   14   12    1   12    8
    8   14   72    6   12    9
    8   14  117   10    9    7
    8   14   40    4    4    8
    8   14   26    3    2    4
    8   14  118   10   10    8
    8   14   41    4    5    6
    8   14   28    3    4    5
    8   14    7    1    7    5
    8   14  110   10    2    1
    8   14   43    4    7    8
    8   14   63    6    3    8
    8   14  120   10   12    8
    8   14   33    3    9    6
    8   14   71    6   11    6
    8   14   69    6    9    9
    8   14  112   10    4    1
    8   14   68    6    8    8
    8   14   64    6    4    8
    8   14   13    2    1    8
    8   14   55    5    7    7
    8   14   75    7    3    4
    8   14   25    3    1    2
    8   14   82    7   10    7
    8   14   45    4    9    8
    8   14   87    8    3    3
    8   14    4    1    4    4
    8   14   70    6   10    7
    8   14   66    6    6    4
    8   14   54    5    6    7
    8   14   99    9    3    3
    8   14   15    2    3    4
    8   14  101    9    5    7
    8   14   83    7   11    7
    8   14   53    5    5    6
    8   14   81    7    9    4
    8   14  119   10   11    7
    8   14   47    4   11    4
    8   14   56    5    8    7
    8   14    6    1    6    1
    8   14   95    8   11    1
    8   14   58    5   10    9
    8   14   94    8   10    1
    8   14   17    2    5    2
    8   14   92    8    8    3
    8   14   57    5    9    9
    8   14  113   10    5    8
    8   14    2    1    2    5
    8   14   52    5    4    7
    8   14   93    8    9    2
    8   14   60    5   12    7
    8   14   38    4    2    7
    8   14   80    7    8    4
    8   14    3    1    3    4
    8   14   31    3    7    3
    8   14   90    8    6    3
    8   14   32    3    8    7
    8   14   35    3   11    6
    8   14    9    1    9    6
    8   14   36    3   12    7
    8   14  116   10    8    7
    8   14   86    8    2    4
    8   14   39    4    3    2
    8   14   88    8    4    2
    8   14   10    1   10    6
    8   14  109   10    1    5
    8   14   62    6    2    8
    8   14    5    1    5    7
    8   14  111   10    3    1
    8   14   61    6    1    4
    8   14   74    7    2    4
    8   14   84    7   12    3
    8   14   76    7    4    2
    8   14   14    2    2    6
    8   14   97    9    1    7
    8   14   46    4   10    3
    8   14   51    5    3    6
    8   14   27    3    3    1
    8   14   22    2   10    9
    8   14   59    5   11    7
    8   14  115   10    7    8
    8   14  104    9    8    7
    8   14  107    9   11    2
    8   14   77    7    5    7
    8   14  114   10    6    7
    8   14   65    6    5    3
    8   14    1    1    1    6
    8   14   23    2   11    3
    8   14   11    1   11    9
    8   14   79    7    7    8
    8   14   44    4    8    7
    8   14   78    7    6    7
    8   14  103    9    7    6
    8   14  100    9    4    4
    8   14   21    2    9    3
    8   14  106    9   10    2
    8   14   98    9    2    8
    8   14    8    1    8    6
    8   14   42    4    6    6
    8   14   89    8    5    4
    8   14   91    8    7    4
    8   14   73    7    1    5
    8   14  105    9    9    8
    8   14   67    6    7    7
   11   14   83    7   11    2
   11   14   33    3    9    7
   11   14   76    7    4    7
   11   14   56    5    8    5
   11   14   78    7    6    2
   11   14    9    1    9    7
   11   14  115   10    7    9
   11   14   93    8    9    5
   11   14  112   10    4    4
   11   14   61    6    1    4
   11   14   59    5   11    4
   11   14   52    5    4    7
   11   14   70    6   10    7
   11   14   82    7   10    1
   11   14   51    5    3    7
   11   14  100    9    4    7
   11   14   87    8    3    9
   11   14   16    2    4    6
   11   14  118   10   10    5
   11   14   28    3    4    3
   11   14   88    8    4    8
   11   14   37    4    1    8
   11   14  113   10    5    9
   11   14    1    1    1    5
   11   14  114   10    6    9
   11   14   19    2    7    3
   11   14   55    5    7    5
   11   14   69    6    9    6
   11   14   74    7    2    3
   11   14   97    9    1    6
   11   14   53    5    5    4
   11   14   44    4    8    4
   11   14  120   10   12    2
   11   14   36    3   12    8
   11   14   39    4    3    6
   11   14   92    8    8    4
   11   14  117   10    9    7
   11   14   49    5    1    7
   11   14   35    3   11    7
   11   14   45    4    9    1
   11   14   98    9    2    4
   11   14   38    4    2    6
   11   14   66    6    6    5
   11   14    6    1    6    7
   11   14   95    8   11    7
   11   14   94    8   10    9
   11   14   43    4    7    7
   11   14   46    4   10    1
   11   14   57    5    9    2
   11   14   24    2   12    1
   11   14   22    2   10    1
   11   14   31    3    7    5
   11   14   27    3    3    4
   11   14   15    2    3    7
   11   14    3    1    3    5
   11   14   81    7    9    1
   11   14   58    5   10    2
   11   14   60    5   12    3
   11   14   77    7    5    1
   11   14   75    7    3    7
   11   14   63    6    3    3
   11   14   64    6    4    5
   11   14   96    8   12    7
   11   14  102    9    6    7
   11   14   12    1   12    2
   11   14   18    2    6    5
   11   14   14    2    2    7
   11   14   32    3    8    4
   11   14   65    6    5    2
   11   14   48    4   12    1
   11   14  109   10    1    2
   11   14   23    2   11    1
   11   14   50    5    2    7
   11   14  106    9   10    2
   11   14   29    3    5    5
   11   14   91    8    7    7
   11   14   54    5    6    5
   11   14   10    1   10    3
   11   14   21    2    9    1
   11   14   34    3   10    7
   11   14   71    6   11    6
   11   14   30    3    6    4
   11   14  107    9   11    7
   11   14   86    8    2    7
   11   14   90    8    6    8
   11   14    7    1    7    1
   11   14   85    8    1    7
   11   14   89    8    5    9
   11   14   80    7    8    3
   11   14   40    4    4    6
   11   14   25    3    1    7
   11   14   20    2    8    5
   11   14   62    6    2    7
   11   14    8    1    8    7
   11   14   13    2    1    7
   11   14   41    4    5    7
   11   14  105    9    9    2
   11   14   68    6    8    3
   11   14   84    7   12    1
   11   14   79    7    7    2
   11   14  104    9    8    7
   11   14  111   10    3    2
   11   14  116   10    8    7
   11   14   73    7    1    7
   11   14    2    1    2    4
   11   14    4    1    4    4
   11   14   72    6   12    7
   11   14  110   10    2    2
   11   14    5    1    5    7
   11   14   99    9    3    2
   11   14   26    3    2    5
   11   14   47    4   11    1
   11   14  101    9    5    7
   11   14  119   10   11    2
   11   14  103    9    7    7
   11   14  108    9   12    2
   11   14   42    4    6    1
   11   14   17    2    5    7
   11   14   11    1   11    7
   11   14   67    6    7    4
    5   14   24    2   12    9
    5   14   54    5    6    4
    5   14   27    3    3    5
    5   14   26    3    2    4
    5   14   12    1   12    1
    5   14   52    5    4    1
    5   14  100    9    4    4
    5   14  108    9   12    8
    5   14   80    7    8    1
    5   14   95    8   11    2
    5   14    1    1    1    1
    5   14   68    6    8    3
    5   14   34    3   10    1
    5   14   22    2   10    9
    5   14    6    1    6    1
    5   14   70    6   10    4
    5   14   42    4    6    4
    5   14   71    6   11    3
    5   14   14    2    2    1
    5   14   77    7    5    3
    5   14   83    7   11    6
    5   14   64    6    4    3
    5   14   44    4    8    1
    5   14  103    9    7    3
    5   14  110   10    2    8
    5   14  102    9    6    2
    5   14   10    1   10    3
    5   14   50    5    2    3
    5   14    2    1    2    4
    5   14   25    3    1    2
    5   14   75    7    3    1
    5   14   62    6    2    1
    5   14   85    8    1    5
    5   14   29    3    5    5
    5   14   99    9    3    3
    5   14  118   10   10    2
    5   14   63    6    3    3
    5   14  117   10    9    1
    5   14   51    5    3    1
    5   14   43    4    7    2
    5   14   15    2    3    2
    5   14   19    2    7    4
    5   14  107    9   11    7
    5   14   18    2    6    3
    5   14   20    2    8    4
    5   14   23    2   11    9
    5   14   93    8    9    4
    5   14   82    7   10    9
    5   14   96    8   12    1
    5   14  120   10   12    1
    5   14    9    1    9    3
    5   14   76    7    4    7
    5   14   41    4    5    1
    5   14   56    5    8    1
    5   14  116   10    8    1
    5   14   66    6    6    3
    5   14   16    2    4    1
    5   14   90    8    6    7
    5   14   73    7    1    1
    5   14   28    3    4    5
    5   14   46    4   10    9
    5   14    7    1    7    1
    5   14  112   10    4    8
    5   14   84    7   12    1
    5   14   35    3   11    1
    5   14   37    4    1    4
    5   14    3    1    3    3
    5   14  115   10    7    1
    5   14   92    8    8    8
    5   14   94    8   10    4
    5   14  114   10    6    1
    5   14   59    5   11    3
    5   14  101    9    5    2
    5   14   13    2    1    1
    5   14   79    7    7    3
    5   14   33    3    9    1
    5   14  105    9    9    7
    5   14   97    9    1    1
    5   14   89    8    5    5
    5   14    5    1    5    1
    5   14   67    6    7    1
    5   14   72    6   12    4
    5   14   30    3    6    3
    5   14   58    5   10    5
    5   14  113   10    5    2
    5   14   60    5   12    2
    5   14   98    9    2    2
    5   14  106    9   10    5
    5   14   45    4    9    9
    5   14   69    6    9    3
    5   14   39    4    3    5
    5   14   31    3    7    5
    5   14   57    5    9    5
    5   14  104    9    8    1
    5   14   74    7    2    7
    5   14   49    5    1    1
    5   14   17    2    5    3
    5   14    4    1    4    3
    5   14   88    8    4    2
    5   14  119   10   11    2
    5   14   32    3    8    4
    5   14   81    7    9    9
    5   14   78    7    6    3
    5   14   36    3   12    1
    5   14   11    1   11    2
    5   14    8    1    8    1
    5   14   47    4   11    9
    5   14   87    8    3    1
    5   14   21    2    9    9
    5   14   61    6    1    5
    5   14   40    4    4    3
    5   14   86    8    2    1
    5   14   53    5    5    3
    5   14   91    8    7    4
    5   14   48    4   12    9
    5   14  109   10    1    9
    5   14   65    6    5    6
    5   14  111   10    3    7
    5   14   55    5    7    1
    5   14   38    4    2    3
