   11    4   65    6    5    4
   11    4   88    8    4    8
   11    4   19    2    7    4
   11    4  116   10    8    9
   11    4  119   10   11    5
   11    4    1    1    1    5
   11    4  118   10   10    6
   11    4   95    8   11    9
   11    4   53    5    5    9
   11    4  114   10    6    9
   11    4   64    6    4    5
   11    4   37    4    1    8
   11    4    2    1    2    2
   11    4   81    7    9    2
   11    4   97    9    1    8
   11    4  109   10    1    2
   11    4   70    6   10    8
   11    4   79    7    7    1
   11    4   13    2    1    8
   11    4   93    8    9    5
   11    4   86    8    2    9
   11    4   57    5    9    2
   11    4   83    7   11    5
   11    4   48    4   12    6
   11    4   75    7    3    8
   11    4    4    1    4    5
   11    4   36    3   12    9
   11    4   94    8   10    9
   11    4   99    9    3    1
   11    4  117   10    9    8
   11    4   52    5    4    8
   11    4   92    8    8    5
   11    4   66    6    6    7
   11    4   41    4    5    9
   11    4   80    7    8    3
   11    4   29    3    5    5
   11    4   14    2    2    8
   11    4   98    9    2    3
   11    4    7    1    7    7
   11    4   20    2    8    3
   11    4   33    3    9    3
   11    4  110   10    2    3
   11    4   31    3    7    5
   11    4   40    4    4    2
   11    4    8    1    8    8
   11    4    6    1    6    8
   11    4   84    7   12    2
   11    4   60    5   12    2
   11    4   58    5   10    1
   11    4   96    8   12    9
   11    4   27    3    3    3
   11    4  105    9    9    1
   11    4   15    2    3    8
   11    4   91    8    7    9
   11    4   78    7    6    2
   11    4   32    3    8    5
   11    4   16    2    4    9
   11    4   55    5    7    6
   11    4   26    3    2    7
   11    4    3    1    3    6
   11    4   12    1   12    6
   11    4   61    6    1    7
   11    4   21    2    9    2
   11    4   69    6    9    3
   11    4  102    9    6    8
   11    4   22    2   10    3
   11    4   82    7   10    4
   11    4   25    3    1    3
   11    4   11    1   11    3
   11    4   38    4    2    2
   11    4  100    9    4    2
   11    4   67    6    7    4
   11    4   18    2    6    2
   11    4   23    2   11    3
   11    4  107    9   11    7
   11    4  120   10   12    4
   11    4   39    4    3    8
   11    4  101    9    5    7
   11    4   28    3    4    3
   11    4   47    4   11    5
   11    4   17    2    5    8
   11    4  112   10    4    3
   11    4  104    9    8    7
   11    4   43    4    7    7
   11    4   44    4    8    8
   11    4   74    7    2    4
   11    4  115   10    7    7
   11    4   73    7    1    7
   11    4  113   10    5    7
   11    4   77    7    5    3
   11    4   76    7    4    8
   11    4   90    8    6    8
   11    4   10    1   10    3
   11    4    9    1    9    7
   11    4   59    5   11    7
   11    4  111   10    3    1
   11    4   68    6    8    3
   11    4   87    8    3    8
   11    4   45    4    9    4
   11    4   24    2   12    6
   11    4   71    6   11    3
   11    4   34    3   10    7
   11    4   50    5    2    7
   11    4   42    4    6    6
   11    4   89    8    5    9
   11    4   46    4   10    4
   11    4   49    5    1    7
   11    4   62    6    2    7
   11    4   72    6   12    8
   11    4   56    5    8    6
   11    4   63    6    3    4
   11    4   35    3   11    7
   11    4  103    9    7    7
   11    4  108    9   12    2
   11    4   30    3    6    4
   11    4   51    5    3    7
   11    4   54    5    6    5
   11    4    5    1    5    6
   11    4   85    8    1    9
   11    4  106    9   10    2
    5    4   79    7    7    3
    5    4  119   10   11    1
    5    4   26    3    2    3
    5    4   78    7    6    1
    5    4   42    4    6    1
    5    4  112   10    4    7
    5    4   22    2   10    4
    5    4    4    1    4    3
    5    4   55    5    7    1
    5    4   49    5    1    2
    5    4   87    8    3    3
    5    4   60    5   12    3
    5    4   69    6    9    3
    5    4   38    4    2    1
    5    4    1    1    1    3
    5    4   62    6    2    3
    5    4   75    7    3    3
    5    4   53    5    5    3
    5    4   76    7    4    8
    5    4   59    5   11    3
    5    4   99    9    3    3
    5    4   29    3    5    4
    5    4   90    8    6    8
    5    4   31    3    7    8
    5    4  104    9    8    1
    5    4   41    4    5    1
    5    4   93    8    9    2
    5    4  107    9   11    8
    5    4   51    5    3    1
    5    4   40    4    4    1
    5    4   33    3    9    2
    5    4    9    1    9    2
    5    4   92    8    8    7
    5    4   95    8   11    2
    5    4   84    7   12    3
    5    4  102    9    6    1
    5    4  103    9    7    1
    5    4  115   10    7    1
    5    4  114   10    6    1
    5    4  100    9    4    2
    5    4   66    6    6    2
    5    4   48    4   12    9
    5    4   47    4   11    7
    5    4   61    6    1    2
    5    4   98    9    2    1
    5    4    7    1    7    1
    5    4   63    6    3    2
    5    4   88    8    4    2
    5    4   17    2    5    3
    5    4  110   10    2    8
    5    4   23    2   11    8
    5    4  106    9   10    8
    5    4  101    9    5    1
    5    4   50    5    2    2
    5    4   20    2    8    2
    5    4   36    3   12    1
    5    4   72    6   12    3
    5    4   89    8    5    4
    5    4   39    4    3    4
    5    4  108    9   12    9
    5    4   80    7    8    1
    5    4  120   10   12    1
    5    4   70    6   10    2
    5    4    3    1    3    7
    5    4   94    8   10    1
    5    4   35    3   11    1
    5    4   54    5    6    2
    5    4   73    7    1    1
    5    4   10    1   10    2
    5    4   16    2    4    1
    5    4    8    1    8    1
    5    4   43    4    7    1
    5    4   32    3    8    2
    5    4   14    2    2    1
    5    4   96    8   12    1
    5    4  116   10    8    1
    5    4   71    6   11    2
    5    4  118   10   10    2
    5    4   57    5    9    1
    5    4   83    7   11    2
    5    4    2    1    2    1
    5    4   21    2    9    9
    5    4   82    7   10    8
    5    4   81    7    9    7
    5    4   27    3    3    4
    5    4   44    4    8    2
    5    4   65    6    5    4
    5    4  113   10    5    1
    5    4   11    1   11    1
    5    4   52    5    4    1
    5    4  117   10    9    1
    5    4   86    8    2    2
    5    4    5    1    5    1
    5    4   46    4   10    8
    5    4   97    9    1    2
    5    4   77    7    5    2
    5    4   67    6    7    3
    5    4   68    6    8    3
    5    4   18    2    6    3
    5    4   91    8    7    5
    5    4   37    4    1    3
    5    4   34    3   10    1
    5    4   24    2   12    9
    5    4   19    2    7    2
    5    4   74    7    2    7
    5    4   64    6    4    1
    5    4   13    2    1    1
    5    4   15    2    3    1
    5    4   56    5    8    3
    5    4   85    8    1    7
    5    4   25    3    1    2
    5    4    6    1    6    1
    5    4   45    4    9    8
    5    4   58    5   10    7
    5    4  111   10    3    7
    5    4  105    9    9    7
    5    4   28    3    4    1
    5    4   12    1   12    1
    5    4   30    3    6    1
    5    4  109   10    1    9
    8    4   86    8    2    1
    8    4   10    1   10    1
    8    4   76    7    4    7
    8    4  105    9    9    9
    8    4  109   10    1    6
    8    4   52    5    4    9
    8    4   87    8    3    1
    8    4   74    7    2    3
    8    4   16    2    4    5
    8    4   23    2   11    1
    8    4   58    5   10    5
    8    4   34    3   10    5
    8    4    3    1    3    1
    8    4  100    9    4    5
    8    4   48    4   12    5
    8    4   41    4    5    1
    8    4  117   10    9    5
    8    4  118   10   10    5
    8    4   96    8   12    1
    8    4   82    7   10    2
    8    4   25    3    1    2
    8    4    1    1    1    3
    8    4  104    9    8    5
    8    4   91    8    7    5
    8    4   31    3    7    3
    8    4   75    7    3    5
    8    4   88    8    4    1
    8    4   85    8    1    1
    8    4  107    9   11    5
    8    4   84    7   12    3
    8    4   61    6    1    7
    8    4   29    3    5    8
    8    4   13    2    1    4
    8    4   77    7    5    5
    8    4   56    5    8    3
    8    4   49    5    1    9
    8    4  102    9    6    5
    8    4  111   10    3    9
    8    4   93    8    9    1
    8    4   21    2    9    5
    8    4   81    7    9    5
    8    4   55    5    7    5
    8    4   28    3    4    5
    8    4   80    7    8    5
    8    4   37    4    1    7
    8    4   46    4   10    5
    8    4  115   10    7    5
    8    4   95    8   11    1
    8    4   60    5   12    5
    8    4   43    4    7    2
    8    4    7    1    7    5
    8    4   62    6    2    6
    8    4   24    2   12    5
    8    4   26    3    2    1
    8    4  110   10    2    9
    8    4   92    8    8    2
    8    4   17    2    5    1
    8    4   22    2   10    5
    8    4   38    4    2    2
    8    4  112   10    4    2
    8    4   69    6    9    2
    8    4   20    2    8    2
    8    4    2    1    2    3
    8    4   73    7    1    5
    8    4   67    6    7    5
    8    4   11    1   11    8
    8    4   36    3   12    5
    8    4  108    9   12    5
    8    4   89    8    5    5
    8    4   27    3    3    1
    8    4   40    4    4    2
    8    4   44    4    8    8
    8    4    5    1    5    2
    8    4   35    3   11    5
    8    4    6    1    6    5
    8    4  101    9    5    5
    8    4   66    6    6    5
    8    4   18    2    6    1
    8    4   39    4    3    1
    8    4   90    8    6    5
    8    4   64    6    4    5
    8    4   65    6    5    5
    8    4    4    1    4    2
    8    4    9    1    9    1
    8    4   97    9    1    5
    8    4   14    2    2    5
    8    4  106    9   10    5
    8    4   12    1   12    2
    8    4   45    4    9    5
    8    4   19    2    7    2
    8    4   50    5    2    9
    8    4  116   10    8    5
    8    4   59    5   11    8
    8    4   63    6    3    2
    8    4   99    9    3    5
    8    4  113   10    5    5
    8    4   83    7   11    5
    8    4   71    6   11    3
    8    4   70    6   10    5
    8    4  119   10   11    5
    8    4   53    5    5    5
    8    4   51    5    3    7
    8    4   94    8   10    1
    8    4   57    5    9    7
    8    4   68    6    8    2
    8    4  103    9    7    5
    8    4   32    3    8    4
    8    4   15    2    3    1
    8    4   98    9    2    5
    8    4   30    3    6    4
    8    4   54    5    6    5
    8    4   79    7    7    5
    8    4   47    4   11    5
    8    4   33    3    9    5
    8    4    8    1    8    5
    8    4   78    7    6    5
    8    4  120   10   12    5
    8    4  114   10    6    5
    8    4   42    4    6    7
    8    4   72    6   12    1
