    1   23   66    6    6    3
    1   23   93    8    9    5
    1   23  108    9   12    7
    1   23  102    9    6    3
    1   23  114   10    6    7
    1   23   92    8    8    2
    1   23    3    1    3    4
    1   23   18    2    6    6
    1   23   62    6    2    7
    1   23   26    3    2    3
    1   23   86    8    2    3
    1   23   14    2    2    2
    1   23   89    8    5    8
    1   23  112   10    4    7
    1   23   52    5    4    4
    1   23   75    7    3    5
    1   23  115   10    7    6
    1   23    5    1    5    1
    1   23   23    2   11    1
    1   23   70    6   10    6
    1   23   69    6    9    7
    1   23  111   10    3    9
    1   23   16    2    4    2
    1   23   12    1   12    7
    1   23   98    9    2    5
    1   23   73    7    1    4
    1   23    7    1    7    3
    1   23   17    2    5    4
    1   23   29    3    5    5
    1   23   20    2    8    4
    1   23   13    2    1    3
    1   23   96    8   12    5
    1   23  113   10    5    5
    1   23  105    9    9    7
    1   23   87    8    3    3
    1   23  103    9    7    7
    1   23   59    5   11    8
    1   23   81    7    9    1
    1   23   68    6    8    6
    1   23   49    5    1    6
    1   23   78    7    6    5
    1   23   22    2   10    1
    1   23   35    3   11    6
    1   23   42    4    6    2
    1   23   28    3    4    8
    1   23  106    9   10    8
    1   23  109   10    1    9
    1   23   27    3    3    5
    1   23   55    5    7    4
    1   23   67    6    7    3
    1   23   57    5    9    8
    1   23   94    8   10    4
    1   23   33    3    9    6
    1   23    6    1    6    3
    1   23   97    9    1    7
    1   23   79    7    7    5
    1   23   80    7    8    5
    1   23   11    1   11    6
    1   23  117   10    9    4
    1   23   39    4    3    6
    1   23   45    4    9    2
    1   23   50    5    2    7
    1   23   54    5    6    4
    1   23   84    7   12    1
    1   23    1    1    1    4
    1   23  101    9    5    7
    1   23   76    7    4    5
    1   23   74    7    2    4
    1   23    2    1    2    5
    1   23   60    5   12    5
    1   23  107    9   11    7
    1   23   91    8    7    3
    1   23  110   10    2    8
    1   23   46    4   10    2
    1   23   38    4    2    7
    1   23   19    2    7    6
    1   23  120   10   12    3
    1   23   88    8    4    5
    1   23    4    1    4    4
    1   23   31    3    7    5
    1   23   99    9    3    7
    1   23   44    4    8    3
    1   23  118   10   10    4
    1   23   24    2   12    1
    1   23    9    1    9    6
    1   23  104    9    8    5
    1   23   47    4   11    3
    1   23  100    9    4    6
    1   23   40    4    4    6
    1   23   32    3    8    3
    1   23    8    1    8    3
    1   23  116   10    8    4
    1   23   48    4   12    3
    1   23   30    3    6    6
    1   23   63    6    3    7
    1   23   82    7   10    2
    1   23   51    5    3    5
    1   23   21    2    9    1
    1   23  119   10   11    4
    1   23   56    5    8    4
    1   23   72    6   12    5
    1   23   83    7   11    3
    1   23   34    3   10    6
    1   23   71    6   11    7
    1   23   25    3    1    6
    1   23   53    5    5    4
    1   23   15    2    3    3
    1   23   61    6    1    5
    1   23   41    4    5    4
    1   23   10    1   10    6
    1   23   77    7    5    7
    1   23   85    8    1    5
    1   23   36    3   12    3
    1   23   37    4    1    7
    1   23   95    8   11    3
    1   23   65    6    5    6
    1   23   64    6    4    4
    1   23   43    4    7    3
    1   23   58    5   10    8
    1   23   90    8    6    7
    2   23   52    5    4    5
    2   23   10    1   10    7
    2   23   33    3    9    3
    2   23   91    8    7    4
    2   23   78    7    6    2
    2   23   55    5    7    3
    2   23    1    1    1    4
    2   23   49    5    1    5
    2   23   58    5   10    1
    2   23   86    8    2    3
    2   23   25    3    1    4
    2   23   77    7    5    2
    2   23   31    3    7    9
    2   23   66    6    6    6
    2   23   20    2    8    7
    2   23    8    1    8    3
    2   23   35    3   11    3
    2   23  115   10    7    5
    2   23  104    9    8    2
    2   23   94    8   10    7
    2   23   19    2    7    8
    2   23   46    4   10    2
    2   23   88    8    4    5
    2   23   73    7    1    5
    2   23   41    4    5    5
    2   23   27    3    3    6
    2   23   71    6   11    4
    2   23    3    1    3    7
    2   23   67    6    7    4
    2   23   36    3   12    6
    2   23   47    4   11    2
    2   23   84    7   12    3
    2   23   43    4    7    4
    2   23  107    9   11    3
    2   23   18    2    6    7
    2   23   68    6    8    4
    2   23   32    3    8    4
    2   23   51    5    3    3
    2   23   65    6    5    3
    2   23  120   10   12    1
    2   23   56    5    8    4
    2   23   45    4    9    2
    2   23  102    9    6    2
    2   23   75    7    3    4
    2   23   87    8    3    6
    2   23    6    1    6    6
    2   23   64    6    4    7
    2   23  103    9    7    3
    2   23   60    5   12    3
    2   23   90    8    6    3
    2   23   37    4    1    7
    2   23   85    8    1    8
    2   23  114   10    6    3
    2   23  110   10    2    9
    2   23   74    7    2    2
    2   23   53    5    5    4
    2   23    7    1    7    6
    2   23   21    2    9    1
    2   23   40    4    4    3
    2   23   80    7    8    1
    2   23   59    5   11    8
    2   23  101    9    5    2
    2   23  105    9    9    3
    2   23   70    6   10    4
    2   23   44    4    8    5
    2   23   72    6   12    6
    2   23   12    1   12    7
    2   23   23    2   11    1
    2   23   39    4    3    6
    2   23   16    2    4    5
    2   23   63    6    3    6
    2   23   98    9    2    4
    2   23   29    3    5    7
    2   23  108    9   12    3
    2   23   96    8   12    8
    2   23   50    5    2    7
    2   23  106    9   10    2
    2   23  111   10    3    8
    2   23  112   10    4    9
    2   23   15    2    3    7
    2   23   61    6    1    7
    2   23   97    9    1    5
    2   23   11    1   11    5
    2   23    4    1    4    6
    2   23    9    1    9    6
    2   23   83    7   11    3
    2   23  119   10   11    2
    2   23  113   10    5    4
    2   23   28    3    4    6
    2   23   89    8    5    1
    2   23   22    2   10    1
    2   23    2    1    2    5
    2   23   99    9    3    4
    2   23   93    8    9    9
    2   23   26    3    2    9
    2   23  117   10    9    5
    2   23  116   10    8    4
    2   23   82    7   10    1
    2   23   14    2    2    5
    2   23  109   10    1    4
    2   23   48    4   12    7
    2   23   92    8    8    7
    2   23   79    7    7    3
    2   23  100    9    4    3
    2   23   76    7    4    5
    2   23   95    8   11    5
    2   23   38    4    2    5
    2   23   57    5    9    3
    2   23   81    7    9    5
    2   23   13    2    1    6
    2   23    5    1    5    4
    2   23   54    5    6    4
    2   23   34    3   10    4
    2   23   30    3    6    5
    2   23   17    2    5    7
    2   23   69    6    9    4
    2   23  118   10   10    3
    2   23   62    6    2    6
    2   23   42    4    6    7
    2   23   24    2   12    1
    4   23   91    8    7    4
    4   23   18    2    6    5
    4   23   17    2    5    6
    4   23   48    4   12    3
    4   23   61    6    1    6
    4   23  120   10   12    5
    4   23    9    1    9    7
    4   23   50    5    2    6
    4   23   56    5    8    6
    4   23   63    6    3    6
    4   23   99    9    3    6
    4   23   23    2   11    2
    4   23   54    5    6    5
    4   23  102    9    6    5
    4   23  104    9    8    5
    4   23   94    8   10    8
    4   23   95    8   11    6
    4   23   71    6   11    4
    4   23   81    7    9    3
    4   23  113   10    5    4
    4   23  109   10    1    3
    4   23   69    6    9    4
    4   23   82    7   10    3
    4   23   67    6    7    5
    4   23   38    4    2    5
    4   23   86    8    2    6
    4   23   41    4    5    6
    4   23   45    4    9    3
    4   23   24    2   12    2
    4   23   74    7    2    4
    4   23   84    7   12    4
    4   23   33    3    9    5
    4   23   75    7    3    6
    4   23  103    9    7    6
    4   23  116   10    8    7
    4   23   72    6   12    7
    4   23    2    1    2    7
    4   23   87    8    3    7
    4   23  117   10    9    6
    4   23   62    6    2    6
    4   23   29    3    5    7
    4   23   12    1   12    6
    4   23    1    1    1    5
    4   23  114   10    6    5
    4   23   83    7   11    4
    4   23   28    3    4    7
    4   23    7    1    7    7
    4   23   34    3   10    5
    4   23  107    9   11    4
    4   23    3    1    3    5
    4   23   42    4    6    6
    4   23   26    3    2    6
    4   23  110   10    2    7
    4   23   90    8    6    2
    4   23   51    5    3    4
    4   23    8    1    8    5
    4   23   66    6    6    3
    4   23   80    7    8    2
    4   23   19    2    7    5
    4   23   55    5    7    5
    4   23   43    4    7    5
    4   23   20    2    8    6
    4   23    6    1    6    7
    4   23   14    2    2    6
    4   23   79    7    7    2
    4   23  101    9    5    2
    4   23   39    4    3    5
    4   23   59    5   11    5
    4   23   52    5    4    6
    4   23    4    1    4    7
    4   23   15    2    3    6
    4   23   98    9    2    4
    4   23   64    6    4    3
    4   23   25    3    1    4
    4   23   21    2    9    2
    4   23    5    1    5    4
    4   23   57    5    9    4
    4   23  112   10    4    7
    4   23  111   10    3    8
    4   23   27    3    3    6
    4   23  100    9    4    5
    4   23  119   10   11    5
    4   23   31    3    7    5
    4   23   53    5    5    5
    4   23   88    8    4    7
    4   23   36    3   12    6
    4   23   93    8    9    4
    4   23   37    4    1    5
    4   23   11    1   11    5
    4   23  115   10    7    5
    4   23   49    5    1    5
    4   23   96    8   12    6
    4   23   22    2   10    1
    4   23   47    4   11    3
    4   23   46    4   10    4
    4   23   73    7    1    5
    4   23   40    4    4    5
    4   23   58    5   10    4
    4   23   30    3    6    4
    4   23   97    9    1    5
    4   23   60    5   12    4
    4   23   16    2    4    5
    4   23  108    9   12    3
    4   23   44    4    8    7
    4   23   68    6    8    5
    4   23   13    2    1    5
    4   23  106    9   10    2
    4   23   78    7    6    2
    4   23   76    7    4    6
    4   23   70    6   10    5
    4   23  105    9    9    4
    4   23   85    8    1    7
    4   23   92    8    8    5
    4   23   10    1   10    5
    4   23   89    8    5    1
    4   23   77    7    5    2
    4   23  118   10   10    5
    4   23   65    6    5    5
    4   23   35    3   11    6
    4   23   32    3    8    6
