    2    9   28    3    4    9
    2    9   19    2    7    7
    2    9   11    1   11    5
    2    9   77    7    5    2
    2    9   12    1   12    7
    2    9  117   10    9    2
    2    9  108    9   12    2
    2    9   50    5    2    4
    2    9    4    1    4    6
    2    9   15    2    3    6
    2    9    2    1    2    7
    2    9   83    7   11    1
    2    9   29    3    5    5
    2    9  107    9   11    2
    2    9   49    5    1    4
    2    9   17    2    5    6
    2    9    3    1    3    7
    2    9   22    2   10    1
    2    9   24    2   12    1
    2    9   71    6   11    5
    2    9  102    9    6    2
    2    9   20    2    8    7
    2    9   34    3   10    3
    2    9  103    9    7    1
    2    9   78    7    6    2
    2    9   68    6    8    2
    2    9   51    5    3    3
    2    9   93    8    9    9
    2    9   58    5   10    1
    2    9   84    7   12    2
    2    9   87    8    3    9
    2    9   37    4    1    5
    2    9   40    4    4    3
    2    9   46    4   10    4
    2    9   44    4    8    5
    2    9   79    7    7    1
    2    9  111   10    3    8
    2    9   94    8   10    9
    2    9   86    8    2    9
    2    9   95    8   11    9
    2    9    6    1    6    4
    2    9   41    4    5    4
    2    9   74    7    2    2
    2    9   26    3    2    8
    2    9    8    1    8    3
    2    9   25    3    1    4
    2    9   33    3    9    2
    2    9   27    3    3    8
    2    9  105    9    9    1
    2    9   97    9    1    2
    2    9    1    1    1    4
    2    9   42    4    6    5
    2    9   70    6   10    4
    2    9   47    4   11    6
    2    9   80    7    8    1
    2    9   13    2    1    6
    2    9   65    6    5    4
    2    9   45    4    9    2
    2    9   63    6    3    6
    2    9   31    3    7    7
    2    9  113   10    5    3
    2    9   72    6   12    4
    2    9   23    2   11    1
    2    9   69    6    9    3
    2    9   21    2    9    2
    2    9  119   10   11    2
    2    9   56    5    8    3
    2    9   55    5    7    2
    2    9   38    4    2    4
    2    9   66    6    6    2
    2    9   91    8    7    2
    2    9   64    6    4    6
    2    9  106    9   10    2
    2    9  100    9    4    2
    2    9   96    8   12    9
    2    9  101    9    5    1
    2    9   10    1   10    7
    2    9   30    3    6    4
    2    9   81    7    9    2
    2    9   59    5   11    2
    2    9   99    9    3    1
    2    9   98    9    2    1
    2    9   16    2    4    2
    2    9  114   10    6    2
    2    9   76    7    4    3
    2    9  118   10   10    2
    2    9   62    6    2    6
    2    9   90    8    6    2
    2    9   82    7   10    1
    2    9   36    3   12    2
    2    9   85    8    1    9
    2    9  120   10   12    2
    2    9  116   10    8    3
    2    9   43    4    7    3
    2    9   89    8    5    1
    2    9   73    7    1    4
    2    9    9    1    9    6
    2    9   14    2    2    5
    2    9   75    7    3    6
    2    9   54    5    6    2
    2    9   67    6    7    2
    2    9  104    9    8    2
    2    9  109   10    1    4
    2    9   61    6    1    6
    2    9    7    1    7    2
    2    9  115   10    7    3
    2    9   39    4    3    7
    2    9   92    8    8    9
    2    9  110   10    2    8
    2    9   35    3   11    2
    2    9   60    5   12    2
    2    9    5    1    5    2
    2    9   88    8    4    8
    2    9   48    4   12    2
    2    9   57    5    9    3
    2    9  112   10    4    6
    2    9   18    2    6    6
    2    9   32    3    8    6
    2    9   52    5    4    4
    2    9   53    5    5    2
    1    9   31    3    7    4
    1    9   51    5    3    5
    1    9    2    1    2    4
    1    9  104    9    8    6
    1    9   81    7    9    1
    1    9   83    7   11    2
    1    9   60    5   12    7
    1    9   56    5    8    3
    1    9  102    9    6    6
    1    9   71    6   11    7
    1    9   63    6    3    5
    1    9   17    2    5    6
    1    9  107    9   11    8
    1    9   78    7    6    5
    1    9  105    9    9    8
    1    9   65    6    5    5
    1    9   33    3    9    8
    1    9  110   10    2    7
    1    9   80    7    8    5
    1    9  101    9    5    8
    1    9  109   10    1    9
    1    9   97    9    1    6
    1    9   73    7    1    4
    1    9   18    2    6    7
    1    9  111   10    3    9
    1    9   95    8   11    3
    1    9   54    5    6    4
    1    9   44    4    8    2
    1    9  114   10    6    7
    1    9   12    1   12    5
    1    9   84    7   12    1
    1    9   62    6    2    6
    1    9   98    9    2    5
    1    9   22    2   10    1
    1    9   72    6   12    6
    1    9   85    8    1    4
    1    9   37    4    1    5
    1    9   46    4   10    2
    1    9  113   10    5    7
    1    9    9    1    9    6
    1    9   75    7    3    5
    1    9   21    2    9    1
    1    9   76    7    4    5
    1    9   82    7   10    2
    1    9   34    3   10    8
    1    9   29    3    5    4
    1    9   24    2   12    2
    1    9   27    3    3    6
    1    9   26    3    2    4
    1    9   49    5    1    7
    1    9    1    1    1    4
    1    9  106    9   10    8
    1    9   93    8    9    5
    1    9   45    4    9    3
    1    9   28    3    4    6
    1    9   53    5    5    4
    1    9  120   10   12    4
    1    9    8    1    8    5
    1    9   64    6    4    6
    1    9   43    4    7    5
    1    9   19    2    7    7
    1    9    6    1    6    4
    1    9  108    9   12    9
    1    9   48    4   12    4
    1    9   20    2    8    5
    1    9   61    6    1    6
    1    9  118   10   10    6
    1    9   11    1   11    6
    1    9   87    8    3    3
    1    9   32    3    8    2
    1    9   77    7    5    5
    1    9   90    8    6    7
    1    9  112   10    4    7
    1    9   50    5    2    6
    1    9   70    6   10    7
    1    9   41    4    5    3
    1    9   68    6    8    5
    1    9   15    2    3    3
    1    9   89    8    5    7
    1    9   40    4    4    6
    1    9   47    4   11    2
    1    9  117   10    9    5
    1    9   58    5   10    9
    1    9   36    3   12    4
    1    9   74    7    2    4
    1    9   99    9    3    8
    1    9   35    3   11    7
    1    9   94    8   10    6
    1    9   13    2    1    4
    1    9   92    8    8    3
    1    9   96    8   12    6
    1    9   52    5    4    4
    1    9  119   10   11    5
    1    9   86    8    2    4
    1    9   66    6    6    3
    1    9   16    2    4    2
    1    9   57    5    9    8
    1    9   79    7    7    5
    1    9   10    1   10    6
    1    9   39    4    3    6
    1    9  115   10    7    7
    1    9   23    2   11    2
    1    9  100    9    4    7
    1    9    5    1    5    2
    1    9    3    1    3    4
    1    9    4    1    4    6
    1    9    7    1    7    4
    1    9   69    6    9    7
    1    9   59    5   11    8
    1    9   91    8    7    6
    1    9   38    4    2    8
    1    9   42    4    6    3
    1    9  103    9    7    7
    1    9   67    6    7    4
    1    9   88    8    4    6
    1    9   14    2    2    4
    1    9   55    5    7    5
    1    9  116   10    8    6
    1    9   25    3    1    6
    1    9   30    3    6    7
    4    9  120   10   12    2
    4    9   56    5    8    6
    4    9   59    5   11    6
    4    9  112   10    4    8
    4    9   86    8    2    7
    4    9   47    4   11    6
    4    9   64    6    4    4
    4    9   10    1   10    5
    4    9   67    6    7    4
    4    9   15    2    3    4
    4    9   63    6    3    3
    4    9   92    8    8    6
    4    9   70    6   10    3
    4    9  106    9   10    5
    4    9   21    2    9    1
    4    9   78    7    6    2
    4    9   73    7    1    5
    4    9   12    1   12    5
    4    9   77    7    5    2
    4    9   85    8    1    6
    4    9   54    5    6    2
    4    9    6    1    6    7
    4    9  101    9    5    1
    4    9   41    4    5    5
    4    9   52    5    4    5
    4    9  103    9    7    4
    4    9   69    6    9    3
    4    9   49    5    1    3
    4    9   13    2    1    6
    4    9   94    8   10    9
    4    9   65    6    5    6
    4    9   20    2    8    7
    4    9  117   10    9    3
    4    9   18    2    6    6
    4    9  104    9    8    4
    4    9  108    9   12    2
    4    9   11    1   11    6
    4    9   26    3    2    8
    4    9   97    9    1    3
    4    9   60    5   12    6
    4    9   87    8    3    7
    4    9    7    1    7    8
    4    9   90    8    6    4
    4    9  116   10    8    5
    4    9   38    4    2    3
    4    9   58    5   10    4
    4    9    4    1    4    7
    4    9    8    1    8    6
    4    9    9    1    9    6
    4    9   55    5    7    3
    4    9   83    7   11    4
    4    9   71    6   11    5
    4    9   23    2   11    1
    4    9   81    7    9    7
    4    9  100    9    4    4
    4    9   80    7    8    2
    4    9   35    3   11    7
    4    9   88    8    4    9
    4    9  109   10    1    8
    4    9   57    5    9    3
    4    9   24    2   12    1
    4    9   84    7   12    7
    4    9  107    9   11    6
    4    9   32    3    8    7
    4    9  105    9    9    6
    4    9   39    4    3    5
    4    9  102    9    6    3
    4    9   96    8   12    9
    4    9   43    4    7    4
    4    9   74    7    2    4
    4    9   99    9    3    3
    4    9  119   10   11    2
    4    9   72    6   12    4
    4    9    3    1    3    6
    4    9   91    8    7    8
    4    9    5    1    5    4
    4    9   37    4    1    6
    4    9   61    6    1    6
    4    9  114   10    6    3
    4    9  118   10   10    3
    4    9    1    1    1    4
    4    9   36    3   12    8
    4    9   27    3    3    8
    4    9   33    3    9    5
    4    9   76    7    4    7
    4    9   31    3    7    8
    4    9  115   10    7    5
    4    9   30    3    6    4
    4    9   82    7   10    5
    4    9   44    4    8    6
    4    9   89    8    5    1
    4    9   45    4    9    4
    4    9   75    7    3    6
    4    9    2    1    2    6
    4    9   95    8   11    6
    4    9   79    7    7    3
    4    9   62    6    2    4
    4    9   93    8    9    5
    4    9   66    6    6    6
    4    9   50    5    2    5
    4    9   46    4   10    6
    4    9   48    4   12    7
    4    9   17    2    5    5
    4    9  111   10    3    9
    4    9   16    2    4    6
    4    9   34    3   10    7
    4    9   29    3    5    8
    4    9  113   10    5    4
    4    9   40    4    4    4
    4    9   28    3    4    7
    4    9   98    9    2    2
    4    9   51    5    3    6
    4    9   22    2   10    1
    4    9   42    4    6    6
    4    9   53    5    5    6
    4    9  110   10    2    9
    4    9   68    6    8    6
    4    9   19    2    7    6
    4    9   14    2    2    6
    4    9   25    3    1    7
