    8   16   13    2    1    5
    8   16  101    9    5    9
    8   16   14    2    2    1
    8   16   89    8    5    7
    8   16   84    7   12    5
    8   16  103    9    7    9
    8   16   35    3   11    1
    8   16  109   10    1    5
    8   16   37    4    1    5
    8   16   91    8    7    1
    8   16   60    5   12    5
    8   16   87    8    3    1
    8   16   82    7   10    8
    8   16    6    1    6    1
    8   16   66    6    6    1
    8   16   88    8    4    1
    8   16   57    5    9    9
    8   16   75    7    3    6
    8   16   80    7    8    9
    8   16   27    3    3    1
    8   16   98    9    2    9
    8   16   77    7    5    9
    8   16   51    5    3    9
    8   16    2    1    2    5
    8   16  116   10    8    9
    8   16   20    2    8    5
    8   16    9    1    9    1
    8   16   90    8    6    5
    8   16   65    6    5    9
    8   16   46    4   10    6
    8   16   96    8   12    1
    8   16   11    1   11    9
    8   16   18    2    6    5
    8   16   69    6    9    9
    8   16   49    5    1    9
    8   16   22    2   10    9
    8   16   26    3    2    5
    8   16   85    8    1    1
    8   16  104    9    8    9
    8   16  117   10    9    9
    8   16   54    5    6    9
    8   16   38    4    2    9
    8   16   19    2    7    9
    8   16   71    6   11    9
    8   16   97    9    1    9
    8   16   61    6    1    5
    8   16   47    4   11    1
    8   16   24    2   12    5
    8   16  108    9   12    9
    8   16  113   10    5    9
    8   16   52    5    4    9
    8   16   55    5    7    9
    8   16   12    1   12    5
    8   16   40    4    4    5
    8   16  106    9   10    5
    8   16  114   10    6    9
    8   16   81    7    9    5
    8   16  119   10   11    9
    8   16   94    8   10    1
    8   16   67    6    7    9
    8   16  118   10   10    9
    8   16  110   10    2    5
    8   16   63    6    3    5
    8   16  105    9    9    9
    8   16   70    6   10    5
    8   16   33    3    9    9
    8   16    3    1    3    1
    8   16   36    3   12    5
    8   16    7    1    7    5
    8   16   45    4    9    5
    8   16  112   10    4    5
    8   16   79    7    7    9
    8   16   41    4    5    5
    8   16    4    1    4    1
    8   16   32    3    8    1
    8   16   44    4    8    1
    8   16   30    3    6    9
    8   16   58    5   10    9
    8   16    5    1    5    9
    8   16   29    3    5    9
    8   16    1    1    1    9
    8   16   59    5   11    9
    8   16   62    6    2    5
    8   16  111   10    3    9
    8   16   83    7   11    9
    8   16   86    8    2    1
    8   16   31    3    7    1
    8   16    8    1    8    9
    8   16   99    9    3    1
    8   16   78    7    6    9
    8   16   56    5    8    5
    8   16  102    9    6    9
    8   16   92    8    8    1
    8   16   10    1   10    9
    8   16   34    3   10    9
    8   16   43    4    7    9
    8   16   25    3    1    1
    8   16  120   10   12    1
    8   16   95    8   11    1
    8   16   42    4    6    9
    8   16   17    2    5    5
    8   16   23    2   11    9
    8   16   68    6    8    5
    8   16   73    7    1    5
    8   16   48    4   12    5
    8   16   72    6   12    5
    8   16  100    9    4    5
    8   16   93    8    9    5
    8   16   15    2    3    5
    8   16   76    7    4    5
    8   16   50    5    2    5
    8   16   64    6    4    5
    8   16   28    3    4    5
    8   16   16    2    4    5
    8   16  107    9   11    5
    8   16   53    5    5    5
    8   16   21    2    9    5
    8   16  115   10    7    5
    8   16   74    7    2    5
    8   16   39    4    3    5
   11   16   29    3    5    5
   11   16   13    2    1    9
   11   16   93    8    9    5
   11   16   41    4    5    7
   11   16   68    6    8    2
   11   16   71    6   11    3
   11   16   23    2   11    9
   11   16   84    7   12    8
   11   16   64    6    4    7
   11   16   50    5    2    6
   11   16   89    8    5    8
   11   16  112   10    4    6
   11   16   21    2    9    6
   11   16   78    7    6    6
   11   16   98    9    2    2
   11   16   49    5    1    2
   11   16  115   10    7    8
   11   16    5    1    5    8
   11   16   33    3    9    7
   11   16   96    8   12    8
   11   16   79    7    7    5
   11   16   70    6   10    2
   11   16   52    5    4    8
   11   16  120   10   12    6
   11   16   80    7    8    6
   11   16   35    3   11    7
   11   16   77    7    5    4
   11   16   14    2    2    7
   11   16   73    7    1    7
   11   16   19    2    7    2
   11   16   81    7    9    6
   11   16    1    1    1    6
   11   16   31    3    7    2
   11   16   34    3   10    7
   11   16  116   10    8    7
   11   16   28    3    4    1
   11   16   76    7    4    2
   11   16   91    8    7    6
   11   16   56    5    8    6
   11   16   63    6    3    4
   11   16   39    4    3    3
   11   16  103    9    7    7
   11   16  118   10   10    5
   11   16   90    8    6    7
   11   16   11    1   11    7
   11   16  105    9    9    4
   11   16  107    9   11    2
   11   16   47    4   11    5
   11   16   61    6    1    5
   11   16   18    2    6    5
   11   16   12    1   12    5
   11   16    2    1    2    4
   11   16  110   10    2    1
   11   16  101    9    5    8
   11   16   86    8    2    7
   11   16    8    1    8    7
   11   16   26    3    2    7
   11   16   95    8   11    6
   11   16   10    1   10    8
   11   16   67    6    7    5
   11   16  104    9    8    7
   11   16    4    1    4    5
   11   16   55    5    7    5
   11   16   36    3   12    7
   11   16   94    8   10    7
   11   16   65    6    5    5
   11   16    3    1    3    4
   11   16   60    5   12    5
   11   16   72    6   12    5
   11   16   42    4    6    6
   11   16   54    5    6    5
   11   16   99    9    3    2
   11   16  100    9    4    2
   11   16   92    8    8    2
   11   16  117   10    9    3
   11   16   66    6    6    4
   11   16   46    4   10    4
   11   16  111   10    3    2
   11   16   15    2    3    7
   11   16  113   10    5    8
   11   16   57    5    9    3
   11   16   69    6    9    2
   11   16   58    5   10    2
   11   16   32    3    8    2
   11   16   75    7    3    7
   11   16  108    9   12    2
   11   16   24    2   12    6
   11   16   74    7    2    8
   11   16   62    6    2    8
   11   16   82    7   10    9
   11   16   88    8    4    8
   11   16   16    2    4    2
   11   16  114   10    6    8
   11   16   97    9    1    8
   11   16   51    5    3    7
   11   16  119   10   11    7
   11   16   27    3    3    2
   11   16   30    3    6    7
   11   16    7    1    7    7
   11   16   48    4   12    8
   11   16   53    5    5    3
   11   16   83    7   11    6
   11   16   44    4    8    6
   11   16  102    9    6    6
   11   16    6    1    6    6
   11   16   43    4    7    6
   11   16   37    4    1    3
   11   16   59    5   11    2
   11   16   87    8    3    8
   11   16    9    1    9    8
   11   16   25    3    1    8
   11   16   45    4    9    8
   11   16   17    2    5    8
   11   16  106    9   10    8
   11   16   38    4    2    2
   11   16   20    2    8    6
   11   16   85    8    1    9
   11   16   40    4    4    2
   11   16  109   10    1    2
   11   16   22    2   10    8
    5   16   17    2    5    1
    5   16    5    1    5    1
    5   16  105    9    9    5
    5   16   84    7   12    8
    5   16  119   10   11    1
    5   16   12    1   12    5
    5   16    8    1    8    1
    5   16  109   10    1    5
    5   16   76    7    4    9
    5   16  115   10    7    1
    5   16   33    3    9    1
    5   16   43    4    7    1
    5   16  118   10   10    1
    5   16   60    5   12    5
    5   16   87    8    3    1
    5   16  104    9    8    1
    5   16   58    5   10    5
    5   16  107    9   11    6
    5   16   93    8    9    7
    5   16   66    6    6    7
    5   16   73    7    1    1
    5   16   63    6    3    5
    5   16   15    2    3    1
    5   16   86    8    2    1
    5   16   28    3    4    7
    5   16   59    5   11    5
    5   16   61    6    1    5
    5   16   23    2   11    7
    5   16    3    1    3    9
    5   16  120   10   12    1
    5   16   64    6    4    9
    5   16   41    4    5    1
    5   16   11    1   11    1
    5   16   27    3    3    1
    5   16   30    3    6    5
    5   16   85    8    1    1
    5   16   49    5    1    1
    5   16   74    7    2    8
    5   16   31    3    7    8
    5   16  101    9    5    5
    5   16  111   10    3    5
    5   16  106    9   10    5
    5   16   44    4    8    6
    5   16   46    4   10    6
    5   16   55    5    7    1
    5   16   45    4    9    5
    5   16   97    9    1    1
    5   16    6    1    6    5
    5   16   36    3   12    1
    5   16  117   10    9    8
    5   16   92    8    8    8
    5   16   48    4   12    5
    5   16   26    3    2    8
    5   16   32    3    8    5
    5   16  116   10    8    5
    5   16   56    5    8    8
    5   16   72    6   12    8
    5   16   16    2    4    8
    5   16   53    5    5    1
    5   16  113   10    5    5
    5   16   96    8   12    5
    5   16   37    4    1    5
    5   16   51    5    3    5
    5   16   70    6   10    5
    5   16    1    1    1    5
    5   16   89    8    5    5
    5   16   95    8   11    8
    5   16   18    2    6    1
    5   16   20    2    8    5
    5   16   69    6    9    5
    5   16  112   10    4    1
    5   16  103    9    7    5
    5   16   75    7    3    1
    5   16   94    8   10    8
    5   16  102    9    6    5
    5   16   99    9    3    1
    5   16   65    6    5    5
    5   16   90    8    6    6
    5   16   47    4   11    5
    5   16   14    2    2    2
    5   16   91    8    7    1
    5   16   24    2   12    1
    5   16   25    3    1    1
    5   16   39    4    3    1
    5   16   42    4    6    1
    5   16   80    7    8    1
    5   16    2    1    2    8
    5   16   81    7    9    8
    5   16  114   10    6    5
    5   16   71    6   11    5
    5   16  108    9   12    5
    5   16   83    7   11    1
    5   16   34    3   10    5
    5   16   67    6    7    8
    5   16   40    4    4    5
    5   16   50    5    2    6
    5   16   52    5    4    1
    5   16   88    8    4    1
    5   16   21    2    9    8
    5   16  100    9    4    5
    5   16   29    3    5    5
    5   16    4    1    4    8
    5   16  110   10    2    5
    5   16   35    3   11    8
    5   16   54    5    6    8
    5   16   77    7    5    8
    5   16   98    9    2    5
    5   16   13    2    1    1
    5   16   62    6    2    1
    5   16    9    1    9    1
    5   16   78    7    6    1
    5   16   68    6    8    5
    5   16   79    7    7    5
    5   16   10    1   10    8
    5   16   19    2    7    8
    5   16   38    4    2    8
    5   16   82    7   10    5
    5   16    7    1    7    5
    5   16   22    2   10    1
    5   16   57    5    9    5
