    8   30  113   10    5    5
    8   30    2    1    2    5
    8   30   60    5   12    9
    8   30   95    8   11    1
    8   30  117   10    9    9
    8   30   75    7    3    5
    8   30    1    1    1    9
    8   30   35    3   11    5
    8   30   58    5   10    9
    8   30   17    2    5    1
    8   30   46    4   10    9
    8   30    6    1    6    1
    8   30   38    4    2    9
    8   30   99    9    3    5
    8   30   49    5    1    9
    8   30   87    8    3    3
    8   30   12    1   12    8
    8   30   68    6    8    6
    8   30    7    1    7    8
    8   30   14    2    2    6
    8   30   30    3    6    8
    8   30   64    6    4    5
    8   30   57    5    9    8
    8   30  110   10    2    3
    8   30   98    9    2    9
    8   30   81    7    9    8
    8   30   47    4   11    6
    8   30   43    4    7    6
    8   30   11    1   11    8
    8   30   51    5    3    9
    8   30   29    3    5    1
    8   30   69    6    9    1
    8   30   66    6    6    1
    8   30   91    8    7    9
    8   30   23    2   11    1
    8   30   88    8    4    1
    8   30   20    2    8    1
    8   30   72    6   12    9
    8   30   39    4    3    3
    8   30   96    8   12    1
    8   30   76    7    4    5
    8   30   21    2    9    7
    8   30   62    6    2    9
    8   30   53    5    5    5
    8   30   73    7    1    1
    8   30  111   10    3    1
    8   30   10    1   10    1
    8   30   71    6   11    9
    8   30   59    5   11    5
    8   30   79    7    7    9
    8   30   28    3    4    5
    8   30   36    3   12    1
    8   30   82    7   10    8
    8   30    5    1    5    5
    8   30   74    7    2    5
    8   30   97    9    1    8
    8   30   41    4    5    1
    8   30   25    3    1    1
    8   30   45    4    9    1
    8   30    4    1    4    1
    8   30  108    9   12    9
    8   30   27    3    3    1
    8   30  116   10    8    1
    8   30  107    9   11    8
    8   30   48    4   12    1
    8   30   61    6    1    1
    8   30  101    9    5    9
    8   30   31    3    7    1
    8   30  105    9    9    9
    8   30  120   10   12    5
    8   30   89    8    5    7
    8   30   15    2    3    1
    8   30   93    8    9    1
    8   30   94    8   10    1
    8   30   44    4    8    1
    8   30   33    3    9    1
    8   30  118   10   10    9
    8   30    8    1    8    1
    8   30   18    2    6    1
    8   30   52    5    4    5
    8   30   83    7   11    9
    8   30  109   10    1    8
    8   30   86    8    2    1
    8   30  103    9    7    9
    8   30   77    7    5    9
    8   30   34    3   10    1
    8   30  102    9    6    5
    8   30   63    6    3    1
    8   30   16    2    4    1
    8   30   92    8    8    1
    8   30   56    5    8    1
    8   30   40    4    4    8
    8   30   55    5    7    9
    8   30   80    7    8    9
    8   30   22    2   10    1
    8   30   42    4    6    1
    8   30  100    9    4    8
    8   30  119   10   11    8
    8   30    3    1    3    5
    8   30   19    2    7    1
    8   30  114   10    6    8
    8   30  104    9    8    8
    8   30   85    8    1    1
    8   30   32    3    8    1
    8   30    9    1    9    1
    8   30   70    6   10    4
    8   30   26    3    2    1
    8   30   24    2   12    8
    8   30  106    9   10    8
    8   30   37    4    1    1
    8   30   78    7    6    9
    8   30   65    6    5    4
    8   30  112   10    4    1
    8   30   90    8    6    4
    8   30   54    5    6    9
    8   30   13    2    1    1
    8   30   84    7   12    9
    8   30   50    5    2    9
    8   30   67    6    7    9
    8   30  115   10    7    1
   11   30   48    4   12    1
   11   30  105    9    9    1
   11   30   98    9    2    3
   11   30   55    5    7    4
   11   30    5    1    5    1
   11   30   89    8    5    9
   11   30   61    6    1    7
   11   30   80    7    8    1
   11   30   94    8   10    9
   11   30   76    7    4    6
   11   30   54    5    6    5
   11   30  117   10    9    5
   11   30   46    4   10    4
   11   30  113   10    5    8
   11   30   15    2    3    3
   11   30   77    7    5    4
   11   30   31    3    7    6
   11   30   21    2    9    1
   11   30   50    5    2    8
   11   30    3    1    3    6
   11   30   96    8   12    9
   11   30  106    9   10    1
   11   30  111   10    3    1
   11   30   86    8    2    2
   11   30   85    8    1    7
   11   30   35    3   11    8
   11   30   45    4    9    1
   11   30   64    6    4    1
   11   30   18    2    6    7
   11   30    7    1    7    4
   11   30    6    1    6    3
   11   30   38    4    2    8
   11   30   56    5    8    1
   11   30   33    3    9    9
   11   30   62    6    2    9
   11   30  109   10    1    7
   11   30   43    4    7    1
   11   30   95    8   11    8
   11   30   83    7   11    1
   11   30   93    8    9    5
   11   30    4    1    4    5
   11   30   52    5    4    2
   11   30   39    4    3    9
   11   30   59    5   11    8
   11   30   91    8    7    2
   11   30   99    9    3    6
   11   30  101    9    5    7
   11   30   27    3    3    6
   11   30   11    1   11    9
   11   30   23    2   11    2
   11   30  100    9    4    8
   11   30   79    7    7    3
   11   30   51    5    3    8
   11   30   29    3    5    8
   11   30   75    7    3    7
   11   30   32    3    8    5
   11   30   90    8    6    5
   11   30   72    6   12    5
   11   30  102    9    6    5
   11   30  107    9   11    7
   11   30   87    8    3    8
   11   30   22    2   10    1
   11   30   30    3    6    7
   11   30   47    4   11    1
   11   30   58    5   10    1
   11   30   14    2    2    2
   11   30  116   10    8    2
   11   30  119   10   11    1
   11   30   24    2   12    1
   11   30    9    1    9    8
   11   30   65    6    5    1
   11   30   17    2    5    7
   11   30   70    6   10    8
   11   30  112   10    4    7
   11   30  115   10    7    8
   11   30   57    5    9    1
   11   30   19    2    7    6
   11   30   67    6    7    2
   11   30    8    1    8    3
   11   30  114   10    6    9
   11   30   73    7    1    8
   11   30   34    3   10    8
   11   30   97    9    1    6
   11   30   20    2    8    5
   11   30   12    1   12    6
   11   30   42    4    6    6
   11   30   10    1   10    6
   11   30   53    5    5    8
   11   30   88    8    4    6
   11   30   78    7    6    3
   11   30   13    2    1    4
   11   30   60    5   12    1
   11   30  108    9   12    1
   11   30   16    2    4    4
   11   30   82    7   10    3
   11   30   92    8    8    3
   11   30  104    9    8    8
   11   30    2    1    2    2
   11   30   49    5    1    9
   11   30  120   10   12    9
   11   30   71    6   11    7
   11   30   40    4    4    2
   11   30   68    6    8    2
   11   30   81    7    9    4
   11   30   25    3    1    8
   11   30   63    6    3    4
   11   30  118   10   10    5
   11   30   69    6    9    6
   11   30   74    7    2    5
   11   30   44    4    8    3
   11   30   28    3    4    2
   11   30   41    4    5    4
   11   30   26    3    2    5
   11   30   37    4    1    4
   11   30   84    7   12    2
   11   30   66    6    6    4
   11   30  110   10    2    1
   11   30    1    1    1    5
   11   30  103    9    7    9
   11   30   36    3   12    8
    5   30   16    2    4    1
    5   30   99    9    3    1
    5   30   41    4    5    3
    5   30  102    9    6    3
    5   30   81    7    9    5
    5   30  118   10   10    1
    5   30  109   10    1    5
    5   30   71    6   11    1
    5   30    4    1    4    1
    5   30  120   10   12    1
    5   30   77    7    5    1
    5   30   27    3    3    3
    5   30   19    2    7    3
    5   30   72    6   12    3
    5   30    6    1    6    1
    5   30  104    9    8    1
    5   30   75    7    3    5
    5   30   95    8   11    1
    5   30  114   10    6    1
    5   30   44    4    8    2
    5   30   91    8    7    8
    5   30   43    4    7    8
    5   30   94    8   10    1
    5   30   97    9    1    1
    5   30   40    4    4    1
    5   30   73    7    1    8
    5   30   51    5    3    5
    5   30   85    8    1    5
    5   30  100    9    4    1
    5   30  111   10    3    5
    5   30   39    4    3    5
    5   30   52    5    4    1
    5   30   34    3   10    1
    5   30   56    5    8    8
    5   30   67    6    7    8
    5   30   13    2    1    1
    5   30   53    5    5    8
    5   30   48    4   12    8
    5   30   68    6    8    6
    5   30   46    4   10    9
    5   30   92    8    8    9
    5   30   70    6   10    1
    5   30   89    8    5    5
    5   30   98    9    2    2
    5   30   18    2    6    1
    5   30  119   10   11    2
    5   30  112   10    4    9
    5   30  101    9    5    7
    5   30   61    6    1    5
    5   30   47    4   11    9
    5   30   60    5   12    1
    5   30   35    3   11    1
    5   30   38    4    2    1
    5   30   69    6    9    1
    5   30   63    6    3    1
    5   30   84    7   12    9
    5   30   54    5    6    7
    5   30   80    7    8    7
    5   30   55    5    7    5
    5   30  103    9    7    5
    5   30   11    1   11    1
    5   30   45    4    9    9
    5   30    9    1    9    1
    5   30   57    5    9    5
    5   30   96    8   12    1
    5   30   14    2    2    8
    5   30   78    7    6    6
    5   30   29    3    5    6
    5   30   76    7    4    9
    5   30  116   10    8    2
    5   30   66    6    6    8
    5   30  108    9   12    7
    5   30   79    7    7    7
    5   30   25    3    1    1
    5   30   62    6    2    1
    5   30    8    1    8    1
    5   30   37    4    1    5
    5   30   50    5    2    5
    5   30  106    9   10    7
    5   30    3    1    3    7
    5   30  105    9    9    8
    5   30   36    3   12    1
    5   30   26    3    2    9
    5   30  115   10    7    1
    5   30   17    2    5    5
    5   30   64    6    4    7
    5   30    5    1    5    1
    5   30   20    2    8    5
    5   30   93    8    9    5
    5   30   28    3    4    5
    5   30  110   10    2    5
    5   30   12    1   12    4
    5   30   23    2   11    9
    5   30  113   10    5    3
    5   30   24    2   12    9
    5   30   31    3    7    6
    5   30   74    7    2    7
    5   30   30    3    6    1
    5   30   86    8    2    1
    5   30   58    5   10    5
    5   30   22    2   10    9
    5   30    7    1    7    1
    5   30   88    8    4    2
    5   30   59    5   11    5
    5   30   10    1   10    5
    5   30   87    8    3    5
    5   30   15    2    3    1
    5   30  117   10    9    1
    5   30   42    4    6    9
    5   30   21    2    9    9
    5   30   82    7   10    9
    5   30   90    8    6    9
    5   30    1    1    1    7
    5   30    2    1    2    5
    5   30   65    6    5    1
    5   30   32    3    8    7
    5   30   49    5    1    3
    5   30   33    3    9    1
    5   30  107    9   11    7
    5   30   83    7   11    9
