    1   11   78    7    6    5
    1   11   31    3    7    4
    1   11   20    2    8    3
    1   11   52    5    4    3
    1   11   11    1   11    5
    1   11   67    6    7    2
    1   11   22    2   10    1
    1   11   58    5   10    9
    1   11    3    1    3    4
    1   11   26    3    2    3
    1   11   54    5    6    4
    1   11   17    2    5    3
    1   11  113   10    5    7
    1   11   53    5    5    3
    1   11   62    6    2    4
    1   11   36    3   12    5
    1   11  114   10    6    6
    1   11  110   10    2    8
    1   11    1    1    1    4
    1   11  106    9   10    9
    1   11   84    7   12    1
    1   11   28    3    4    7
    1   11   91    8    7    4
    1   11   98    9    2    6
    1   11   39    4    3    6
    1   11   87    8    3    4
    1   11   64    6    4    3
    1   11   37    4    1    7
    1   11   69    6    9    7
    1   11   74    7    2    3
    1   11  102    9    6    5
    1   11   86    8    2    4
    1   11    6    1    6    3
    1   11   97    9    1    6
    1   11   59    5   11    8
    1   11    4    1    4    5
    1   11   61    6    1    5
    1   11  104    9    8    5
    1   11   29    3    5    6
    1   11   65    6    5    6
    1   11   88    8    4    6
    1   11   24    2   12    1
    1   11   89    8    5    7
    1   11   38    4    2    7
    1   11   32    3    8    2
    1   11   57    5    9    8
    1   11   90    8    6    7
    1   11   83    7   11    4
    1   11   55    5    7    5
    1   11   47    4   11    2
    1   11   94    8   10    8
    1   11   75    7    3    5
    1   11   63    6    3    5
    1   11   85    8    1    4
    1   11  107    9   11    8
    1   11   42    4    6    2
    1   11  108    9   12    9
    1   11    7    1    7    3
    1   11   46    4   10    2
    1   11   82    7   10    2
    1   11   99    9    3    9
    1   11   10    1   10    7
    1   11  115   10    7    5
    1   11  112   10    4    6
    1   11    8    1    8    3
    1   11   70    6   10    6
    1   11   30    3    6    7
    1   11    2    1    2    5
    1   11  105    9    9    6
    1   11   18    2    6    7
    1   11   77    7    5    6
    1   11    5    1    5    2
    1   11   15    2    3    2
    1   11   25    3    1    5
    1   11   79    7    7    5
    1   11   72    6   12    4
    1   11   21    2    9    1
    1   11   56    5    8    3
    1   11   43    4    7    3
    1   11   76    7    4    4
    1   11  101    9    5    9
    1   11   96    8   12    4
    1   11   34    3   10    5
    1   11  118   10   10    6
    1   11   48    4   12    2
    1   11   51    5    3    3
    1   11   16    2    4    2
    1   11   93    8    9    4
    1   11   50    5    2    5
    1   11  100    9    4    5
    1   11   33    3    9    6
    1   11  103    9    7    6
    1   11  111   10    3    9
    1   11   95    8   11    3
    1   11   40    4    4    6
    1   11   92    8    8    2
    1   11   12    1   12    3
    1   11   35    3   11    6
    1   11   19    2    7    5
    1   11   27    3    3    5
    1   11   68    6    8    6
    1   11   49    5    1    6
    1   11   81    7    9    2
    1   11   44    4    8    2
    1   11  116   10    8    4
    1   11   14    2    2    3
    1   11   45    4    9    2
    1   11   13    2    1    3
    1   11   80    7    8    5
    1   11  120   10   12    4
    1   11   60    5   12    6
    1   11   23    2   11    3
    1   11  119   10   11    5
    1   11   66    6    6    4
    1   11  109   10    1    9
    1   11  117   10    9    5
    1   11   73    7    1    4
    1   11   41    4    5    3
    1   11    9    1    9    7
    1   11   71    6   11    5
    4   11    9    1    9    6
    4   11   84    7   12    6
    4   11   65    6    5    5
    4   11   36    3   12    7
    4   11   51    5    3    6
    4   11   38    4    2    4
    4   11    3    1    3    6
    4   11   25    3    1    6
    4   11   26    3    2    7
    4   11   94    8   10    9
    4   11   66    6    6    8
    4   11    5    1    5    5
    4   11  100    9    4    4
    4   11   72    6   12    3
    4   11   59    5   11    4
    4   11  105    9    9    2
    4   11   42    4    6    7
    4   11   89    8    5    1
    4   11   61    6    1    6
    4   11   90    8    6    3
    4   11   76    7    4    4
    4   11   34    3   10    6
    4   11   30    3    6    5
    4   11  106    9   10    6
    4   11   85    8    1    8
    4   11   93    8    9    5
    4   11   54    5    6    3
    4   11   87    8    3    8
    4   11  118   10   10    3
    4   11   43    4    7    4
    4   11   73    7    1    5
    4   11  104    9    8    5
    4   11  108    9   12    1
    4   11   15    2    3    6
    4   11   86    8    2    8
    4   11   82    7   10    7
    4   11  120   10   12    6
    4   11    7    1    7    7
    4   11   49    5    1    5
    4   11   12    1   12    6
    4   11   29    3    5    7
    4   11   95    8   11    5
    4   11   35    3   11    6
    4   11   70    6   10    4
    4   11  109   10    1    7
    4   11   14    2    2    5
    4   11   56    5    8    6
    4   11    1    1    1    5
    4   11   23    2   11    2
    4   11   77    7    5    3
    4   11   96    8   12    9
    4   11   97    9    1    6
    4   11   55    5    7    4
    4   11   69    6    9    5
    4   11   99    9    3    5
    4   11  113   10    5    5
    4   11   62    6    2    5
    4   11  111   10    3    9
    4   11   18    2    6    8
    4   11   48    4   12    3
    4   11   24    2   12    1
    4   11   64    6    4    3
    4   11  103    9    7    4
    4   11  107    9   11    2
    4   11   53    5    5    4
    4   11   17    2    5    8
    4   11   44    4    8    7
    4   11   39    4    3    7
    4   11   60    5   12    6
    4   11    4    1    4    7
    4   11  112   10    4    8
    4   11  116   10    8    5
    4   11  102    9    6    4
    4   11    6    1    6    6
    4   11   75    7    3    5
    4   11  114   10    6    3
    4   11   71    6   11    2
    4   11   16    2    4    5
    4   11    2    1    2    6
    4   11   19    2    7    7
    4   11  115   10    7    5
    4   11   28    3    4    7
    4   11   45    4    9    2
    4   11   58    5   10    3
    4   11   88    8    4    8
    4   11   46    4   10    7
    4   11    8    1    8    5
    4   11   92    8    8    6
    4   11   80    7    8    3
    4   11   78    7    6    2
    4   11   98    9    2    3
    4   11   10    1   10    4
    4   11   20    2    8    6
    4   11   91    8    7    7
    4   11   41    4    5    5
    4   11   21    2    9    2
    4   11   83    7   11    2
    4   11   63    6    3    3
    4   11  119   10   11    4
    4   11   68    6    8    4
    4   11   32    3    8    6
    4   11   11    1   11    5
    4   11   74    7    2    2
    4   11   81    7    9    8
    4   11  101    9    5    2
    4   11   67    6    7    4
    4   11   50    5    2    6
    4   11   22    2   10    2
    4   11  110   10    2    9
    4   11   13    2    1    5
    4   11   57    5    9    6
    4   11   31    3    7    7
    4   11   40    4    4    5
    4   11   79    7    7    2
    4   11   27    3    3    5
    4   11  117   10    9    3
    4   11   47    4   11    2
    4   11   37    4    1    6
    4   11   33    3    9    4
    4   11   52    5    4    6
    2   11    6    1    6    6
    2   11    9    1    9    7
    2   11   70    6   10    4
    2   11  114   10    6    5
    2   11   46    4   10    3
    2   11   53    5    5    3
    2   11  120   10   12    3
    2   11   92    8    8    2
    2   11   56    5    8    4
    2   11   61    6    1    6
    2   11   12    1   12    5
    2   11   32    3    8    7
    2   11   17    2    5    8
    2   11  100    9    4    4
    2   11    3    1    3    6
    2   11    4    1    4    5
    2   11   91    8    7    3
    2   11   15    2    3    5
    2   11   51    5    3    4
    2   11  116   10    8    3
    2   11   42    4    6    5
    2   11  119   10   11    2
    2   11   48    4   12    1
    2   11   75    7    3    6
    2   11   60    5   12    4
    2   11    1    1    1    7
    2   11  108    9   12    1
    2   11   98    9    2    2
    2   11   59    5   11    3
    2   11   41    4    5    5
    2   11    8    1    8    4
    2   11   44    4    8    6
    2   11   11    1   11    5
    2   11  113   10    5    4
    2   11   80    7    8    2
    2   11   84    7   12    3
    2   11   43    4    7    4
    2   11   26    3    2    5
    2   11   95    8   11    9
    2   11  102    9    6    3
    2   11   88    8    4    8
    2   11   66    6    6    4
    2   11   78    7    6    2
    2   11   65    6    5    6
    2   11   40    4    4    5
    2   11   21    2    9    1
    2   11  112   10    4    1
    2   11  118   10   10    2
    2   11   14    2    2    5
    2   11   19    2    7    7
    2   11   89    8    5    1
    2   11   83    7   11    2
    2   11   94    8   10    8
    2   11   58    5   10    3
    2   11   36    3   12    6
    2   11    2    1    2    7
    2   11  109   10    1    4
    2   11  101    9    5    2
    2   11   74    7    2    1
    2   11   13    2    1    6
    2   11   18    2    6    7
    2   11   85    8    1    8
    2   11   82    7   10    1
    2   11  103    9    7    3
    2   11  105    9    9    3
    2   11   50    5    2    5
    2   11   71    6   11    6
    2   11   57    5    9    5
    2   11   86    8    2    7
    2   11   22    2   10    1
    2   11   38    4    2    4
    2   11   62    6    2    4
    2   11   34    3   10    3
    2   11   28    3    4    9
    2   11   87    8    3    9
    2   11   76    7    4    2
    2   11   79    7    7    2
    2   11   63    6    3    3
    2   11   10    1   10    7
    2   11   37    4    1    6
    2   11   27    3    3    5
    2   11  106    9   10    3
    2   11  104    9    8    2
    2   11   54    5    6    2
    2   11   90    8    6    1
    2   11   47    4   11    1
    2   11   73    7    1    3
    2   11   72    6   12    5
    2   11   81    7    9    5
    2   11   45    4    9    1
    2   11   77    7    5    2
    2   11   20    2    8    5
    2   11  115   10    7    6
    2   11   49    5    1    7
    2   11    5    1    5    5
    2   11   31    3    7    7
    2   11  111   10    3    9
    2   11   55    5    7    4
    2   11   35    3   11    4
    2   11   64    6    4    5
    2   11   30    3    6    6
    2   11   33    3    9    5
    2   11   68    6    8    6
    2   11   67    6    7    4
    2   11   25    3    1    9
    2   11   97    9    1    3
    2   11   16    2    4    4
    2   11    7    1    7    4
    2   11  107    9   11    3
    2   11   23    2   11    1
    2   11   96    8   12    8
    2   11   39    4    3    9
    2   11  117   10    9    2
    2   11   52    5    4    3
    2   11   24    2   12    1
    2   11   99    9    3    2
    2   11   29    3    5    6
    2   11   69    6    9    3
    2   11  110   10    2    9
    2   11   93    8    9    9
