Condition Subject Session Block Trial Subtype Token Response Correct Feedback RT 
         2      2065         1         1         1         2         1         5         0         1     10400
         2      2065         1         1         2         5         2         5         1         1      2315
         2      2065         1         1         3         7         1         6         0         1      5882
         2      2065         1         1         4        10         1         0         1         1      3243
         2      2065         1         1         5        10         2         8         0         1      6997
         2      2065         1         1         6         8         1         6         0         1      3112
         2      2065         1         1         7         7         2         3         0         1      3128
         2      2065         1         1         8         9         2         2         0         1      2598
         2      2065         1         1         9         6         2         1         0         1      4298
         2      2065         1         1        10        10         1         0         1         1      1802
         2      2065         1         1        11         3         2         6         0         1      3533
         2      2065         1         1        12         6         1         1         0         1      1946
         2      2065         1         1        13         4         1         4         1         1      2615
         2      2065         1         1        14         5         1         5         1         1      1545
         2      2065         1         1        15         8         1         8         1         1      4038
         2      2065         1         1        16         5         1         5         1         1      1855
         2      2065         1         1        17         7         1         7         1         1      3104
         2      2065         1         1        18         9         1         1         0         1      3535
         2      2065         1         1        19         3         1         2         0         1      1791
         2      2065         1         1        20         8         2         1         0         1       945
         2      2065         1         1        21         2         2         2         1         1      2198
         2      2065         1         1        22         3         1         7         0         1      5658
         2      2065         1         1        23        10         2         0         1         1      1876
         2      2065         1         1        24         4         1         1         0         1      3908
         2      2065         1         1        25         1         1         1         1         1      1234
         2      2065         1         1        26         6         2         2         0         1      1196
         2      2065         1         1        27         3         2         7         0         1     15863
         2      2065         1         1        28         8         2         4         0         1      2664
         2      2065         1         1        29         1         2         2         0         1      1735
         2      2065         1         1        30         7         2         2         0         1      2877
         2      2065         1         1        31         2         2         2         1         1      2197
         2      2065         1         1        32         1         1         6         0         1      2040
         2      2065         1         1        33         9         2         6         0         1      3938
         2      2065         1         1        34         2         1         2         1         1      5104
         2      2065         1         1        35         4         2         8         0         1      6559
         2      2065         1         1        36         9         1         6         0         1      2741
         2      2065         1         1        37         6         1         3         0         1      7282
         2      2065         1         1        38         1         2         1         1         1      1545
         2      2065         1         1        39         4         2         9         0         1      3639
         2      2065         1         1        40         5         2         5         1         1      1569
         2      2065         1         2         1        10         1         0         1         1      2528
         2      2065         1         2         2         4         1         2         0         1      5879
         2      2065         1         2         3         9         1         2         0         1      2119
         2      2065         1         2         4        10         2         0         1         1      2239
         2      2065         1         2         5        10         2         0         1         1      2081
         2      2065         1         2         6         8         2         9         0         1     10201
         2      2065         1         2         7         8         1         8         1         1     12140
         2      2065         1         2         8         3         2         7         0         1      4225
         2      2065         1         2         9         9         1         2         0         1      1733
         2      2065         1         2        10         7         2         3         0         1      6651
         2      2065         1         2        11         7         1         4         0         1      2941
         2      2065         1         2        12         4         2         2         0         1      1874
         2      2065         1         2        13         8         2         8         1         1      3985
         2      2065         1         2        14         3         2         7         0         1      3885
         2      2065         1         2        15         6         1         6         1         1      3853
         2      2065         1         2        16         1         1         1         1         1      1821
         2      2065         1         2        17         2         1         2         1         1      3264
         2      2065         1         2        18         9         2         3         0         1      4041
         2      2065         1         2        19        10         1         0         1         1      1828
         2      2065         1         2        20         3         1         3         1         1      6598
         2      2065         1         2        21         5         2         5         1         1      1417
         2      2065         1         2        22         1         2         1         1         1      3435
         2      2065         1         2        23         5         1         5         1         1      1180
         2      2065         1         2        24         7         1         7         1         1      4200
         2      2065         1         2        25         1         2         1         1         1      2043
         2      2065         1         2        26         4         1         4         1         1      9652
         2      2065         1         2        27         6         2         7         0         1      4894
         2      2065         1         2        28         8         1         8         1         1      4261
         2      2065         1         2        29         5         2         5         1         1      1238
         2      2065         1         2        30         1         1         1         1         1      1951
         2      2065         1         2        31         2         2         2         1         1      4860
         2      2065         1         2        32         2         2         2         1         1      2293
         2      2065         1         2        33         6         1         6         1         1      2260
         2      2065         1         2        34         6         2         3         0         1      3717
         2      2065         1         2        35         2         1         2         1         1      3036
         2      2065         1         2        36         4         2         9         0         1      3375
         2      2065         1         2        37         7         2         9         0         1      4083
         2      2065         1         2        38         3         1         7         0         1      2988
         2      2065         1         2        39         5         1         5         1         1      1215
         2      2065         1         2        40         9         2         2         0         1      2106
         2      2065         1         3         1         4         2         4         1         1      3510
         2      2065         1         3         2         2         2         2         1         1      2037
         2      2065         1         3         3         1         1         1         1         1      1982
         2      2065         1         3         4        10         1         0         1         1      1707
         2      2065         1         3         5         4         1         9         0         1      8929
         2      2065         1         3         6         8         1         7         0         1      5848
         2      2065         1         3         7        10         2         0         1         1      6266
         2      2065         1         3         8         3         1         1         0         1      2908
         2      2065         1         3         9         7         2         9         0         1      2611
         2      2065         1         3        10         4         2         4         1         1      1911
         2      2065         1         3        11         7         1         8         0         1      6502
         2      2065         1         3        12         5         2         5         1         1      1277
         2      2065         1         3        13         3         1         6         0         1      3237
         2      2065         1         3        14         9         2         9         1         1      2737
         2      2065         1         3        15         5         1         5         1         1      1101
         2      2065         1         3        16         8         2         6         0         1      7372
         2      2065         1         3        17         3         2         3         1         1      3520
         2      2065         1         3        18         1         2         1         1         1      1534
         2      2065         1         3        19         1         1         1         1         1      2203
         2      2065         1         3        20         3         2         1         0         1      1470
         2      2065         1         3        21         2         2         2         1         1      2638
         2      2065         1         3        22         8         1         8         1         1      5841
         2      2065         1         3        23         6         2         6         1         1      3795
         2      2065         1         3        24         7         2         7         1         1      4423
         2      2065         1         3        25         9         1         3         0         1      5553
         2      2065         1         3        26        10         2         0         1         1      1728
         2      2065         1         3        27         6         1         6         1         1      1510
         2      2065         1         3        28         4         1         4         1         1      5572
         2      2065         1         3        29         6         1         6         1         1      1521
         2      2065         1         3        30         7         1         7         1         1      3936
         2      2065         1         3        31         1         2         1         1         1      1581
         2      2065         1         3        32         2         1         2         1         1      2090
         2      2065         1         3        33         2         1         2         1         1      2114
         2      2065         1         3        34         8         2         8         1         1      6280
         2      2065         1         3        35         6         2         6         1         1      2185
         2      2065         1         3        36         9         1         9         1         1      3421
         2      2065         1         3        37         5         1         5         1         1      1391
         2      2065         1         3        38         9         2         9         1         1      3204
         2      2065         1         3        39        10         1         0         1         1      1568
         2      2065         1         3        40         5         2         5         1         1      1549
         2      2065         1         4         1        10         1         0         1         1      2228
         2      2065         1         4         2         6         2         6         1         1      2167
         2      2065         1         4         3        10         1         0         1         1      1165
         2      2065         1         4         4         4         1         4         1         1      2698
         2      2065         1         4         5         2         1         2         1         1      2506
         2      2065         1         4         6        10         2         0         1         1      1442
         2      2065         1         4         7         4         2         3         0         1      4756
         2      2065         1         4         8         7         2         7         1         1      8353
         2      2065         1         4         9         5         2         5         1         1      1326
         2      2065         1         4        10         6         2         6         1         1      2645
         2      2065         1         4        11         6         1         6         1         1      3430
         2      2065         1         4        12         9         2         9         1         1      2137
         2      2065         1         4        13         1         1         1         1         1      3262
         2      2065         1         4        14         6         1         6         1         1      1814
         2      2065         1         4        15         3         1         3         1         1      4730
         2      2065         1         4        16         1         2         1         1         1      1399
         2      2065         1         4        17         2         2         2         1         1      1610
         2      2065         1         4        18         3         2         7         0         1      5861
         2      2065         1         4        19         3         1         3         1         1      3943
         2      2065         1         4        20         9         2         9         1         1      1622
         2      2065         1         4        21         9         1         9         1         1      3473
         2      2065         1         4        22         5         1         5         1         1      1072
         2      2065         1         4        23         8         1         8         1         1      4545
         2      2065         1         4        24         7         1         7         1         1      2166
         2      2065         1         4        25         4         2         4         1         1      3116
         2      2065         1         4        26         7         2         7         1         1      2379
         2      2065         1         4        27         9         1         9         1         1      4664
         2      2065         1         4        28         5         1         5         1         1      1160
         2      2065         1         4        29         2         2         2         1         1      1652
         2      2065         1         4        30         8         1         8         1         1      2238
         2      2065         1         4        31         7         1         7         1         1      2992
         2      2065         1         4        32         1         1         1         1         1      3027
         2      2065         1         4        33         1         2         1         1         1      1237
         2      2065         1         4        34         3         2         3         1         1     10671
         2      2065         1         4        35         2         1         2         1         1      1520
         2      2065         1         4        36         5         2         5         1         1      2415
         2      2065         1         4        37         4         1         4         1         1      1722
         2      2065         1         4        38         8         2         8         1         1     10320
         2      2065         1         4        39        10         2         0         1         1      1423
         2      2065         1         4        40         8         2         8         1         1      3313
         2      2065         1         5         1         3         2         3         1         1      3164
         2      2065         1         5         2         9         1         9         1         1      2601
         2      2065         1         5         3         6         1         6         1         1      1789
         2      2065         1         5         4         8         2         8         1         1      4959
         2      2065         1         5         5         9         2         9         1         1      3445
         2      2065         1         5         6         1         1         1         1         1      1686
         2      2065         1         5         7         4         2         4         1         1      4430
         2      2065         1         5         8         1         2         1         1         1      1415
         2      2065         1         5         9         6         2         6         1         1      4186
         2      2065         1         5        10         7         1         7         1         1      1550
         2      2065         1         5        11         2         2         2         1         1      3723
         2      2065         1         5        12         3         1         3         1         1      4881
         2      2065         1         5        13         4         2         4         1         1      2458
         2      2065         1         5        14         2         1         2         1         1      1299
         2      2065         1         5        15         5         1         5         1         1      1065
         2      2065         1         5        16         8         2         8         1         1      2441
         2      2065         1         5        17         7         2         7         1         1      3555
         2      2065         1         5        18         8         1         8         1         1      1809
         2      2065         1         5        19         7         2         7         1         1      1252
         2      2065         1         5        20         9         2         9         1         1      1886
         2      2065         1         5        21        10         1         0         1         1      1408
         2      2065         1         5        22         5         2         5         1         1      1346
         2      2065         1         5        23        10         2         0         1         1      1320
         2      2065         1         5        24         8         1         8         1         1      1631
         2      2065         1         5        25         9         1         9         1         1      3594
         2      2065         1         5        26         1         1         1         1         1      3764
         2      2065         1         5        27         3         1         4         0         1      2169
         2      2065         1         5        28         3         2         3         1         1      5550
         2      2065         1         5        29         6         1         6         1         1      1676
         2      2065         1         5        30         1         2         1         1         1      1251
         2      2065         1         5        31         6         2         6         1         1      1501
         2      2065         1         5        32         4         1         4         1         1      1452
         2      2065         1         5        33        10         2         0         1         1      1263
         2      2065         1         5        34         5         2         5         1         1       983
         2      2065         1         5        35         4         1         4         1         1      1179
         2      2065         1         5        36         2         2         2         1         1      1479
         2      2065         1         5        37         5         1         5         1         1      1606
         2      2065         1         5        38         2         1         2         1         1      1106
         2      2065         1         5        39        10         1         0         1         1      1090
         2      2065         1         5        40         7         1         7         1         1      2033
         2      2065         1         6         1         8         1         8         1         1      4607
         2      2065         1         6         2         5         2         5         1         1      1201
         2      2065         1         6         3         4         1         4         1         1      2252
         2      2065         1         6         4         6         2         6         1         1      1742
         2      2065         1         6         5         4         2         4         1         1      5716
         2      2065         1         6         6         2         2         2         1         1      1354
         2      2065         1         6         7         2         1         2         1         1      2144
         2      2065         1         6         8         7         2         7         1         1      4405
         2      2065         1         6         9         9         2         9         1         1      1569
         2      2065         1         6        10         1         1         1         1         1      1421
         2      2065         1         6        11        10         1         0         1         1      1137
         2      2065         1         6        12         5         1         5         1         1      1870
         2      2065         1         6        13         7         1         7         1         1      1903
         2      2065         1         6        14         7         2         7         1         1      1983
         2      2065         1         6        15         4         1         4         1         1      1243
         2      2065         1         6        16         3         1         3         1         1      2069
         2      2065         1         6        17         5         1         5         1         1       908
         2      2065         1         6        18         9         1         9         1         1      2692
         2      2065         1         6        19         8         2         8         1         1      3602
         2      2065         1         6        20         3         1         3         1         1      1854
         2      2065         1         6        21        10         2         0         1         1      1408
         2      2065         1         6        22         2         1         2         1         1      1203
         2      2065         1         6        23         5         2         5         1         1      1102
         2      2065         1         6        24         1         2         1         1         1       973
         2      2065         1         6        25         3         2         3         1         1      1729
         2      2065         1         6        26         7         1         7         1         1      1911
         2      2065         1         6        27         9         2         9         1         1      1799
         2      2065         1         6        28         8         2         8         1         1      2043
         2      2065         1         6        29         6         1         6         1         1      1316
         2      2065         1         6        30         6         2         6         1         1      1356
         2      2065         1         6        31         4         2         4         1         1      2082
         2      2065         1         6        32         6         1         6         1         1      1017
         2      2065         1         6        33         1         2         1         1         1      1004
         2      2065         1         6        34         2         2         2         1         1      1262
         2      2065         1         6        35         8         1         8         1         1      2391
         2      2065         1         6        36         3         2         3         1         1      1698
         2      2065         1         6        37        10         1         0         1         1      1163
         2      2065         1         6        38        10         2         0         1         1      1305
         2      2065         1         6        39         9         1         9         1         1      1393
         2      2065         1         6        40         1         1         1         1         1      1187
         2      2065         2         1         1         4         1         4         1         1      2468
         2      2065         2         1         2         7         3         9         0         0     13117
         2      2065         2         1         3         1         1         1         1         1      1627
         2      2065         2         1         4         1         4         1         1         0      1461
         2      2065         2         1         5         2         1         2         1         1      1479
         2      2065         2         1         6        10         1         0         1         1      1416
         2      2065         2         1         7         8         2         8         1         0      2586
         2      2065         2         1         8         4         2         4         1         0      2591
         2      2065         2         1         9         3         2         3         1         0      2258
         2      2065         2         1        10         5         2         5         1         0      1491
         2      2065         2         1        11         8         4         8         1         0      6834
         2      2065         2         1        12         5         4         5         1         0      4092
         2      2065         2         1        13         3         3         9         0         0      4323
         2      2065         2         1        14        10         4         0         1         0      1745
         2      2065         2         1        15         9         4         9         1         0     11990
         2      2065         2         1        16         4         3         4         1         0      5089
         2      2065         2         1        17         9         2         9         1         0      1729
         2      2065         2         1        18         6         3         7         0         0      7384
         2      2065         2         1        19         6         2         6         1         0      1981
         2      2065         2         1        20         1         2         1         1         0      1368
         2      2065         2         1        21         9         1         9         1         1      1518
         2      2065         2         1        22         7         1         7         1         1      3805
         2      2065         2         1        23         2         3         2         1         0      1696
         2      2065         2         1        24         8         1         8         1         1      2120
         2      2065         2         1        25        10         2         0         1         0      1424
         2      2065         2         1        26         3         4         9         0         0      5827
         2      2065         2         1        27         2         4         2         1         0      1653
         2      2065         2         1        28         2         2         2         1         0      1518
         2      2065         2         1        29         7         2         7         1         0      3053
         2      2065         2         1        30         3         1         3         1         1      3295
         2      2065         2         1        31         1         3         4         0         0      7895
         2      2065         2         1        32         6         4         6         1         0     12646
         2      2065         2         1        33         8         3         8         1         0      3111
         2      2065         2         1        34         9         3         9         1         0      1974
         2      2065         2         1        35         6         1         6         1         1      1186
         2      2065         2         1        36         5         3         5         1         0      1054
         2      2065         2         1        37         7         4         4         0         0      6559
         2      2065         2         1        38         5         1         5         1         1      1411
         2      2065         2         1        39        10         3         0         1         0      1143
         2      2065         2         1        40         4         4         4         1         0      8034
         2      2065         2         2         1         4         1         4         1         0      2172
         2      2065         2         2         2         9         1         9         1         0      2368
         2      2065         2         2         3         7         2         7         1         1      4894
         2      2065         2         2         4         3         1         3         1         0      2550
         2      2065         2         2         5         9         4         6         0         0     10587
         2      2065         2         2         6         4         2         4         1         1      2287
         2      2065         2         2         7        10         2         0         1         1      1392
         2      2065         2         2         8         8         3         6         0         0       418
         2      2065         2         2         9         2         2         8         0         1       284
         2      2065         2         2        10         1         2         1         1         1      1259
         2      2065         2         2        11         2         3         2         1         0      1364
         2      2065         2         2        12         5         3         5         1         0      1224
         2      2065         2         2        13         9         2         9         1         1      3091
         2      2065         2         2        14         1         3         9         0         0      7075
         2      2065         2         2        15         7         4         3         0         0      1699
         2      2065         2         2        16        10         1         0         1         0      1692
         2      2065         2         2        17         9         3         1         0         0      1364
         2      2065         2         2        18         8         2         8         1         1      1689
         2      2065         2         2        19         1         1         1         1         0      2831
         2      2065         2         2        20         3         4         1         0         0       922
         2      2065         2         2        21         6         3         5         0         0       833
         2      2065         2         2        22         5         1         5         1         0      1209
         2      2065         2         2        23         1         4         1         1         0       788
         2      2065         2         2        24         6         4         3         0         0      1680
         2      2065         2         2        25         5         2         5         1         1       728
         2      2065         2         2        26         8         4         8         1         0      3991
         2      2065         2         2        27         7         3         2         0         0      2931
         2      2065         2         2        28        10         3         0         1         0      2874
         2      2065         2         2        29         6         1         6         1         0      1058
         2      2065         2         2        30         8         1         8         1         0      1715
         2      2065         2         2        31         5         4         5         1         0      1641
         2      2065         2         2        32         2         1         2         1         0      1027
         2      2065         2         2        33        10         4         0         1         0      1317
         2      2065         2         2        34         3         3         9         0         0      5389
         2      2065         2         2        35         6         2         6         1         1      2225
         2      2065         2         2        36         3         2         3         1         1      1364
         2      2065         2         2        37         7         1         7         1         0      1657
         2      2065         2         2        38         4         4         4         1         0      2864
         2      2065         2         2        39         2         4         2         1         0      1176
         2      2065         2         2        40         4         3         4         1         0      2149
         2      2065         2         3         1         9         4         6         0         0      3039
         2      2065         2         3         2         4         2         4         1         0      2049
         2      2065         2         3         3         3         3         7         0         0      6059
         2      2065         2         3         4         5         2         5         1         0      1268
         2      2065         2         3         5         8         4         8         1         0      4204
         2      2065         2         3         6         2         2         2         1         0      1119
         2      2065         2         3         7         6         1         6         1         1      1918
         2      2065         2         3         8        10         3         0         1         0      1534
         2      2065         2         3         9         5         4         5         1         0      1564
         2      2065         2         3        10         4         1         4         1         1      2280
         2      2065         2         3        11         2         1         2         1         1      1081
         2      2065         2         3        12         5         1         5         1         1       935
         2      2065         2         3        13        10         4         0         1         0      1438
         2      2065         2         3        14        10         2         0         1         0      1377
         2      2065         2         3        15         3         4         6         0         0      9734
         2      2065         2         3        16         3         2         3         1         0      1836
         2      2065         2         3        17         7         1         7         1         1      2254
         2      2065         2         3        18         1         1         1         1         1      1439
         2      2065         2         3        19         8         1         8         1         1      1696
         2      2065         2         3        20         7         4         6         0         0      4392
         2      2065         2         3        21         6         3         8         0         0      1108
         2      2065         2         3        22         1         3         9         0         0      1875
         2      2065         2         3        23         3         1         3         1         1      1460
         2      2065         2         3        24         1         4         1         1         0      1125
         2      2065         2         3        25         2         4         2         1         0       979
         2      2065         2         3        26         9         2         9         1         0      1416
         2      2065         2         3        27         9         3         9         1         0      3307
         2      2065         2         3        28         8         3         8         1         0      1681
         2      2065         2         3        29         4         3         4         1         0      2218
         2      2065         2         3        30         6         2         6         1         0      1774
         2      2065         2         3        31         2         3         2         1         0      1138
         2      2065         2         3        32         5         3         5         1         0       944
         2      2065         2         3        33         9         1         9         1         1      2342
         2      2065         2         3        34         4         4         4         1         0      2610
         2      2065         2         3        35         8         2         8         1         0      1285
         2      2065         2         3        36         7         2         7         1         0      1165
         2      2065         2         3        37        10         1         0         1         1      1243
         2      2065         2         3        38         1         2         1         1         0      1124
         2      2065         2         3        39         6         4         6         1         0      8914
         2      2065         2         3        40         7         3         4         0         0      6473
         2      2065         2         4         1         1         3         9         0         0      2763
         2      2065         2         4         2         1         4         1         1         0      1400
         2      2065         2         4         3         4         1         4         1         0      2731
         2      2065         2         4         4         6         1         6         1         0      1529
         2      2065         2         4         5        10         4         0         1         0      1143
         2      2065         2         4         6        10         1         0         1         0      1157
         2      2065         2         4         7         5         2         5         1         1      4417
         2      2065         2         4         8         5         4         5         1         0      2589
         2      2065         2         4         9         8         3         8         1         0      3072
         2      2065         2         4        10         4         2         4         1         1      3392
         2      2065         2         4        11         3         1         3         1         0      1716
         2      2065         2         4        12         3         2         3         1         1      2059
         2      2065         2         4        13         3         4         9         0         0      5300
         2      2065         2         4        14         1         1         1         1         0      1162
         2      2065         2         4        15         8         2         8         1         1      1271
         2      2065         2         4        16         4         4         4         1         0      2414
         2      2065         2         4        17         7         4         7         1         0      6552
         2      2065         2         4        18         9         3         9         1         0      1662
         2      2065         2         4        19         8         1         8         1         0      1255
         2      2065         2         4        20         9         1         9         1         0      1217
         2      2065         2         4        21         3         3         7         0         0      5500
         2      2065         2         4        22        10         3         0         1         0      1420
         2      2065         2         4        23         5         3         5         1         0      1023
         2      2065         2         4        24         2         2         2         1         1      1121
         2      2065         2         4        25         2         1         2         1         0       928
         2      2065         2         4        26         7         1         7         1         0      2518
         2      2065         2         4        27         7         3         7         1         0      9613
         2      2065         2         4        28         8         4         8         1         0      2217
         2      2065         2         4        29         5         1         5         1         0      1034
         2      2065         2         4        30         6         4         6         1         0      8299
         2      2065         2         4        31         4         3         4         1         0      2411
         2      2065         2         4        32         2         4         2         1         0      1222
         2      2065         2         4        33        10         2         0         1         1      1377
         2      2065         2         4        34         9         4         9         1         0      5381
         2      2065         2         4        35         6         2         6         1         1      2026
         2      2065         2         4        36         7         2         7         1         1      1941
         2      2065         2         4        37         6         3         6         1         0      6482
         2      2065         2         4        38         2         3         2         1         0      1306
         2      2065         2         4        39         9         2         9         1         1      1714
         2      2065         2         4        40         1         2         1         1         1      1031
