Condition Subject Session Block Trial Subtype Token Response Correct Feedback RT 
         4      4030         1         1         1         8         2         0         0         1     11417
         4      4030         1         1         2         2         1         6         0         1      3937
         4      4030         1         1         3         7         2         0         0         1     14975
         4      4030         1         1         4         5         1         3         0         1      5045
         4      4030         1         1         5         1         2         1         1         1      9591
         4      4030         1         1         6         9         1         9         1         1      5043
         4      4030         1         1         7         5         1         5         1         1      3141
         4      4030         1         1         8         4         2         4         1         1      3364
         4      4030         1         1         9         6         2         6         1         1      6041
         4      4030         1         1        10         2         2         2         1         1      1460
         4      4030         1         1        11         4         1         4         1         1      5893
         4      4030         1         1        12        10         2         0         1         1      4967
         4      4030         1         1        13         3         2         5         0         1      4171
         4      4030         1         1        14         8         1         1         0         1      6337
         4      4030         1         1        15         9         2         9         1         1      3103
         4      4030         1         1        16        10         1         8         0         1      6829
         4      4030         1         1        17         3         1         6         0         1      3912
         4      4030         1         1        18         7         2         8         0         1      7271
         4      4030         1         1        19         6         1         6         1         1      2959
         4      4030         1         1        20         3         2         3         1         1      3668
         4      4030         1         1        21         6         1         6         1         1      2012
         4      4030         1         1        22         1         1         5         0         1      3016
         4      4030         1         1        23         4         2         4         1         1      1452
         4      4030         1         1        24         9         2         9         1         1      1805
         4      4030         1         1        25         8         1         7         0         1      4048
         4      4030         1         1        26         8         2         7         0         1      3723
         4      4030         1         1        27         6         2         6         1         1      2034
         4      4030         1         1        28         7         1         7         1         1      5710
         4      4030         1         1        29         5         2         5         1         1      3014
         4      4030         1         1        30        10         2         0         1         1      1274
         4      4030         1         1        31        10         1         0         1         1       930
         4      4030         1         1        32         4         1         4         1         1      1560
         4      4030         1         1        33         1         2         5         0         1     10309
         4      4030         1         1        34         3         1         3         1         1     11365
         4      4030         1         1        35         5         2         5         1         1      1610
         4      4030         1         1        36         1         1         1         1         1      1638
         4      4030         1         1        37         2         2         2         1         1      1234
         4      4030         1         1        38         9         1         9         1         1      3579
         4      4030         1         1        39         7         1         8         0         1      4313
         4      4030         1         1        40         2         1         2         1         1      1223
         4      4030         1         2         1        10         2         0         1         1      1588
         4      4030         1         2         2         7         1         7         1         1      9025
         4      4030         1         2         3         6         1         6         1         1      2419
         4      4030         1         2         4         1         2         1         1         1      1119
         4      4030         1         2         5         2         1         2         1         1       750
         4      4030         1         2         6         5         2         5         1         1      2188
         4      4030         1         2         7         3         2         3         1         1      6208
         4      4030         1         2         8         4         2         4         1         1      1732
         4      4030         1         2         9         8         2         7         0         1      8826
         4      4030         1         2        10        10         1         0         1         1      1444
         4      4030         1         2        11         6         1         6         1         1      5397
         4      4030         1         2        12         7         2         8         0         1      4489
         4      4030         1         2        13         1         2         1         1         1      1362
         4      4030         1         2        14        10         2         0         1         1      2216
         4      4030         1         2        15         7         2         7         1         1      5100
         4      4030         1         2        16         5         1         3         0         1      2589
         4      4030         1         2        17         4         1         4         1         1      2128
         4      4030         1         2        18         5         2         5         1         1      1351
         4      4030         1         2        19         6         2         9         0         1      2476
         4      4030         1         2        20         9         2         9         1         1      1541
         4      4030         1         2        21         1         1         1         1         1      7636
         4      4030         1         2        22         1         1         1         1         1      1550
         4      4030         1         2        23         3         1         3         1         1      3195
         4      4030         1         2        24         4         1         4         1         1      1335
         4      4030         1         2        25         8         1         8         1         1      5213
         4      4030         1         2        26         2         1         2         1         1      1321
         4      4030         1         2        27         8         2         8         1         1      1632
         4      4030         1         2        28         2         2         2         1         1      1451
         4      4030         1         2        29         9         1         9         1         1      3197
         4      4030         1         2        30         5         1         5         1         1      4041
         4      4030         1         2        31         9         1         9         1         1      1524
         4      4030         1         2        32        10         1         0         1         1      1074
         4      4030         1         2        33         2         2         2         1         1      1012
         4      4030         1         2        34         6         2         6         1         1      3111
         4      4030         1         2        35         8         1         8         1         1      2534
         4      4030         1         2        36         4         2         4         1         1      1773
         4      4030         1         2        37         7         1         7         1         1      2098
         4      4030         1         2        38         9         2         9         1         1      2841
         4      4030         1         2        39         3         2         5         0         1      2355
         4      4030         1         2        40         3         1         3         1         1      2209
         4      4030         1         3         1         3         2         3         1         1      2209
         4      4030         1         3         2         5         2         5         1         1      1461
         4      4030         1         3         3         3         1         3         1         1      2279
         4      4030         1         3         4         1         2         1         1         1      1143
         4      4030         1         3         5         8         1         8         1         1      1685
         4      4030         1         3         6         6         1         6         1         1      1917
         4      4030         1         3         7        10         1         0         1         1      1179
         4      4030         1         3         8         7         2         7         1         1      1687
         4      4030         1         3         9        10         2         0         1         1      1057
         4      4030         1         3        10         4         2         4         1         1      1251
         4      4030         1         3        11        10         2         0         1         1       989
         4      4030         1         3        12         8         1         8         1         1      1442
         4      4030         1         3        13         2         2         2         1         1      1044
         4      4030         1         3        14         9         2         9         1         1      1222
         4      4030         1         3        15         6         2         6         1         1      1473
         4      4030         1         3        16         2         1         2         1         1       979
         4      4030         1         3        17         5         1         4         0         1      6311
         4      4030         1         3        18         8         2         8         1         1      4263
         4      4030         1         3        19         2         2         2         1         1      1032
         4      4030         1         3        20         2         1         2         1         1       970
         4      4030         1         3        21         1         2         1         1         1       975
         4      4030         1         3        22         5         1         5         1         1      1317
         4      4030         1         3        23         3         1         3         1         1      1036
         4      4030         1         3        24         4         1         4         1         1      1182
         4      4030         1         3        25        10         1         0         1         1      1224
         4      4030         1         3        26         4         2         4         1         1      2388
         4      4030         1         3        27         9         2         9         1         1      1472
         4      4030         1         3        28         3         2         3         1         1      2480
         4      4030         1         3        29         7         1         7         1         1      3145
         4      4030         1         3        30         5         2         5         1         1      1255
         4      4030         1         3        31         9         1         9         1         1      1553
         4      4030         1         3        32         6         2         9         0         1      1887
         4      4030         1         3        33         7         1         7         1         1      5984
         4      4030         1         3        34         1         1         1         1         1      2221
         4      4030         1         3        35         4         1         4         1         1       992
         4      4030         1         3        36         1         1         1         1         1      1060
         4      4030         1         3        37         8         2         8         1         1      2822
         4      4030         1         3        38         7         2         7         1         1      1026
         4      4030         1         3        39         9         1         9         1         1       997
         4      4030         1         3        40         6         1         6         1         1      1959
         4      4030         1         4         1         1         1         1         1         1      2193
         4      4030         1         4         2         7         2         8         0         1      4133
         4      4030         1         4         3         2         1         2         1         1      2908
         4      4030         1         4         4         7         1         7         1         1      6100
         4      4030         1         4         5         6         1         6         1         1      1370
         4      4030         1         4         6         3         1         3         1         1      3552
         4      4030         1         4         7        10         1         0         1         1      1372
         4      4030         1         4         8        10         2         0         1         1      1074
         4      4030         1         4         9         5         2         5         1         1      1235
         4      4030         1         4        10         8         1         8         1         1      2253
         4      4030         1         4        11         8         2         8         1         1      4192
         4      4030         1         4        12         2         2         2         1         1      1157
         4      4030         1         4        13         3         2         3         1         1      2082
         4      4030         1         4        14         4         2         4         1         1      1066
         4      4030         1         4        15         7         2         7         1         1      1788
         4      4030         1         4        16         1         1         1         1         1      1056
         4      4030         1         4        17        10         2         0         1         1      1124
         4      4030         1         4        18         9         2         9         1         1      1106
         4      4030         1         4        19         4         1         4         1         1      1026
         4      4030         1         4        20         2         1         2         1         1       997
         4      4030         1         4        21         5         2         5         1         1      4440
         4      4030         1         4        22         2         2         2         1         1       964
         4      4030         1         4        23         8         1         8         1         1      2633
         4      4030         1         4        24         5         1         5         1         1      1340
         4      4030         1         4        25         3         2         3         1         1      1106
         4      4030         1         4        26         3         1         3         1         1      4593
         4      4030         1         4        27         4         1         4         1         1       918
         4      4030         1         4        28         1         2         1         1         1      1021
         4      4030         1         4        29         8         2         8         1         1      6865
         4      4030         1         4        30         9         2         9         1         1      3546
         4      4030         1         4        31         6         2         6         1         1      1992
         4      4030         1         4        32         6         1         6         1         1      1347
         4      4030         1         4        33         9         1         9         1         1      1289
         4      4030         1         4        34         4         2         4         1         1      1186
         4      4030         1         4        35         5         1         5         1         1      2175
         4      4030         1         4        36         6         2         6         1         1      1476
         4      4030         1         4        37         7         1         8         0         1      3734
         4      4030         1         4        38         9         1         8         0         1      1501
         4      4030         1         4        39        10         1         0         1         1       939
         4      4030         1         4        40         1         2         1         1         1      1010
         4      4030         1         5         1         6         1         6         1         1      2581
         4      4030         1         5         2         3         2         3         1         1      2297
         4      4030         1         5         3         7         2         7         1         1      1449
         4      4030         1         5         4         9         1         9         1         1      1419
         4      4030         1         5         5         1         2         1         1         1       846
         4      4030         1         5         6         8         2         8         1         1      2969
         4      4030         1         5         7         4         1         4         1         1      1181
         4      4030         1         5         8         5         1         5         1         1      2731
         4      4030         1         5         9         2         2         2         1         1       937
         4      4030         1         5        10         1         1         1         1         1      1232
         4      4030         1         5        11        10         2         0         1         1      1068
         4      4030         1         5        12         5         2         5         1         1      3822
         4      4030         1         5        13         5         2         5         1         1      1377
         4      4030         1         5        14         7         1         7         1         1      5526
         4      4030         1         5        15        10         2         0         1         1      1303
         4      4030         1         5        16         2         1         2         1         1      1184
         4      4030         1         5        17         6         2         6         1         1      2012
         4      4030         1         5        18         7         1         7         1         1      2616
         4      4030         1         5        19         9         2         9         1         1      1163
         4      4030         1         5        20         8         1         8         1         1      2632
         4      4030         1         5        21         2         2         2         1         1      1003
         4      4030         1         5        22         8         1         8         1         1      1264
         4      4030         1         5        23         8         2         8         1         1     10201
         4      4030         1         5        24         6         2         6         1         1      1805
         4      4030         1         5        25        10         1         0         1         1      1263
         4      4030         1         5        26         3         1         3         1         1      6328
         4      4030         1         5        27         5         1         5         1         1      1735
         4      4030         1         5        28         2         1         2         1         1      1167
         4      4030         1         5        29         9         1         9         1         1      1884
         4      4030         1         5        30         1         2         1         1         1      1981
         4      4030         1         5        31        10         1         0         1         1      1160
         4      4030         1         5        32         7         2         7         1         1      4134
         4      4030         1         5        33         3         1         3         1         1      3405
         4      4030         1         5        34         4         2         4         1         1      1120
         4      4030         1         5        35         6         1         6         1         1      1438
         4      4030         1         5        36         4         2         4         1         1      2289
         4      4030         1         5        37         1         1         1         1         1      1105
         4      4030         1         5        38         4         1         4         1         1      1152
         4      4030         1         5        39         3         2         3         1         1      1933
         4      4030         1         5        40         9         2         9         1         1      1243
         4      4030         1         6         1         6         1         6         1         1      1541
         4      4030         1         6         2         2         1         2         1         1      1140
         4      4030         1         6         3        10         2         0         1         1       996
         4      4030         1         6         4         5         1         5         1         1      1385
         4      4030         1         6         5         3         1         3         1         1      1037
         4      4030         1         6         6         9         1         9         1         1      1872
         4      4030         1         6         7         9         1         9         1         1      1313
         4      4030         1         6         8        10         2         0         1         1      2874
         4      4030         1         6         9         9         2         9         1         1      1458
         4      4030         1         6        10         3         2         3         1         1       963
         4      4030         1         6        11         1         1         1         1         1      1064
         4      4030         1         6        12         4         2         4         1         1      1417
         4      4030         1         6        13         7         1         7         1         1      6333
         4      4030         1         6        14         4         1         4         1         1      1131
         4      4030         1         6        15         4         2         4         1         1      1385
         4      4030         1         6        16         2         1         2         1         1      1006
         4      4030         1         6        17         5         1         5         1         1      1362
         4      4030         1         6        18         9         2         9         1         1      1127
         4      4030         1         6        19         1         1         1         1         1      1270
         4      4030         1         6        20         5         2         5         1         1      7295
         4      4030         1         6        21         8         1         8         1         1      2326
         4      4030         1         6        22         8         1         8         1         1      1430
         4      4030         1         6        23         1         2         1         1         1       969
         4      4030         1         6        24         7         1         7         1         1      1679
         4      4030         1         6        25         3         1         3         1         1     10423
         4      4030         1         6        26         2         2         2         1         1      1107
         4      4030         1         6        27         1         2         1         1         1      1027
         4      4030         1         6        28         4         1         4         1         1       997
         4      4030         1         6        29         2         2         2         1         1       857
         4      4030         1         6        30        10         1         0         1         1      1025
         4      4030         1         6        31         7         2         7         1         1      2772
         4      4030         1         6        32         6         2         6         1         1      1153
         4      4030         1         6        33         8         2         8         1         1      1039
         4      4030         1         6        34         6         1         6         1         1       961
         4      4030         1         6        35         6         2         6         1         1      1030
         4      4030         1         6        36         3         2         3         1         1      1368
         4      4030         1         6        37         8         2         8         1         1      2173
         4      4030         1         6        38         7         2         7         1         1       947
         4      4030         1         6        39         5         2         5         1         1      1001
         4      4030         1         6        40        10         1         0         1         1      1003
         4      4030         2         1         1         8         4         8         1         0      4792
         4      4030         2         1         2         5         2         5         1         0      1365
         4      4030         2         1         3         9         2         9         1         0      1818
         4      4030         2         1         4         4         2         4         1         0      1005
         4      4030         2         1         5         5         1         5         1         1      1618
         4      4030         2         1         6         1         4         1         1         0      2780
         4      4030         2         1         7         1         2         1         1         0      1096
         4      4030         2         1         8         6         3         6         1         0      1815
         4      4030         2         1         9         9         3         9         1         0      1674
         4      4030         2         1        10        10         1         0         1         1       995
         4      4030         2         1        11        10         4         1         0         0      2391
         4      4030         2         1        12         9         1         9         1         1      1044
         4      4030         2         1        13         2         1         2         1         1       934
         4      4030         2         1        14         7         3         8         0         0      7629
         4      4030         2         1        15         7         2         7         1         0      1047
         4      4030         2         1        16         3         1         3         1         1      2042
         4      4030         2         1        17         9         4         9         1         0      1589
         4      4030         2         1        18         5         3         3         0         0      7090
         4      4030         2         1        19         2         2         2         1         0      1043
         4      4030         2         1        20         1         3         1         1         0      1014
         4      4030         2         1        21         4         1         4         1         1       953
         4      4030         2         1        22         3         3         3         1         0      2159
         4      4030         2         1        23         6         4         8         0         0      4629
         4      4030         2         1        24         3         2         3         1         0      1127
         4      4030         2         1        25         8         1         8         1         1      2261
         4      4030         2         1        26         6         1         6         1         1      2053
         4      4030         2         1        27         7         1         7         1         1      2176
         4      4030         2         1        28         5         4         5         1         0      3141
         4      4030         2         1        29         4         4         4         1         0      3139
         4      4030         2         1        30         2         4         2         1         0      1282
         4      4030         2         1        31        10         2         0         1         0      1228
         4      4030         2         1        32         3         4         3         1         0      3045
         4      4030         2         1        33         4         3         4         1         0      1479
         4      4030         2         1        34         1         1         1         1         1      1431
         4      4030         2         1        35         6         2         6         1         0      1738
         4      4030         2         1        36        10         3         0         1         0      3599
         4      4030         2         1        37         8         3         8         1         0      3292
         4      4030         2         1        38         2         3         2         1         0      1334
         4      4030         2         1        39         7         4         4         0         0      6012
         4      4030         2         1        40         8         2         8         1         0      1977
         4      4030         2         2         1         9         2         9         1         1      1318
         4      4030         2         2         2        10         3         0         1         0      1500
         4      4030         2         2         3         4         2         4         1         1      1628
         4      4030         2         2         4         6         2         6         1         1      3974
         4      4030         2         2         5         8         2         8         1         1      3428
         4      4030         2         2         6         3         3         3         1         0      2886
         4      4030         2         2         7         3         4         3         1         0      1886
         4      4030         2         2         8         3         1         3         1         0      1102
         4      4030         2         2         9         7         1         7         1         0     10606
         4      4030         2         2        10         5         4         5         1         0      2434
         4      4030         2         2        11        10         4         1         0         0      1822
         4      4030         2         2        12         8         1         8         1         0      5985
         4      4030         2         2        13         1         1         1         1         0      4302
         4      4030         2         2        14         2         2         2         1         1       911
         4      4030         2         2        15         6         1         6         1         0      1349
         4      4030         2         2        16         7         4         4         0         0      1803
         4      4030         2         2        17         1         4         1         1         0      4334
         4      4030         2         2        18         1         3         4         0         0      3373
         4      4030         2         2        19         2         3         2         1         0       898
         4      4030         2         2        20         7         3         8         0         0      2650
         4      4030         2         2        21         2         4         2         1         0      1068
         4      4030         2         2        22         9         3         9         1         0      1245
         4      4030         2         2        23         5         2         5         1         1      1783
         4      4030         2         2        24         8         3         8         1         0      1853
         4      4030         2         2        25         8         4         8         1         0      1775
         4      4030         2         2        26         6         4         6         1         0      4275
         4      4030         2         2        27        10         2         0         1         1      1094
         4      4030         2         2        28         5         1         5         1         0      1799
         4      4030         2         2        29         4         4         4         1         0      2171
         4      4030         2         2        30         3         2         3         1         1      1759
         4      4030         2         2        31         4         3         4         1         0       997
         4      4030         2         2        32         6         3         6         1         0      2264
         4      4030         2         2        33         1         2         1         1         1      2266
         4      4030         2         2        34         2         1         2         1         0      1915
         4      4030         2         2        35         9         4         9         1         0      2011
         4      4030         2         2        36         4         1         4         1         0      1300
         4      4030         2         2        37         5         3         5         1         0      4780
         4      4030         2         2        38        10         1         0         1         0      1240
         4      4030         2         2        39         9         1         9         1         0      1138
         4      4030         2         2        40         7         2         7         1         1      1474
         4      4030         2         3         1         9         3         9         1         0      9785
         4      4030         2         3         2         1         3         4         0         0      2158
         4      4030         2         3         3         9         4         9         1         0       772
         4      4030         2         3         4         8         2         8         1         0      3090
         4      4030         2         3         5         1         2         4         0         0      2962
         4      4030         2         3         6         7         3         8         0         0      1912
         4      4030         2         3         7         7         1         7         1         1      1639
         4      4030         2         3         8         7         2         7         1         0      1810
         4      4030         2         3         9         6         3         6         1         0       997
         4      4030         2         3        10         9         1         9         1         1      1337
         4      4030         2         3        11         5         2         5         1         0      1119
         4      4030         2         3        12        10         2         0         1         0      1087
         4      4030         2         3        13         6         4         6         1         0      2240
         4      4030         2         3        14        10         3         0         1         0      1473
         4      4030         2         3        15         5         1         5         1         1      7011
         4      4030         2         3        16         4         2         4         1         0      1206
         4      4030         2         3        17         7         4         4         0         0      1250
         4      4030         2         3        18         8         1         8         1         1      2667
         4      4030         2         3        19         8         3         8         1         0      1085
         4      4030         2         3        20         6         1         6         1         1      2285
         4      4030         2         3        21         5         3         5         1         0      3965
         4      4030         2         3        22         3         2         3         1         0      1306
         4      4030         2         3        23         9         2         9         1         0       961
         4      4030         2         3        24         1         1         1         1         1       983
         4      4030         2         3        25         2         3         2         1         0       988
         4      4030         2         3        26        10         4         0         1         0      1169
         4      4030         2         3        27        10         1         0         1         1       493
         4      4030         2         3        28         6         2         6         1         0      3766
         4      4030         2         3        29         4         3         4         1         0      1353
         4      4030         2         3        30         2         2         2         1         0       911
         4      4030         2         3        31         3         4         3         1         0      1141
         4      4030         2         3        32         2         1         2         1         1       948
         4      4030         2         3        33         3         1         3         1         1       954
         4      4030         2         3        34         4         1         4         1         1      1007
         4      4030         2         3        35         1         4         1         1         0      7778
         4      4030         2         3        36         2         4         2         1         0       934
         4      4030         2         3        37         5         4         5         1         0      6572
         4      4030         2         3        38         4         4         4         1         0      1281
         4      4030         2         3        39         8         4         8         1         0      3097
         4      4030         2         3        40         3         3         3         1         0      4216
         4      4030         2         4         1         4         2         3         0         1      1126
         4      4030         2         4         2         7         2         7         1         1      3348
         4      4030         2         4         3         3         1         3         1         0      1674
         4      4030         2         4         4         8         3         8         1         0      2677
         4      4030         2         4         5         9         1         9         1         0      2278
         4      4030         2         4         6         9         3         9         1         0       840
         4      4030         2         4         7         3         4         3         1         0      2033
         4      4030         2         4         8         7         1         7         1         0      2268
         4      4030         2         4         9         4         3         4         1         0      1198
         4      4030         2         4        10         8         1         8         1         0      1065
         4      4030         2         4        11         2         2         3         0         1       842
         4      4030         2         4        12         3         2         3         1         1      1444
         4      4030         2         4        13         5         3         3         0         0      6262
         4      4030         2         4        14         9         2         9         1         1      1062
         4      4030         2         4        15         4         4         4         1         0      1015
         4      4030         2         4        16         4         1         4         1         0       874
         4      4030         2         4        17         9         4         9         1         0       979
         4      4030         2         4        18         1         1         1         1         0      1047
         4      4030         2         4        19         3         3         3         1         0      1273
         4      4030         2         4        20         8         4         8         1         0      2291
         4      4030         2         4        21         6         3         6         1         0       915
         4      4030         2         4        22         7         3         8         0         0      1547
         4      4030         2         4        23         2         1         2         1         0       905
         4      4030         2         4        24        10         1         0         1         0       943
         4      4030         2         4        25         5         1         5         1         0       949
         4      4030         2         4        26         7         4         1         0         0      4123
         4      4030         2         4        27        10         4         1         0         0      1267
         4      4030         2         4        28         5         4         5         1         0      1405
         4      4030         2         4        29         1         4         1         1         0      2704
         4      4030         2         4        30         1         2         1         1         1      1184
         4      4030         2         4        31        10         3         0         1         0      1147
         4      4030         2         4        32         2         3         2         1         0       986
         4      4030         2         4        33         6         1         6         1         0      1005
         4      4030         2         4        34         6         4         6         1         0      3505
         4      4030         2         4        35         5         2         5         1         1      1233
         4      4030         2         4        36         6         2         6         1         1      1084
         4      4030         2         4        37         1         3         1         1         0      3340
         4      4030         2         4        38         8         2         8         1         1      2051
         4      4030         2         4        39        10         2         0         1         1      1006
         4      4030         2         4        40         2         4         2         1         0       914
