Condition Subject Session Block Trial Subtype Token Response Correct Feedback RT 
         4      4090         1         1         1         4         2         4         1         1     19534
         4      4090         1         1         2         3         1         3         1         1      5168
         4      4090         1         1         3         9         2         1         0         1      8285
         4      4090         1         1         4         9         1         6         0         1     11932
         4      4090         1         1         5         1         1         2         0         1      4251
         4      4090         1         1         6         4         2         4         1         1      3644
         4      4090         1         1         7         2         2         7         0         1      5942
         4      4090         1         1         8         1         2         7         0         1     13012
         4      4090         1         1         9         2         1         8         0         1      6008
         4      4090         1         1        10         9         2         9         1         1     10371
         4      4090         1         1        11         3         1         3         1         1      1488
         4      4090         1         1        12         7         1         8         0         1      9312
         4      4090         1         1        13        10         1         0         1         1      2278
         4      4090         1         1        14         7         1         7         1         1      2678
         4      4090         1         1        15         1         1         1         1         1      3015
         4      4090         1         1        16         6         2         6         1         1      2074
         4      4090         1         1        17         8         2         0         0         1     10676
         4      4090         1         1        18         6         1         6         1         1      2372
         4      4090         1         1        19        10         2         0         1         1      1714
         4      4090         1         1        20         7         2         5         0         1      4169
         4      4090         1         1        21         5         1         5         1         1      6782
         4      4090         1         1        22         8         1         0         0         1      1594
         4      4090         1         1        23         8         1         8         1         1      3270
         4      4090         1         1        24         4         1         0         0         1      4734
         4      4090         1         1        25         5         2         5         1         1      2316
         4      4090         1         1        26         7         2         7         1         1      5708
         4      4090         1         1        27         8         2         4         0         1      5251
         4      4090         1         1        28        10         1         0         1         1      1884
         4      4090         1         1        29         2         1         1         0         1      2332
         4      4090         1         1        30         6         1         6         1         1      2153
         4      4090         1         1        31         3         2         3         1         1      1966
         4      4090         1         1        32         9         1         1         0         1      3946
         4      4090         1         1        33         6         2         9         0         1     11943
         4      4090         1         1        34         1         2         4         0         1      2631
         4      4090         1         1        35         4         1         4         1         1      4727
         4      4090         1         1        36         5         2         5         1         1      1990
         4      4090         1         1        37         5         1         5         1         1      1522
         4      4090         1         1        38        10         2         0         1         1      1810
         4      4090         1         1        39         3         2         3         1         1      1718
         4      4090         1         1        40         2         2         1         0         1      4125
         4      4090         1         2         1         5         2         5         1         1      4562
         4      4090         1         2         2         6         2         6         1         1      2230
         4      4090         1         2         3         4         1         4         1         1      3095
         4      4090         1         2         4         7         1         8         0         1      3080
         4      4090         1         2         5         3         2         3         1         1      1463
         4      4090         1         2         6        10         2         0         1         1      1545
         4      4090         1         2         7         7         2         7         1         1      3335
         4      4090         1         2         8         6         1         6         1         1      3580
         4      4090         1         2         9        10         1         0         1         1      2087
         4      4090         1         2        10         2         1         1         0         1      7520
         4      4090         1         2        11         1         2         2         0         1      4927
         4      4090         1         2        12         9         1         9         1         1      2710
         4      4090         1         2        13         9         2         9         1         1      1734
         4      4090         1         2        14         5         1         5         1         1      2012
         4      4090         1         2        15         1         2         1         1         1      4999
         4      4090         1         2        16         8         2         8         1         1      3435
         4      4090         1         2        17         4         1         4         1         1      2108
         4      4090         1         2        18         8         2         8         1         1      2293
         4      4090         1         2        19         8         1         0         0         1      2069
         4      4090         1         2        20         1         1         1         1         1      2526
         4      4090         1         2        21         3         1         5         0         1      1718
         4      4090         1         2        22         1         1         1         1         1      3005
         4      4090         1         2        23         2         2         2         1         1      4385
         4      4090         1         2        24         5         2         5         1         1      1869
         4      4090         1         2        25        10         2         0         1         1      1503
         4      4090         1         2        26         9         1         9         1         1      2031
         4      4090         1         2        27         5         1         3         0         1      4522
         4      4090         1         2        28         6         1         6         1         1      1680
         4      4090         1         2        29         2         2         2         1         1      1464
         4      4090         1         2        30         2         1         1         0         1     10570
         4      4090         1         2        31         3         2         3         1         1      5374
         4      4090         1         2        32         7         1         7         1         1      4596
         4      4090         1         2        33         3         1         3         1         1      2008
         4      4090         1         2        34         8         1         8         1         1      4755
         4      4090         1         2        35         6         2         6         1         1      1600
         4      4090         1         2        36         4         2         4         1         1      3787
         4      4090         1         2        37         4         2         4         1         1      1311
         4      4090         1         2        38         9         2         9         1         1     16485
         4      4090         1         2        39        10         1         0         1         1      1980
         4      4090         1         2        40         7         2         7         1         1      3401
         4      4090         1         3         1         2         1         2         1         1      2978
         4      4090         1         3         2         7         1         7         1         1      2310
         4      4090         1         3         3         8         1         8         1         1      4662
         4      4090         1         3         4         6         1         6         1         1      2198
         4      4090         1         3         5         5         2         5         1         1      2889
         4      4090         1         3         6        10         2         0         1         1      2738
         4      4090         1         3         7         4         1         4         1         1      1488
         4      4090         1         3         8         2         2         2         1         1      1488
         4      4090         1         3         9         1         1         1         1         1      2081
         4      4090         1         3        10         3         1         3         1         1      2201
         4      4090         1         3        11         6         1         6         1         1      1291
         4      4090         1         3        12         1         2         1         1         1      4292
         4      4090         1         3        13         4         2         4         1         1      1844
         4      4090         1         3        14         6         2         6         1         1      1414
         4      4090         1         3        15         3         2         3         1         1      3385
         4      4090         1         3        16         7         2         7         1         1      1613
         4      4090         1         3        17         9         2         9         1         1      1512
         4      4090         1         3        18        10         1         0         1         1      1557
         4      4090         1         3        19         8         1         8         1         1      2338
         4      4090         1         3        20         5         2         5         1         1      2224
         4      4090         1         3        21         7         2         7         1         1      1667
         4      4090         1         3        22         7         1         7         1         1      4972
         4      4090         1         3        23         2         1         2         1         1      2050
         4      4090         1         3        24         9         1         9         1         1      1547
         4      4090         1         3        25         8         2         8         1         1      2906
         4      4090         1         3        26         3         1         3         1         1      3777
         4      4090         1         3        27         1         2         1         1         1      3254
         4      4090         1         3        28         5         1         5         1         1      2608
         4      4090         1         3        29         2         2         2         1         1      1429
         4      4090         1         3        30         8         2         8         1         1      3527
         4      4090         1         3        31         6         2         6         1         1      1541
         4      4090         1         3        32         9         1         9         1         1      2483
         4      4090         1         3        33         9         2         9         1         1      1099
         4      4090         1         3        34         5         1         5         1         1      4763
         4      4090         1         3        35         3         2         3         1         1      1832
         4      4090         1         3        36         4         1         4         1         1      1321
         4      4090         1         3        37         4         2         4         1         1      1120
         4      4090         1         3        38         1         1         1         1         1      1968
         4      4090         1         3        39        10         1         0         1         1      1404
         4      4090         1         3        40        10         2         0         1         1      5488
         4      4090         1         4         1         4         2         4         1         1      1443
         4      4090         1         4         2         9         1         9         1         1      1830
         4      4090         1         4         3         7         1         7         1         1      2825
         4      4090         1         4         4         5         1         5         1         1      4084
         4      4090         1         4         5         7         2         7         1         1      1597
         4      4090         1         4         6         9         2         9         1         1      1432
         4      4090         1         4         7         8         1         8         1         1      3338
         4      4090         1         4         8         3         1         3         1         1      1681
         4      4090         1         4         9         5         1         5         1         1      1177
         4      4090         1         4        10         2         1         2         1         1      2007
         4      4090         1         4        11         6         2         6         1         1      2434
         4      4090         1         4        12         4         2         4         1         1      1532
         4      4090         1         4        13         2         2         2         1         1      1290
         4      4090         1         4        14         5         2         5         1         1      3186
         4      4090         1         4        15         4         1         4         1         1      1246
         4      4090         1         4        16         8         1         8         1         1      1911
         4      4090         1         4        17         7         2         7         1         1      1783
         4      4090         1         4        18        10         2         0         1         1      2396
         4      4090         1         4        19         9         1         9         1         1      1592
         4      4090         1         4        20         6         1         6         1         1      1539
         4      4090         1         4        21        10         2         0         1         1      1650
         4      4090         1         4        22         1         2         1         1         1      1852
         4      4090         1         4        23         4         1         4         1         1      1212
         4      4090         1         4        24         5         2         5         1         1      1688
         4      4090         1         4        25         1         1         1         1         1      1312
         4      4090         1         4        26         8         2         8         1         1      5464
         4      4090         1         4        27         3         2         3         1         1      1929
         4      4090         1         4        28         3         2         3         1         1      1175
         4      4090         1         4        29         6         1         6         1         1      1410
         4      4090         1         4        30         2         2         2         1         1      1206
         4      4090         1         4        31         6         2         6         1         1      1506
         4      4090         1         4        32         1         1         1         1         1      1394
         4      4090         1         4        33         9         2         9         1         1      1414
         4      4090         1         4        34         2         1         2         1         1      1433
         4      4090         1         4        35         7         1         7         1         1      7419
         4      4090         1         4        36        10         1         0         1         1      2493
         4      4090         1         4        37         8         2         8         1         1      2198
         4      4090         1         4        38        10         1         0         1         1      1240
         4      4090         1         4        39         1         2         1         1         1      1346
         4      4090         1         4        40         3         1         3         1         1      1432
         4      4090         1         5         1         7         1         7         1         1      6855
         4      4090         1         5         2        10         2         0         1         1      2898
         4      4090         1         5         3         9         2         9         1         1      1481
         4      4090         1         5         4        10         1         0         1         1      1160
         4      4090         1         5         5         1         1         1         1         1      1206
         4      4090         1         5         6         4         1         4         1         1      1504
         4      4090         1         5         7         9         1         9         1         1      1600
         4      4090         1         5         8        10         2         0         1         1      2573
         4      4090         1         5         9         7         2         7         1         1      1650
         4      4090         1         5        10         1         2         1         1         1      1292
         4      4090         1         5        11         7         2         7         1         1      1621
         4      4090         1         5        12        10         1         0         1         1      1199
         4      4090         1         5        13         2         1         2         1         1      1787
         4      4090         1         5        14         6         2         6         1         1      1599
         4      4090         1         5        15         6         1         6         1         1      2425
         4      4090         1         5        16         8         2         8         1         1      2709
         4      4090         1         5        17         8         1         8         1         1      2708
         4      4090         1         5        18         8         1         8         1         1      1236
         4      4090         1         5        19         3         1         3         1         1      1343
         4      4090         1         5        20         5         1         5         1         1      1333
         4      4090         1         5        21         7         1         7         1         1      6349
         4      4090         1         5        22         2         2         2         1         1      1707
         4      4090         1         5        23         9         1         9         1         1      1426
         4      4090         1         5        24         2         1         2         1         1      1190
         4      4090         1         5        25         1         2         1         1         1      1362
         4      4090         1         5        26         5         2         5         1         1      3127
         4      4090         1         5        27         2         2         2         1         1      1014
         4      4090         1         5        28         4         2         4         1         1      1081
         4      4090         1         5        29         6         2         6         1         1      1769
         4      4090         1         5        30         8         2         8         1         1      2096
         4      4090         1         5        31         3         1         3         1         1      1143
         4      4090         1         5        32         5         2         5         1         1      1221
         4      4090         1         5        33         5         1         5         1         1      1616
         4      4090         1         5        34         1         1         1         1         1      1307
         4      4090         1         5        35         4         2         4         1         1      1043
         4      4090         1         5        36         3         2         3         1         1      1141
         4      4090         1         5        37         3         2         3         1         1      1042
         4      4090         1         5        38         6         1         6         1         1      1684
         4      4090         1         5        39         4         1         4         1         1      1115
         4      4090         1         5        40         9         2         9         1         1      5514
         4      4090         1         6         1         7         2         7         1         1      2438
         4      4090         1         6         2         4         2         4         1         1      1648
         4      4090         1         6         3         8         1         8         1         1      2105
         4      4090         1         6         4         1         1         1         1         1      1313
         4      4090         1         6         5         1         1         1         1         1      1016
         4      4090         1         6         6         2         2         2         1         1      1180
         4      4090         1         6         7         5         1         5         1         1      1641
         4      4090         1         6         8        10         2         0         1         1      1604
         4      4090         1         6         9         7         1         7         1         1      2608
         4      4090         1         6        10         9         1         9         1         1      1428
         4      4090         1         6        11         2         1         2         1         1      1175
         4      4090         1         6        12         9         1         9         1         1      1236
         4      4090         1         6        13         4         2         4         1         1      1390
         4      4090         1         6        14         1         2         1         1         1      1090
         4      4090         1         6        15         5         2         5         1         1      1507
         4      4090         1         6        16         5         1         5         1         1      1170
         4      4090         1         6        17        10         1         0         1         1      1822
         4      4090         1         6        18         1         2         1         1         1      1153
         4      4090         1         6        19        10         2         0         1         1      1183
         4      4090         1         6        20         8         1         8         1         1      2315
         4      4090         1         6        21         3         2         3         1         1      1690
         4      4090         1         6        22         7         1         7         1         1      2098
         4      4090         1         6        23         2         1         2         1         1      1210
         4      4090         1         6        24         6         1         6         1         1      2565
         4      4090         1         6        25         7         2         7         1         1      1706
         4      4090         1         6        26         3         2         3         1         1      1362
         4      4090         1         6        27         3         1         3         1         1      1271
         4      4090         1         6        28        10         1         0         1         1      1695
         4      4090         1         6        29         4         1         4         1         1      1477
         4      4090         1         6        30         2         2         2         1         1      1047
         4      4090         1         6        31         6         2         6         1         1      3513
         4      4090         1         6        32         9         2         9         1         1      1527
         4      4090         1         6        33         6         1         6         1         1      3620
         4      4090         1         6        34         8         2         8         1         1      3936
         4      4090         1         6        35         4         1         4         1         1      1341
         4      4090         1         6        36         8         2         8         1         1      1908
         4      4090         1         6        37         6         2         6         1         1      2084
         4      4090         1         6        38         9         2         9         1         1      1403
         4      4090         1         6        39         3         1         3         1         1      1311
         4      4090         1         6        40         5         2         5         1         1      1414
         4      4090         2         1         1        10         4         0         1         0      7692
         4      4090         2         1         2         5         4         5         1         0      6132
         4      4090         2         1         3         3         2         3         1         0      2154
         4      4090         2         1         4         3         1         3         1         1      1311
         4      4090         2         1         5         7         3         7         1         0      9495
         4      4090         2         1         6         4         3         4         1         0      1431
         4      4090         2         1         7         9         3         9         1         0      1978
         4      4090         2         1         8         2         1         2         1         1      1206
         4      4090         2         1         9        10         2         0         1         0      6259
         4      4090         2         1        10         9         4         9         1         0      2164
         4      4090         2         1        11         7         1         7         1         1      2202
         4      4090         2         1        12         2         2         2         1         0      1038
         4      4090         2         1        13         4         4         4         1         0      5391
         4      4090         2         1        14        10         3         0         1         0     13586
         4      4090         2         1        15         4         2         4         1         0      1550
         4      4090         2         1        16         8         3         8         1         0      5869
         4      4090         2         1        17         8         1         8         1         1      1630
         4      4090         2         1        18         5         1         5         1         1      1528
         4      4090         2         1        19         2         4         2         1         0      1207
         4      4090         2         1        20         1         2         1         1         0      1219
         4      4090         2         1        21         1         1         1         1         1      1198
         4      4090         2         1        22        10         1         0         1         1      1800
         4      4090         2         1        23         1         4         7         0         0     17354
         4      4090         2         1        24         3         3         3         1         0      7023
         4      4090         2         1        25         5         3         5         1         0      2659
         4      4090         2         1        26         8         4         8         1         0      4116
         4      4090         2         1        27         7         4         7         1         0      9530
         4      4090         2         1        28         3         4         3         1         0      2087
         4      4090         2         1        29         4         1         4         1         1      1231
         4      4090         2         1        30         8         2         7         0         0      2041
         4      4090         2         1        31         9         2         9         1         0      8963
         4      4090         2         1        32         6         1         6         1         1      1574
         4      4090         2         1        33         2         3         2         1         0      1460
         4      4090         2         1        34         7         2         7         1         0      4693
         4      4090         2         1        35         5         2         5         1         0      1638
         4      4090         2         1        36         6         3         6         1         0      1903
         4      4090         2         1        37         1         3         1         1         0      2063
         4      4090         2         1        38         9         1         9         1         1      1431
         4      4090         2         1        39         6         4         7         0         0      6810
         4      4090         2         1        40         6         2         6         1         0      1621
         4      4090         2         2         1         1         1         1         1         0      1438
         4      4090         2         2         2         8         2         8         1         1      1985
         4      4090         2         2         3         8         4         8         1         0      3053
         4      4090         2         2         4        10         3         0         1         0     10540
         4      4090         2         2         5         7         3         7         1         0      3555
         4      4090         2         2         6         1         3         1         1         0      1329
         4      4090         2         2         7         1         2         1         1         1      1288
         4      4090         2         2         8         6         1         6         1         0      1311
         4      4090         2         2         9         5         1         5         1         0      1190
         4      4090         2         2        10         2         1         2         1         0      1091
         4      4090         2         2        11         6         2         6         1         1      2435
         4      4090         2         2        12         3         4         3         1         0      1629
         4      4090         2         2        13         8         3         7         0         0     16471
         4      4090         2         2        14         7         4         8         0         0     15760
         4      4090         2         2        15         7         1         7         1         0      4070
         4      4090         2         2        16         7         2         7         1         1      1712
         4      4090         2         2        17        10         1         0         1         0      1365
         4      4090         2         2        18         2         4         2         1         0      1354
         4      4090         2         2        19         4         2         4         1         1      1440
         4      4090         2         2        20         9         1         9         1         0      1475
         4      4090         2         2        21         9         3         9         1         0      1188
         4      4090         2         2        22         8         1         8         1         0      2353
         4      4090         2         2        23         3         3         3         1         0      2653
         4      4090         2         2        24         2         2         2         1         1      1071
         4      4090         2         2        25         4         1         4         1         0      1103
         4      4090         2         2        26         5         3         5         1         0      1791
         4      4090         2         2        27         9         4         9         1         0      1539
         4      4090         2         2        28         4         3         4         1         0      1122
         4      4090         2         2        29        10         2         0         1         1      2529
         4      4090         2         2        30         1         4         7         0         0      3399
         4      4090         2         2        31         5         2         5         1         1      4395
         4      4090         2         2        32        10         4         0         1         0      3880
         4      4090         2         2        33         2         3         2         1         0      1257
         4      4090         2         2        34         6         3         6         1         0      1426
         4      4090         2         2        35         6         4         7         0         0      2358
         4      4090         2         2        36         3         1         3         1         0      1332
         4      4090         2         2        37         5         4         5         1         0      1290
         4      4090         2         2        38         9         2         9         1         1      1329
         4      4090         2         2        39         3         2         3         1         1      1575
         4      4090         2         2        40         4         4         4         1         0      1284
         4      4090         2         3         1         4         2         4         1         0      1378
         4      4090         2         3         2         1         4         7         0         0     54549
         4      4090         2         3         3        10         4         0         1         0      2252
         4      4090         2         3         4         1         2         1         1         0      1262
         4      4090         2         3         5         4         3         4         1         0      2071
         4      4090         2         3         6        10         1         0         1         1      1502
         4      4090         2         3         7         1         1         1         1         1      1038
         4      4090         2         3         8         8         2         8         1         0      2033
         4      4090         2         3         9         4         4         4         1         0      1195
         4      4090         2         3        10         5         3         5         1         0      1767
         4      4090         2         3        11        10         2         0         1         0      1901
         4      4090         2         3        12         3         4         3         1         0      2219
         4      4090         2         3        13         9         4         9         1         0      1647
         4      4090         2         3        14         6         4         7         0         0      5224
         4      4090         2         3        15         3         1         3         1         1      1459
         4      4090         2         3        16        10         3         0         1         0      2292
         4      4090         2         3        17         7         2         7         1         0      4292
         4      4090         2         3        18         1         3         1         1         0      1316
         4      4090         2         3        19         5         4         5         1         0      2299
         4      4090         2         3        20         6         1         6         1         1      1385
         4      4090         2         3        21         2         2         2         1         0       941
         4      4090         2         3        22         3         3         3         1         0      2132
         4      4090         2         3        23         7         1         7         1         1      2250
         4      4090         2         3        24         3         2         3         1         0      1803
         4      4090         2         3        25         2         3         2         1         0      1104
         4      4090         2         3        26         9         3         9         1         0      1360
         4      4090         2         3        27         7         3         7         1         0      9861
         4      4090         2         3        28         5         2         5         1         0      4903
         4      4090         2         3        29         6         2         6         1         0      1566
         4      4090         2         3        30         8         4         8         1         0      3691
         4      4090         2         3        31         9         2         9         1         0      1315
         4      4090         2         3        32         5         1         5         1         1      2106
         4      4090         2         3        33         4         1         4         1         1      1120
         4      4090         2         3        34         2         1         2         1         1      1024
         4      4090         2         3        35         8         3         0         0         0      9011
         4      4090         2         3        36         6         3         6         1         0      1446
         4      4090         2         3        37         9         1         9         1         1      2503
         4      4090         2         3        38         7         4         8         0         0      7071
         4      4090         2         3        39         2         4         2         1         0      1441
         4      4090         2         3        40         8         1         8         1         1      1746
         4      4090         2         4         1         4         2         4         1         1      1317
         4      4090         2         4         2         5         2         5         1         1      2317
         4      4090         2         4         3         7         4         8         0         0      2619
         4      4090         2         4         4         9         3         9         1         0      1743
         4      4090         2         4         5         2         3         2         1         0      1318
         4      4090         2         4         6         8         1         8         1         0      1565
         4      4090         2         4         7         5         1         5         1         0      1274
         4      4090         2         4         8         9         4         9         1         0      1410
         4      4090         2         4         9         9         1         9         1         0      1414
         4      4090         2         4        10        10         2         0         1         1      3034
         4      4090         2         4        11         5         4         5         1         0      2429
         4      4090         2         4        12         5         3         5         1         0      7943
         4      4090         2         4        13         3         2         3         1         1      1685
         4      4090         2         4        14         6         4         7         0         0     16173
         4      4090         2         4        15         1         2         1         1         1      1313
         4      4090         2         4        16         2         4         2         1         0      1080
         4      4090         2         4        17         9         2         9         1         1      1368
         4      4090         2         4        18         6         3         6         1         0      1292
         4      4090         2         4        19         4         3         4         1         0      1252
         4      4090         2         4        20         6         1         6         1         0      2109
         4      4090         2         4        21         6         2         6         1         1      2533
         4      4090         2         4        22        10         4         0         1         0      3548
         4      4090         2         4        23         8         4         8         1         0      5754
         4      4090         2         4        24         7         1         7         1         0      1856
         4      4090         2         4        25         4         1         4         1         0      1217
         4      4090         2         4        26        10         1         0         1         0      1531
         4      4090         2         4        27         4         4         4         1         0      1817
         4      4090         2         4        28         1         3         1         1         0      1467
         4      4090         2         4        29         2         1         2         1         0      1372
         4      4090         2         4        30         2         2         2         1         1       994
         4      4090         2         4        31         7         2         7         1         1      3621
         4      4090         2         4        32         8         2         8         1         1      3281
         4      4090         2         4        33         3         1         3         1         0      1321
         4      4090         2         4        34         3         4         3         1         0      1167
         4      4090         2         4        35        10         3         0         1         0     12155
         4      4090         2         4        36         3         3         3         1         0      1568
         4      4090         2         4        37         8         3         8         1         0      8014
         4      4090         2         4        38         1         4         7         0         0     17545
         4      4090         2         4        39         7         3         7         1         0      9526
         4      4090         2         4        40         1         1         1         1         0      1109
