Condition Subject Session Block Trial Subtype Token Response Correct Feedback RT 
         1      1049         1         1         1         1         2         5         0         1     16096
         1      1049         1         1         2         7         2         3         0         1      5496
         1      1049         1         1         3         6         1         2         0         1      2312
         1      1049         1         1         4         9         2         9         1         1      5958
         1      1049         1         1         5         4         1         0         0         1      4180
         1      1049         1         1         6         3         2         5         0         1      1785
         1      1049         1         1         7         5         1         5         1         1      1021
         1      1049         1         1         8         4         2         2         0         1      2736
         1      1049         1         1         9         5         2         5         1         1      1790
         1      1049         1         1        10         7         2         2         0         1      3698
         1      1049         1         1        11         6         2         2         0         1      2297
         1      1049         1         1        12        10         1         8         0         1      3399
         1      1049         1         1        13         2         1         2         1         1      3435
         1      1049         1         1        14         4         1         1         0         1      2654
         1      1049         1         1        15         2         1         2         1         1      1984
         1      1049         1         1        16        10         1         4         0         1      2395
         1      1049         1         1        17         5         2         5         1         1      2599
         1      1049         1         1        18         8         1         6         0         1      3354
         1      1049         1         1        19         8         1         8         1         1      4335
         1      1049         1         1        20         9         1         9         1         1      2908
         1      1049         1         1        21         1         1         2         0         1      1923
         1      1049         1         1        22         9         2         9         1         1      2657
         1      1049         1         1        23         3         1         5         0         1      1907
         1      1049         1         1        24         9         1         9         1         1      3570
         1      1049         1         1        25         2         2         1         0         1      2623
         1      1049         1         1        26         4         2         2         0         1      1025
         1      1049         1         1        27         5         1         5         1         1      2180
         1      1049         1         1        28         6         1         2         0         1      1896
         1      1049         1         1        29         2         2         2         1         1      1880
         1      1049         1         1        30         1         1         1         1         1      2360
         1      1049         1         1        31        10         2         4         0         1      2839
         1      1049         1         1        32         1         2         5         0         1      2209
         1      1049         1         1        33         8         2         3         0         1      6788
         1      1049         1         1        34         3         1         5         0         1      1841
         1      1049         1         1        35         8         2         4         0         1      1795
         1      1049         1         1        36         3         2         4         0         1      3063
         1      1049         1         1        37         7         1         9         0         1      3177
         1      1049         1         1        38         7         1         7         1         1      3607
         1      1049         1         1        39         6         2         2         0         1      2322
         1      1049         1         1        40        10         2         4         0         1      5456
         1      1049         1         2         1        10         2         0         1         1      4546
         1      1049         1         2         2         1         1         2         0         1      1639
         1      1049         1         2         3         9         2         9         1         1      2385
         1      1049         1         2         4         4         1         4         1         1      1581
         1      1049         1         2         5        10         1         3         0         1      1961
         1      1049         1         2         6         8         1         7         0         1      3110
         1      1049         1         2         7         7         2         7         1         1      2245
         1      1049         1         2         8         1         1         8         0         1      4933
         1      1049         1         2         9         8         1         6         0         1      4667
         1      1049         1         2        10         3         2         3         1         1      1869
         1      1049         1         2        11         6         2         2         0         1      1629
         1      1049         1         2        12         8         2         3         0         1      2296
         1      1049         1         2        13         6         1         2         0         1      1095
         1      1049         1         2        14         9         2         9         1         1      1494
         1      1049         1         2        15         9         1         9         1         1      2182
         1      1049         1         2        16         2         1         2         1         1      1531
         1      1049         1         2        17         7         1         3         0         1      1706
         1      1049         1         2        18         3         1         5         0         1      3217
         1      1049         1         2        19         8         2         0         0         1      5213
         1      1049         1         2        20         3         1         1         0         1      1160
         1      1049         1         2        21         1         2         1         1         1      1301
         1      1049         1         2        22        10         1         7         0         1      6140
         1      1049         1         2        23         7         1         7         1         1      3107
         1      1049         1         2        24         5         2         5         1         1      3154
         1      1049         1         2        25         2         2         2         1         1      2272
         1      1049         1         2        26         5         1         5         1         1      1505
         1      1049         1         2        27         3         2         5         0         1      1665
         1      1049         1         2        28         7         2         2         0         1      1275
         1      1049         1         2        29        10         2         0         1         1      2500
         1      1049         1         2        30         2         1         2         1         1      1164
         1      1049         1         2        31         4         2         2         0         1      1000
         1      1049         1         2        32         1         2         5         0         1      1516
         1      1049         1         2        33         5         1         5         1         1      1739
         1      1049         1         2        34         5         2         5         1         1      1041
         1      1049         1         2        35         6         1         2         0         1      1843
         1      1049         1         2        36         4         1         2         0         1      1238
         1      1049         1         2        37         9         1         9         1         1      1423
         1      1049         1         2        38         6         2         1         0         1      5106
         1      1049         1         2        39         4         2         2         0         1      1424
         1      1049         1         2        40         2         2         2         1         1      1220
         1      1049         1         3         1         3         1         5         0         1      3128
         1      1049         1         3         2         2         1         2         1         1      2215
         1      1049         1         3         3         8         1         7         0         1      7962
         1      1049         1         3         4         4         1         3         0         1      4807
         1      1049         1         3         5         7         2         1         0         1      2738
         1      1049         1         3         6         1         1         2         0         1      1632
         1      1049         1         3         7         3         2         4         0         1      4075
         1      1049         1         3         8         2         1         1         0         1      2052
         1      1049         1         3         9         2         2         2         1         1       894
         1      1049         1         3        10         3         1         0         0         1      3734
         1      1049         1         3        11        10         2         1         0         1      3709
         1      1049         1         3        12         6         2         6         1         1      3476
         1      1049         1         3        13         2         2         2         1         1      1477
         1      1049         1         3        14         8         1         9         0         1      2118
         1      1049         1         3        15         8         2         8         1         1      3437
         1      1049         1         3        16         7         1         7         1         1      4416
         1      1049         1         3        17         7         2         3         0         1      8395
         1      1049         1         3        18         5         2         5         1         1      5110
         1      1049         1         3        19         1         2         1         1         1      2726
         1      1049         1         3        20         5         1         5         1         1      2006
         1      1049         1         3        21         5         1         5         1         1      1026
         1      1049         1         3        22         6         2         6         1         1      2548
         1      1049         1         3        23         1         1         1         1         1      2105
         1      1049         1         3        24         9         2         9         1         1      1296
         1      1049         1         3        25         9         1         9         1         1       823
         1      1049         1         3        26        10         1         4         0         1      3905
         1      1049         1         3        27         6         1         6         1         1      2128
         1      1049         1         3        28         9         2         9         1         1      1047
         1      1049         1         3        29         9         1         9         1         1       696
         1      1049         1         3        30         4         2         1         0         1      1846
         1      1049         1         3        31         7         1         1         0         1      5096
         1      1049         1         3        32         4         2         1         0         1      3592
         1      1049         1         3        33         6         1         6         1         1      1604
         1      1049         1         3        34         8         2         7         0         1      5600
         1      1049         1         3        35        10         1         1         0         1      3755
         1      1049         1         3        36         5         2         5         1         1      1264
         1      1049         1         3        37         1         2         1         1         1      1321
         1      1049         1         3        38        10         2         0         1         1      3360
         1      1049         1         3        39         4         1         3         0         1      3398
         1      1049         1         3        40         3         2         3         1         1      1754
         1      1049         1         4         1         2         1         1         0         1      1746
         1      1049         1         4         2         5         1         5         1         1      1368
         1      1049         1         4         3         9         2         9         1         1      1100
         1      1049         1         4         4         1         1         1         1         1      1531
         1      1049         1         4         5         4         1         4         1         1      1882
         1      1049         1         4         6        10         1         1         0         1      1354
         1      1049         1         4         7         1         2         1         1         1       816
         1      1049         1         4         8        10         1         0         1         1      1995
         1      1049         1         4         9         5         1         5         1         1      1206
         1      1049         1         4        10         3         2         7         0         1      7778
         1      1049         1         4        11         5         2         5         1         1      1238
         1      1049         1         4        12         5         2         5         1         1      1296
         1      1049         1         4        13         6         1         6         1         1      1704
         1      1049         1         4        14         7         1         9         0         1      7168
         1      1049         1         4        15         7         2         3         0         1      6877
         1      1049         1         4        16         6         2         6         1         1      2645
         1      1049         1         4        17         1         1         2         0         1      1590
         1      1049         1         4        18         8         1         7         0         1      4194
         1      1049         1         4        19         8         2         8         1         1      1526
         1      1049         1         4        20         8         1         8         1         1      1365
         1      1049         1         4        21         3         1         4         0         1      5306
         1      1049         1         4        22         3         1         3         1         1      1410
         1      1049         1         4        23         7         1         3         0         1      1415
         1      1049         1         4        24         8         2         8         1         1      3834
         1      1049         1         4        25         4         1         4         1         1      4764
         1      1049         1         4        26         2         2         2         1         1      1642
         1      1049         1         4        27         4         2         2         0         1      2435
         1      1049         1         4        28         9         2         9         1         1      1150
         1      1049         1         4        29         3         2         3         1         1      3259
         1      1049         1         4        30        10         2         0         1         1      2566
         1      1049         1         4        31         4         2         4         1         1      5866
         1      1049         1         4        32         9         1         9         1         1      1274
         1      1049         1         4        33         6         2         6         1         1      1762
         1      1049         1         4        34         9         1         9         1         1       983
         1      1049         1         4        35         1         2         1         1         1      1019
         1      1049         1         4        36         2         1         1         0         1      3566
         1      1049         1         4        37         7         2         8         0         1      5771
         1      1049         1         4        38         2         2         2         1         1      1697
         1      1049         1         4        39        10         2         0         1         1      1609
         1      1049         1         4        40         6         1         6         1         1      1493
         1      1049         1         5         1         9         2         9         1         1      1072
         1      1049         1         5         2         7         1         3         0         1      6370
         1      1049         1         5         3         1         2         1         1         1      1375
         1      1049         1         5         4        10         2         1         0         1       950
         1      1049         1         5         5         6         2         6         1         1      1018
         1      1049         1         5         6         1         1         1         1         1      3612
         1      1049         1         5         7         6         1         6         1         1       919
         1      1049         1         5         8         3         1         5         0         1      1902
         1      1049         1         5         9         8         1         8         1         1      3326
         1      1049         1         5        10        10         2         0         1         1      1525
         1      1049         1         5        11         9         1         9         1         1      1123
         1      1049         1         5        12         4         2         2         0         1      6561
         1      1049         1         5        13         1         1         1         1         1      1525
         1      1049         1         5        14         5         1         5         1         1       996
         1      1049         1         5        15         1         2         1         1         1       792
         1      1049         1         5        16         8         2         9         0         1      1588
         1      1049         1         5        17         4         2         4         1         1      6144
         1      1049         1         5        18         2         2         2         1         1      1366
         1      1049         1         5        19         6         1         6         1         1      1003
         1      1049         1         5        20         2         1         2         1         1      3119
         1      1049         1         5        21         9         2         9         1         1       814
         1      1049         1         5        22         4         1         4         1         1      2905
         1      1049         1         5        23         4         1         4         1         1      3602
         1      1049         1         5        24         8         2         8         1         1      3166
         1      1049         1         5        25         7         1         3         0         1      2732
         1      1049         1         5        26         5         2         7         0         1      3274
         1      1049         1         5        27         5         1         5         1         1       820
         1      1049         1         5        28        10         1         1         0         1      3133
         1      1049         1         5        29         2         1         2         1         1      1340
         1      1049         1         5        30         3         1         5         0         1      1683
         1      1049         1         5        31         5         2         5         1         1       700
         1      1049         1         5        32         8         1         8         1         1      2187
         1      1049         1         5        33         3         2         3         1         1      3311
         1      1049         1         5        34         2         2         2         1         1       934
         1      1049         1         5        35        10         1         7         0         1      7132
         1      1049         1         5        36         7         2         7         1         1      1402
         1      1049         1         5        37         7         2         7         1         1       782
         1      1049         1         5        38         3         2         3         1         1      3387
         1      1049         1         5        39         9         1         9         1         1      1230
         1      1049         1         5        40         6         2         6         1         1      1304
         1      1049         1         6         1         6         2         6         1         1       948
         1      1049         1         6         2         6         1         6         1         1       906
         1      1049         1         6         3         5         1         5         1         1       946
         1      1049         1         6         4         9         2         9         1         1       904
         1      1049         1         6         5        10         2         0         1         1      1743
         1      1049         1         6         6         4         1         4         1         1      4054
         1      1049         1         6         7         3         1         3         1         1      3568
         1      1049         1         6         8         8         1         8         1         1      2589
         1      1049         1         6         9         9         1         9         1         1      1072
         1      1049         1         6        10         9         1         9         1         1      1008
         1      1049         1         6        11         9         2         9         1         1       643
         1      1049         1         6        12         6         2         6         1         1      1093
         1      1049         1         6        13         1         1         1         1         1      1444
         1      1049         1         6        14         7         2         7         1         1      2278
         1      1049         1         6        15        10         2         0         1         1      1335
         1      1049         1         6        16         5         2         5         1         1      1294
         1      1049         1         6        17         7         2         7         1         1      1286
         1      1049         1         6        18        10         1         0         1         1      5822
         1      1049         1         6        19         5         1         5         1         1      3985
         1      1049         1         6        20         3         2         3         1         1      1742
         1      1049         1         6        21         5         2         5         1         1      1236
         1      1049         1         6        22         4         2         2         0         1      4845
         1      1049         1         6        23         3         2         3         1         1      3703
         1      1049         1         6        24         2         1         1         0         1      1791
         1      1049         1         6        25         2         1         2         1         1       772
         1      1049         1         6        26         1         2         1         1         1       849
         1      1049         1         6        27         7         1         7         1         1      5898
         1      1049         1         6        28        10         1         0         1         1      4313
         1      1049         1         6        29         3         1         5         0         1      4328
         1      1049         1         6        30         1         1         1         1         1      1046
         1      1049         1         6        31         7         1         7         1         1      1528
         1      1049         1         6        32         6         1         6         1         1      1015
         1      1049         1         6        33         8         2         8         1         1      3066
         1      1049         1         6        34         2         2         2         1         1      1275
         1      1049         1         6        35         8         1         8         1         1      3828
         1      1049         1         6        36         4         2         2         0         1      2197
         1      1049         1         6        37         1         2         1         1         1       904
         1      1049         1         6        38         8         2         8         1         1      4896
         1      1049         1         6        39         2         2         2         1         1       792
         1      1049         1         6        40         4         1         4         1         1      3205
         1      1049         2         1         1         3         2         3         1         0      2898
         1      1049         2         1         2         1         3         3         0         0      3273
         1      1049         2         1         3         6         4         6         1         0      1489
         1      1049         2         1         4         3         4         3         1         0      2178
         1      1049         2         1         5         6         3         6         1         0      1094
         1      1049         2         1         6         2         3         2         1         0       918
         1      1049         2         1         7         9         1         9         1         1      1036
         1      1049         2         1         8         4         3         3         0         0      2623
         1      1049         2         1         9         7         2         7         1         0      2657
         1      1049         2         1        10         8         3         8         1         0      1810
         1      1049         2         1        11         9         3         9         1         0       742
         1      1049         2         1        12         6         1         6         1         1       868
         1      1049         2         1        13         2         1         2         1         1       958
         1      1049         2         1        14         8         4         8         1         0      1619
         1      1049         2         1        15         5         2         5         1         0      2014
         1      1049         2         1        16        10         3         7         0         0      5577
         1      1049         2         1        17         3         3         3         1         0      4166
         1      1049         2         1        18         6         2         6         1         0      1323
         1      1049         2         1        19         4         4         2         0         0      1074
         1      1049         2         1        20        10         4         1         0         0      7076
         1      1049         2         1        21         1         4         1         1         0       901
         1      1049         2         1        22         4         1         4         1         1      2062
         1      1049         2         1        23         4         2         4         1         0      2853
         1      1049         2         1        24         2         4         2         1         0      2207
         1      1049         2         1        25         9         4         9         1         0       962
         1      1049         2         1        26        10         1         0         1         1      2374
         1      1049         2         1        27         8         1         8         1         1      1267
         1      1049         2         1        28         7         4         5         0         0      5724
         1      1049         2         1        29         3         1         3         1         1      2387
         1      1049         2         1        30         9         2         9         1         0       783
         1      1049         2         1        31        10         2         0         1         0      1324
         1      1049         2         1        32         1         1         1         1         1      1042
         1      1049         2         1        33         5         4         5         1         0      1316
         1      1049         2         1        34         8         2         8         1         0      1147
         1      1049         2         1        35         5         3         5         1         0      1065
         1      1049         2         1        36         1         2         1         1         0       713
         1      1049         2         1        37         7         3         5         0         0      1464
         1      1049         2         1        38         2         2         1         0         0       778
         1      1049         2         1        39         7         1         4         0         1      4422
         1      1049         2         1        40         5         1         5         1         1      1777
         1      1049         2         2         1        10         4         1         0         0      2039
         1      1049         2         2         2         7         1         3         0         0      1315
         1      1049         2         2         3         9         2         9         1         1      1546
         1      1049         2         2         4         4         1         4         1         0      2904
         1      1049         2         2         5         6         3         6         1         0      1279
         1      1049         2         2         6        10         3         3         0         0      2151
         1      1049         2         2         7         6         1         6         1         0       732
         1      1049         2         2         8         6         2         6         1         1       650
         1      1049         2         2         9         1         2         1         1         1       812
         1      1049         2         2        10         2         4         2         1         0       854
         1      1049         2         2        11         2         3         2         1         0       863
         1      1049         2         2        12         7         3         5         0         0      1161
         1      1049         2         2        13         9         1         9         1         0      1637
         1      1049         2         2        14         4         3         3         0         0      4288
         1      1049         2         2        15         8         1         8         1         0      3088
         1      1049         2         2        16         9         3         9         1         0      1088
         1      1049         2         2        17         8         3         8         1         0       816
         1      1049         2         2        18         7         4         5         0         0      2970
         1      1049         2         2        19         5         4         5         1         0      1071
         1      1049         2         2        20         5         2         5         1         1       752
         1      1049         2         2        21        10         2         0         1         1      1070
         1      1049         2         2        22         9         4         9         1         0      1135
         1      1049         2         2        23         1         3         5         0         0      2636
         1      1049         2         2        24         2         2         2         1         1       719
         1      1049         2         2        25        10         1         0         1         0      1661
         1      1049         2         2        26         8         2         8         1         1      1350
         1      1049         2         2        27         1         1         1         1         0       907
         1      1049         2         2        28         5         1         5         1         0       947
         1      1049         2         2        29         1         4         3         0         0      1352
         1      1049         2         2        30         2         1         2         1         0      3934
         1      1049         2         2        31         7         2         7         1         1      1421
         1      1049         2         2        32         3         4         3         1         0      1616
         1      1049         2         2        33         8         4         8         1         0      1179
         1      1049         2         2        34         3         1         3         1         0      1880
         1      1049         2         2        35         4         4         2         0         0       712
         1      1049         2         2        36         6         4         6         1         0       838
         1      1049         2         2        37         5         3         5         1         0       673
         1      1049         2         2        38         3         3         3         1         0      1346
         1      1049         2         2        39         3         2         3         1         1       824
         1      1049         2         2        40         4         2         2         0         1      2626
         1      1049         2         3         1         4         1         4         1         1      2014
         1      1049         2         3         2         5         3         5         1         0      1354
         1      1049         2         3         3         7         1         3         0         1      1280
         1      1049         2         3         4        10         4         3         0         0      4649
         1      1049         2         3         5         6         3         6         1         0       874
         1      1049         2         3         6        10         2         0         1         0      1187
         1      1049         2         3         7        10         1         0         1         1      1262
         1      1049         2         3         8         5         1         5         1         1       903
         1      1049         2         3         9         3         1         3         1         1      3167
         1      1049         2         3        10         2         4         2         1         0       699
         1      1049         2         3        11         9         4         9         1         0       731
         1      1049         2         3        12        10         3         3         0         0      2248
         1      1049         2         3        13         8         2         8         1         0      1226
         1      1049         2         3        14         5         4         5         1         0      1029
         1      1049         2         3        15         1         1         1         1         1       950
         1      1049         2         3        16         6         1         6         1         1      1052
         1      1049         2         3        17         6         2         6         1         0      2781
         1      1049         2         3        18         9         1         9         1         1       904
         1      1049         2         3        19         3         4         3         1         0      1103
         1      1049         2         3        20         4         4         2         0         0       687
         1      1049         2         3        21         9         3         9         1         0       608
         1      1049         2         3        22         2         3         2         1         0       851
         1      1049         2         3        23         6         4         9         0         0       588
         1      1049         2         3        24         9         2         9         1         0       592
         1      1049         2         3        25         8         4         8         1         0      1124
         1      1049         2         3        26         4         3         3         0         0      2243
         1      1049         2         3        27         4         2         4         1         0      1957
         1      1049         2         3        28         3         2         3         1         0       915
         1      1049         2         3        29         1         4         3         0         0      2746
         1      1049         2         3        30         8         3         8         1         0       935
         1      1049         2         3        31         8         1         8         1         1       941
         1      1049         2         3        32         1         3         3         0         0      2516
         1      1049         2         3        33         7         4         3         0         0       907
         1      1049         2         3        34         1         2         1         1         0       707
         1      1049         2         3        35         7         2         7         1         0      1457
         1      1049         2         3        36         2         2         2         1         0       931
         1      1049         2         3        37         2         1         2         1         1      1625
         1      1049         2         3        38         5         2         5         1         0      1092
         1      1049         2         3        39         3         3         3         1         0      1366
         1      1049         2         3        40         7         3         5         0         0      1131
         1      1049         2         4         1         3         1         3         1         0      2057
         1      1049         2         4         2         7         3         5         0         0      2467
         1      1049         2         4         3         8         3         8         1         0      1260
         1      1049         2         4         4         1         4         3         0         0      6006
         1      1049         2         4         5         2         1         2         1         0      1890
         1      1049         2         4         6         1         3         3         0         0       978
         1      1049         2         4         7         4         4         2         0         0       663
         1      1049         2         4         8         9         3         9         1         0      1047
         1      1049         2         4         9         5         3         5         1         0      1161
         1      1049         2         4        10         7         2         7         1         1       950
         1      1049         2         4        11         4         3         3         0         0      1212
         1      1049         2         4        12         6         3         6         1         0       919
         1      1049         2         4        13         5         4         5         1         0       990
         1      1049         2         4        14         2         2         2         1         1      2434
         1      1049         2         4        15        10         2         0         1         1      1212
         1      1049         2         4        16        10         3         3         0         0      6103
         1      1049         2         4        17         4         2         4         1         1      1806
         1      1049         2         4        18         1         2         1         1         1       705
         1      1049         2         4        19         3         2         3         1         1       865
         1      1049         2         4        20         8         2         8         1         1      2122
         1      1049         2         4        21         6         1         6         1         0       977
         1      1049         2         4        22         2         3         2         1         0       758
         1      1049         2         4        23         1         1         1         1         0      1091
         1      1049         2         4        24         4         1         4         1         0      1139
         1      1049         2         4        25        10         1         0         1         0      1233
         1      1049         2         4        26         3         3         3         1         0      1020
         1      1049         2         4        27         9         1         9         1         0       975
         1      1049         2         4        28         6         4         6         1         0       946
         1      1049         2         4        29         6         2         6         1         1       823
         1      1049         2         4        30         7         4         3         0         0      2577
         1      1049         2         4        31         9         4         9         1         0       790
         1      1049         2         4        32         5         1         5         1         0       770
         1      1049         2         4        33         7         1         3         0         0      1696
         1      1049         2         4        34         3         4         3         1         0      2152
         1      1049         2         4        35         2         4         2         1         0       717
         1      1049         2         4        36         8         1         8         1         0       924
         1      1049         2         4        37         9         2         9         1         1       803
         1      1049         2         4        38        10         4         1         0         0      2030
         1      1049         2         4        39         5         2         5         1         1      1289
         1      1049         2         4        40         8         4         8         1         0      1185
