Condition Subject Session Block Trial Subtype Token Response Correct Feedback RT 
         2      2074         1         1         1         3         1         5         0         1      5687
         2      2074         1         1         2        10         1         0         1         1      2800
         2      2074         1         1         3         8         2         6         0         1      4491
         2      2074         1         1         4         6         1         5         0         1      3346
         2      2074         1         1         5         1         2         1         1         1      3350
         2      2074         1         1         6         3         1         3         1         1      2492
         2      2074         1         1         7         6         2         5         0         1      1668
         2      2074         1         1         8         1         1         7         0         1      3787
         2      2074         1         1         9         2         2         2         1         1      3086
         2      2074         1         1        10         4         2         8         0         1      4831
         2      2074         1         1        11         1         2         1         1         1      2360
         2      2074         1         1        12         3         2         5         0         1      1909
         2      2074         1         1        13         7         1         9         0         1      2771
         2      2074         1         1        14         7         2         9         0         1      1521
         2      2074         1         1        15         9         2         8         0         1      3312
         2      2074         1         1        16         8         2         6         0         1      5798
         2      2074         1         1        17         9         1         7         0         1      5017
         2      2074         1         1        18         4         2         8         0         1      3277
         2      2074         1         1        19         3         2         3         1         1      4452
         2      2074         1         1        20         5         1         8         0         1      5548
         2      2074         1         1        21        10         1         0         1         1      1867
         2      2074         1         1        22         1         1         1         1         1      1803
         2      2074         1         1        23         5         2         6         0         1      4349
         2      2074         1         1        24         2         1         2         1         1      2379
         2      2074         1         1        25         6         1         6         1         1      4455
         2      2074         1         1        26         4         1         3         0         1      3136
         2      2074         1         1        27        10         2         0         1         1      4110
         2      2074         1         1        28         5         2         5         1         1      5877
         2      2074         1         1        29         9         1         1         0         1      1766
         2      2074         1         1        30         8         1         6         0         1      2714
         2      2074         1         1        31        10         2         0         1         1      1418
         2      2074         1         1        32         4         1         9         0         1      4284
         2      2074         1         1        33         7         2         2         0         1      2093
         2      2074         1         1        34         5         1         5         1         1      2211
         2      2074         1         1        35         2         1         2         1         1      1318
         2      2074         1         1        36         9         2         2         0         1      1613
         2      2074         1         1        37         8         1         7         0         1      4345
         2      2074         1         1        38         2         2         2         1         1      1542
         2      2074         1         1        39         7         1         0         0         1      1108
         2      2074         1         1        40         6         2         3         0         1      3700
         2      2074         1         2         1         6         1         8         0         1     13574
         2      2074         1         2         2         2         2         2         1         1      1762
         2      2074         1         2         3         1         2         1         1         1      1221
         2      2074         1         2         4         1         1         1         1         1      1727
         2      2074         1         2         5         3         1         3         1         1      2469
         2      2074         1         2         6         7         1         6         0         1      5646
         2      2074         1         2         7         7         2         6         0         1      4680
         2      2074         1         2         8         6         2         6         1         1      1705
         2      2074         1         2         9         2         1         2         1         1      1616
         2      2074         1         2        10         7         2         7         1         1      2443
         2      2074         1         2        11         4         2         4         1         1      2468
         2      2074         1         2        12        10         2         0         1         1      1486
         2      2074         1         2        13         9         2         8         0         1      4896
         2      2074         1         2        14         3         1         6         0         1      5559
         2      2074         1         2        15         7         1         7         1         1      1924
         2      2074         1         2        16         5         1         5         1         1      1570
         2      2074         1         2        17         3         2         4         0         1      6111
         2      2074         1         2        18         8         1         4         0         1      1926
         2      2074         1         2        19         6         1         6         1         1      2068
         2      2074         1         2        20        10         1         0         1         1      1342
         2      2074         1         2        21         2         2         2         1         1      1347
         2      2074         1         2        22         5         1         5         1         1      1592
         2      2074         1         2        23         5         2         5         1         1      1715
         2      2074         1         2        24         4         1         7         0         1      1817
         2      2074         1         2        25         4         1         4         1         1      1980
         2      2074         1         2        26         8         2         6         0         1      5207
         2      2074         1         2        27         5         2         5         1         1      1458
         2      2074         1         2        28         8         1         6         0         1      3091
         2      2074         1         2        29         4         2         6         0         1      1299
         2      2074         1         2        30         6         2         6         1         1       859
         2      2074         1         2        31         9         1         1         0         1      1492
         2      2074         1         2        32         3         2         3         1         1      4324
         2      2074         1         2        33         2         1         2         1         1      1474
         2      2074         1         2        34         1         2         1         1         1       898
         2      2074         1         2        35         9         2         8         0         1      2474
         2      2074         1         2        36         9         1         3         0         1      3843
         2      2074         1         2        37         1         1         1         1         1      1123
         2      2074         1         2        38         8         2         8         1         1      6816
         2      2074         1         2        39        10         2         0         1         1       780
         2      2074         1         2        40        10         1         0         1         1       633
         2      2074         1         3         1         4         1         3         0         1      6023
         2      2074         1         3         2         9         2         8         0         1      2130
         2      2074         1         3         3         9         1         9         1         1      3896
         2      2074         1         3         4         3         2         3         1         1      2439
         2      2074         1         3         5         2         2         2         1         1      1313
         2      2074         1         3         6         1         1         1         1         1      1511
         2      2074         1         3         7         5         2         5         1         1      1782
         2      2074         1         3         8         7         2         8         0         1      3082
         2      2074         1         3         9         5         1         5         1         1      2218
         2      2074         1         3        10        10         1         0         1         1       717
         2      2074         1         3        11        10         2         0         1         1      1069
         2      2074         1         3        12         1         2         1         1         1       813
         2      2074         1         3        13         4         2         8         0         1      2935
         2      2074         1         3        14         3         1         3         1         1      6270
         2      2074         1         3        15         7         1         7         1         1      2607
         2      2074         1         3        16        10         1         0         1         1       643
         2      2074         1         3        17        10         2         0         1         1       805
         2      2074         1         3        18         5         2         4         0         1       832
         2      2074         1         3        19         8         1         9         0         1      2874
         2      2074         1         3        20         8         2         9         0         1      2082
         2      2074         1         3        21         6         2         3         0         1      2219
         2      2074         1         3        22         1         1         1         1         1       861
         2      2074         1         3        23         1         2         1         1         1       773
         2      2074         1         3        24         9         2         9         1         1      2354
         2      2074         1         3        25         4         1         6         0         1      2559
         2      2074         1         3        26         2         1         2         1         1      1060
         2      2074         1         3        27         3         2         3         1         1      3301
         2      2074         1         3        28         6         2         6         1         1      1373
         2      2074         1         3        29         7         2         8         0         1      3058
         2      2074         1         3        30         2         1         2         1         1       835
         2      2074         1         3        31         4         2         8         0         1      3022
         2      2074         1         3        32         7         1         8         0         1      2737
         2      2074         1         3        33         8         1         9         0         1      1119
         2      2074         1         3        34         9         1         9         1         1      2799
         2      2074         1         3        35         2         2         2         1         1       666
         2      2074         1         3        36         5         1         4         0         1       873
         2      2074         1         3        37         3         1         3         1         1      2514
         2      2074         1         3        38         8         2         9         0         1      5832
         2      2074         1         3        39         6         1         7         0         1      2250
         2      2074         1         3        40         6         1         6         1         1      1100
         2      2074         1         4         1         9         2         9         1         1      8414
         2      2074         1         4         2         1         1         1         1         1      1912
         2      2074         1         4         3         5         2         5         1         1      1351
         2      2074         1         4         4         2         1         2         1         1      1149
         2      2074         1         4         5         3         1         3         1         1      1579
         2      2074         1         4         6         3         1         3         1         1      1096
         2      2074         1         4         7         1         2         1         1         1       918
         2      2074         1         4         8         3         2         3         1         1      1774
         2      2074         1         4         9         2         2         2         1         1       977
         2      2074         1         4        10         9         1         9         1         1      3317
         2      2074         1         4        11         3         2         3         1         1      1452
         2      2074         1         4        12         6         2         6         1         1      1454
         2      2074         1         4        13         9         1         9         1         1      1664
         2      2074         1         4        14        10         1         0         1         1       682
         2      2074         1         4        15        10         2         0         1         1       812
         2      2074         1         4        16         6         1         6         1         1      1591
         2      2074         1         4        17         1         1         1         1         1      2657
         2      2074         1         4        18         7         1         7         1         1      2514
         2      2074         1         4        19         4         2         4         1         1      2393
         2      2074         1         4        20         7         2         8         0         1      2661
         2      2074         1         4        21         2         1         2         1         1      1414
         2      2074         1         4        22         8         1         8         1         1      5961
         2      2074         1         4        23         4         1         6         0         1      1654
         2      2074         1         4        24         5         1         5         1         1      1534
         2      2074         1         4        25         6         2         6         1         1      1405
         2      2074         1         4        26         8         1         8         1         1      3441
         2      2074         1         4        27         6         1         6         1         1      2322
         2      2074         1         4        28         5         1         5         1         1      1328
         2      2074         1         4        29         4         2         4         1         1      3015
         2      2074         1         4        30         2         2         2         1         1      1369
         2      2074         1         4        31         7         1         8         0         1      2734
         2      2074         1         4        32         4         1         7         0         1      3947
         2      2074         1         4        33         7         2         8         0         1      1273
         2      2074         1         4        34         1         2         1         1         1      1281
         2      2074         1         4        35         9         2         9         1         1      1706
         2      2074         1         4        36        10         2         0         1         1       786
         2      2074         1         4        37        10         1         0         1         1       799
         2      2074         1         4        38         8         2         8         1         1      2506
         2      2074         1         4        39         5         2         5         1         1      1185
         2      2074         1         4        40         8         2         8         1         1      1661
         2      2074         1         5         1         1         2         1         1         1      1208
         2      2074         1         5         2         3         2         3         1         1      2755
         2      2074         1         5         3         7         2         8         0         1      2433
         2      2074         1         5         4         4         1         4         1         1      3579
         2      2074         1         5         5         6         1         6         1         1      1447
         2      2074         1         5         6         5         1         5         1         1      1879
         2      2074         1         5         7         9         1         9         1         1      3064
         2      2074         1         5         8        10         2         0         1         1       778
         2      2074         1         5         9         4         2         4         1         1      2230
         2      2074         1         5        10         5         2         5         1         1      1367
         2      2074         1         5        11         2         2         2         1         1      1308
         2      2074         1         5        12         5         1         5         1         1      1026
         2      2074         1         5        13         5         2         5         1         1      1076
         2      2074         1         5        14         1         1         1         1         1      1332
         2      2074         1         5        15         2         1         2         1         1      1066
         2      2074         1         5        16         8         1         8         1         1      3132
         2      2074         1         5        17         3         1         3         1         1      4394
         2      2074         1         5        18         1         2         1         1         1       693
         2      2074         1         5        19         2         2         2         1         1       932
         2      2074         1         5        20         4         2         4         1         1      2219
         2      2074         1         5        21        10         1         0         1         1       670
         2      2074         1         5        22         9         1         9         1         1      4048
         2      2074         1         5        23         3         2         3         1         1      1817
         2      2074         1         5        24         2         1         2         1         1       940
         2      2074         1         5        25         7         1         8         0         1      1890
         2      2074         1         5        26         3         1         3         1         1      1202
         2      2074         1         5        27        10         1         0         1         1       702
         2      2074         1         5        28         7         1         7         1         1      2078
         2      2074         1         5        29         8         2         8         1         1      1461
         2      2074         1         5        30         8         2         8         1         1      1029
         2      2074         1         5        31         6         1         6         1         1      1847
         2      2074         1         5        32         9         2         9         1         1      1994
         2      2074         1         5        33         9         2         9         1         1       694
         2      2074         1         5        34         4         1         4         1         1      6550
         2      2074         1         5        35         1         1         1         1         1       730
         2      2074         1         5        36         6         2         6         1         1      1513
         2      2074         1         5        37        10         2         0         1         1       777
         2      2074         1         5        38         7         2         7         1         1      1799
         2      2074         1         5        39         6         2         6         1         1      3883
         2      2074         1         5        40         8         1         8         1         1      1820
         2      2074         1         6         1         4         1         4         1         1      5386
         2      2074         1         6         2         6         2         6         1         1      1199
         2      2074         1         6         3         8         1         8         1         1      1468
         2      2074         1         6         4         6         2         6         1         1      1310
         2      2074         1         6         5         8         2         8         1         1      3220
         2      2074         1         6         6         2         1         2         1         1      1120
         2      2074         1         6         7         5         2         5         1         1      1471
         2      2074         1         6         8         2         2         2         1         1      1169
         2      2074         1         6         9         3         2         3         1         1      1438
         2      2074         1         6        10         4         2         4         1         1      1808
         2      2074         1         6        11         5         1         5         1         1      1538
         2      2074         1         6        12         2         2         2         1         1      1584
         2      2074         1         6        13         3         1         3         1         1      1677
         2      2074         1         6        14         1         1         1         1         1       773
         2      2074         1         6        15         5         2         5         1         1      1169
         2      2074         1         6        16         4         1         4         1         1      2862
         2      2074         1         6        17         3         1         3         1         1       760
         2      2074         1         6        18         5         1         5         1         1       852
         2      2074         1         6        19         9         1         9         1         1      4111
         2      2074         1         6        20         9         2         9         1         1       903
         2      2074         1         6        21         7         1         7         1         1      2591
         2      2074         1         6        22         6         1         6         1         1      1122
         2      2074         1         6        23        10         2         0         1         1       770
         2      2074         1         6        24         6         1         6         1         1      1615
         2      2074         1         6        25         1         1         1         1         1       826
         2      2074         1         6        26         7         1         7         1         1      1957
         2      2074         1         6        27         1         2         1         1         1       689
         2      2074         1         6        28         8         2         8         1         1      2496
         2      2074         1         6        29         8         1         8         1         1      3433
         2      2074         1         6        30         9         1         9         1         1      1356
         2      2074         1         6        31         2         1         2         1         1      1042
         2      2074         1         6        32        10         1         0         1         1       629
         2      2074         1         6        33        10         2         0         1         1      2377
         2      2074         1         6        34         9         2         9         1         1      1158
         2      2074         1         6        35        10         1         0         1         1      1061
         2      2074         1         6        36         4         2         4         1         1      2118
         2      2074         1         6        37         7         2         7         1         1      1630
         2      2074         1         6        38         1         2         1         1         1      1096
         2      2074         1         6        39         3         2         3         1         1      5079
         2      2074         1         6        40         7         2         7         1         1      1768
         2      2074         2         1         1        10         4         0         1         0      1809
         2      2074         2         1         2         1         4         1         1         0       741
         2      2074         2         1         3         2         3         2         1         0      1219
         2      2074         2         1         4         3         3         7         0         0      5631
         2      2074         2         1         5         6         2         6         1         0      1195
         2      2074         2         1         6         9         1         9         1         1      1479
         2      2074         2         1         7         2         2         1         0         0      1608
         2      2074         2         1         8         6         3         6         1         0      9523
         2      2074         2         1         9         8         1         8         1         1      1763
         2      2074         2         1        10         9         2         9         1         0      1033
         2      2074         2         1        11         4         3         0         0         0      1548
         2      2074         2         1        12         3         2         3         1         0      1786
         2      2074         2         1        13         7         4         3         0         0      6927
         2      2074         2         1        14         5         2         5         1         0      1125
         2      2074         2         1        15         9         4         7         0         0      4579
         2      2074         2         1        16         8         4         8         1         0      3352
         2      2074         2         1        17         3         1         3         1         1      1295
         2      2074         2         1        18         1         2         1         1         0       678
         2      2074         2         1        19         2         4         2         1         0       710
         2      2074         2         1        20         6         1         6         1         1      1605
         2      2074         2         1        21         2         1         2         1         1       657
         2      2074         2         1        22         7         1         8         0         1      1778
         2      2074         2         1        23         5         4         3         0         0      7814
         2      2074         2         1        24         8         3         4         0         0      3352
         2      2074         2         1        25         1         1         1         1         1      1261
         2      2074         2         1        26         9         3         9         1         0      1831
         2      2074         2         1        27         4         2         4         1         0      2842
         2      2074         2         1        28         7         3         2         0         0      2180
         2      2074         2         1        29         7         2         7         1         0      1449
         2      2074         2         1        30         4         1         4         1         1      1979
         2      2074         2         1        31         5         3         8         0         0      5559
         2      2074         2         1        32         8         2         8         1         0      1556
         2      2074         2         1        33        10         1         0         1         1       706
         2      2074         2         1        34         1         3         9         0         0      3570
         2      2074         2         1        35         5         1         5         1         1      1374
         2      2074         2         1        36         6         4         6         1         0      4435
         2      2074         2         1        37        10         3         0         1         0       670
         2      2074         2         1        38        10         2         0         1         0       608
         2      2074         2         1        39         3         4         6         0         0      3652
         2      2074         2         1        40         4         4         3         0         0      3404
         2      2074         2         2         1        10         3         0         1         0       584
         2      2074         2         2         2         5         1         5         1         0      1148
         2      2074         2         2         3         6         3         6         1         0      1546
         2      2074         2         2         4         4         2         4         1         1      2440
         2      2074         2         2         5         4         4         9         0         0      1616
         2      2074         2         2         6         5         4         3         0         0      4203
         2      2074         2         2         7         1         3         9         0         0      1248
         2      2074         2         2         8         7         3         0         0         0      2778
         2      2074         2         2         9         5         3         5         1         0      1414
         2      2074         2         2        10         2         2         2         1         1      1017
         2      2074         2         2        11         7         1         7         1         0      2061
         2      2074         2         2        12         2         4         2         1         0       822
         2      2074         2         2        13         3         1         3         1         0      1554
         2      2074         2         2        14         8         4         9         0         0      4640
         2      2074         2         2        15         9         3         9         1         0      1107
         2      2074         2         2        16         6         1         6         1         0      1234
         2      2074         2         2        17         8         3         8         1         0      2091
         2      2074         2         2        18         3         3         9         0         0      7685
         2      2074         2         2        19         7         4         3         0         0      6509
         2      2074         2         2        20         3         4         3         1         0      1397
         2      2074         2         2        21         3         2         3         1         1      1913
         2      2074         2         2        22        10         2         0         1         1      1049
         2      2074         2         2        23        10         1         0         1         0       589
         2      2074         2         2        24         9         2         9         1         1      1154
         2      2074         2         2        25         8         2         8         1         1      1951
         2      2074         2         2        26         1         1         9         0         0      2124
         2      2074         2         2        27         6         2         6         1         1      1108
         2      2074         2         2        28        10         4         0         1         0       643
         2      2074         2         2        29         7         2         7         1         1      1525
         2      2074         2         2        30         4         1         7         0         0      6563
         2      2074         2         2        31         2         3         2         1         0      1561
         2      2074         2         2        32         4         3         0         0         0       983
         2      2074         2         2        33         9         4         2         0         0      1596
         2      2074         2         2        34         1         4         1         1         0      1272
         2      2074         2         2        35         1         2         1         1         1       656
         2      2074         2         2        36         5         2         5         1         1       993
         2      2074         2         2        37         6         4         6         1         0      1493
         2      2074         2         2        38         2         1         2         1         0       757
         2      2074         2         2        39         9         1         9         1         0      1858
         2      2074         2         2        40         8         1         8         1         0      1732
         2      2074         2         3         1         8         2         8         1         0      1292
         2      2074         2         3         2         5         1         5         1         1       962
         2      2074         2         3         3        10         1         0         1         1       793
         2      2074         2         3         4         2         3         2         1         0       773
         2      2074         2         3         5         5         2         5         1         0      1153
         2      2074         2         3         6         9         1         9         1         1      1168
         2      2074         2         3         7         3         4         3         1         0      2670
         2      2074         2         3         8         1         3         9         0         0      2113
         2      2074         2         3         9         8         4         6         0         0      2057
         2      2074         2         3        10         7         2         7         1         0      1250
         2      2074         2         3        11         1         4         1         1         0      2860
         2      2074         2         3        12         7         4         8         0         0      5765
         2      2074         2         3        13         9         3         9         1         0      1915
         2      2074         2         3        14        10         2         0         1         0       764
         2      2074         2         3        15         3         3         6         0         0     13722
         2      2074         2         3        16         3         2         3         1         0      2401
         2      2074         2         3        17        10         4         0         1         0      1197
         2      2074         2         3        18         2         2         2         1         0       953
         2      2074         2         3        19         3         1         3         1         1      1328
         2      2074         2         3        20         1         1         9         0         1      4181
         2      2074         2         3        21         5         3         5         1         0      1161
         2      2074         2         3        22         9         2         9         1         0      1239
         2      2074         2         3        23         6         1         6         1         1      1393
         2      2074         2         3        24         2         1         2         1         1      1014
         2      2074         2         3        25         8         1         8         1         1      2602
         2      2074         2         3        26         4         4         7         0         0      7643
         2      2074         2         3        27         1         2         1         1         0       660
         2      2074         2         3        28         4         3         0         0         0      3398
         2      2074         2         3        29         4         2         4         1         0      2266
         2      2074         2         3        30         9         4         2         0         0      1547
         2      2074         2         3        31         6         3         6         1         0      1465
         2      2074         2         3        32         7         1         7         1         1      1595
         2      2074         2         3        33         2         4         2         1         0       791
         2      2074         2         3        34         5         4         4         0         0      6482
         2      2074         2         3        35         6         4         6         1         0      1227
         2      2074         2         3        36         4         1         7         0         1      1590
         2      2074         2         3        37         8         3         8         1         0      3025
         2      2074         2         3        38         6         2         6         1         0      1459
         2      2074         2         3        39        10         3         0         1         0       758
         2      2074         2         3        40         7         3         0         0         0      2516
         2      2074         2         4         1         6         2         6         1         1      1304
         2      2074         2         4         2        10         1         0         1         0       897
         2      2074         2         4         3         2         3         2         1         0       793
         2      2074         2         4         4         1         2         1         1         1       691
         2      2074         2         4         5         6         3         6         1         0      1140
         2      2074         2         4         6        10         3         0         1         0       611
         2      2074         2         4         7         6         1         6         1         0      1990
         2      2074         2         4         8         4         1         4         1         0      1826
         2      2074         2         4         9         8         2         8         1         1      1716
         2      2074         2         4        10         7         2         7         1         1      4508
         2      2074         2         4        11         9         1         9         1         0      3059
         2      2074         2         4        12         5         4         8         0         0      4628
         2      2074         2         4        13         9         3         9         1         0      1416
         2      2074         2         4        14         9         2         9         1         1       844
         2      2074         2         4        15        10         2         0         1         1       742
         2      2074         2         4        16         4         4         7         0         0      2897
         2      2074         2         4        17         2         2         2         1         1       825
         2      2074         2         4        18         3         3         7         0         0      2660
         2      2074         2         4        19         6         4         6         1         0      1253
         2      2074         2         4        20         8         3         8         1         0      1550
         2      2074         2         4        21         7         4         4         0         0      5068
         2      2074         2         4        22         3         1         3         1         0      1086
         2      2074         2         4        23         7         1         7         1         0      1695
         2      2074         2         4        24         4         3         0         0         0       855
         2      2074         2         4        25         2         4         2         1         0       784
         2      2074         2         4        26         5         3         5         1         0      1420
         2      2074         2         4        27         4         2         4         1         1      1759
         2      2074         2         4        28         5         1         5         1         0      1059
         2      2074         2         4        29         8         4         3         0         0      6245
         2      2074         2         4        30        10         4         0         1         0       727
         2      2074         2         4        31         3         4         3         1         0      1558
         2      2074         2         4        32         1         4         1         1         0       852
         2      2074         2         4        33         9         4         2         0         0      1230
         2      2074         2         4        34         2         1         2         1         0       697
         2      2074         2         4        35         3         2         3         1         1      1241
         2      2074         2         4        36         5         2         5         1         1      1107
         2      2074         2         4        37         8         1         8         1         0      2067
         2      2074         2         4        38         7         3         9         0         0      4845
         2      2074         2         4        39         1         1         1         1         0       997
         2      2074         2         4        40         1         3         9         0         0      1577
