Condition Subject Session Block Trial Subtype Token Response Correct Feedback RT 
         4      4081         1         1         1         9         1         1         0         1      6094
         4      4081         1         1         2         4         1         1         0         1      2948
         4      4081         1         1         3         1         2         6         0         1      3770
         4      4081         1         1         4         3         2         7         0         1      4542
         4      4081         1         1         5         8         1         8         1         1      8481
         4      4081         1         1         6         2         2         6         0         1      2377
         4      4081         1         1         7         5         1         3         0         1      3189
         4      4081         1         1         8         7         2         7         1         1      4688
         4      4081         1         1         9         2         1         9         0         1      6880
         4      4081         1         1        10         1         1         3         0         1      2760
         4      4081         1         1        11        10         1         4         0         1      3282
         4      4081         1         1        12         6         1         6         1         1      2153
         4      4081         1         1        13        10         2         0         1         1      2543
         4      4081         1         1        14         5         1         3         0         1      2708
         4      4081         1         1        15         8         2         1         0         1      2850
         4      4081         1         1        16         6         1         6         1         1      2123
         4      4081         1         1        17         4         1         4         1         1      2479
         4      4081         1         1        18         9         1         2         0         1      6504
         4      4081         1         1        19         2         1         7         0         1      2896
         4      4081         1         1        20         4         2         1         0         1      2616
         4      4081         1         1        21         1         1         3         0         1      2123
         4      4081         1         1        22         1         2         3         0         1      2097
         4      4081         1         1        23         7         1         4         0         1      4042
         4      4081         1         1        24         9         2         5         0         1      4931
         4      4081         1         1        25        10         2         0         1         1      1563
         4      4081         1         1        26         5         2         3         0         1      2135
         4      4081         1         1        27         2         2         2         1         1      3342
         4      4081         1         1        28         3         1         3         1         1      2228
         4      4081         1         1        29         3         2         5         0         1      2374
         4      4081         1         1        30         4         2         4         1         1      1826
         4      4081         1         1        31         5         2         8         0         1      2885
         4      4081         1         1        32        10         1         0         1         1      2076
         4      4081         1         1        33         9         2         9         1         1      1988
         4      4081         1         1        34         7         2         8         0         1      5632
         4      4081         1         1        35         6         2         8         0         1      2554
         4      4081         1         1        36         7         1         1         0         1      2737
         4      4081         1         1        37         3         1         3         1         1      2207
         4      4081         1         1        38         8         1         0         0         1      1651
         4      4081         1         1        39         6         2         6         1         1      2476
         4      4081         1         1        40         8         2         1         0         1      1989
         4      4081         1         2         1         1         1         3         0         1      4308
         4      4081         1         2         2         9         1         9         1         1      2435
         4      4081         1         2         3         8         2         7         0         1      4446
         4      4081         1         2         4         3         2         3         1         1      1783
         4      4081         1         2         5         2         1         2         1         1      2061
         4      4081         1         2         6         4         2         4         1         1      2006
         4      4081         1         2         7         4         1         4         1         1      1808
         4      4081         1         2         8         6         1         6         1         1      2226
         4      4081         1         2         9         7         2         5         0         1      6276
         4      4081         1         2        10         3         1         3         1         1      3461
         4      4081         1         2        11         6         2         6         1         1      1557
         4      4081         1         2        12         8         1         0         0         1      4274
         4      4081         1         2        13        10         2         0         1         1      1011
         4      4081         1         2        14        10         1         0         1         1      1140
         4      4081         1         2        15         9         2         9         1         1      1937
         4      4081         1         2        16         9         1         9         1         1      1504
         4      4081         1         2        17         5         1         5         1         1      6032
         4      4081         1         2        18         1         2         8         0         1      5722
         4      4081         1         2        19         7         2         7         1         1      3872
         4      4081         1         2        20         3         1         3         1         1      1712
         4      4081         1         2        21         2         1         2         1         1      2264
         4      4081         1         2        22         7         1         1         0         1      1450
         4      4081         1         2        23        10         2         0         1         1      1342
         4      4081         1         2        24         5         2         5         1         1      2131
         4      4081         1         2        25         4         1         4         1         1      1832
         4      4081         1         2        26         8         2         1         0         1      2395
         4      4081         1         2        27         6         1         6         1         1      2310
         4      4081         1         2        28         3         2         3         1         1      1668
         4      4081         1         2        29         2         2         2         1         1      2173
         4      4081         1         2        30        10         1         0         1         1      1329
         4      4081         1         2        31         4         2         4         1         1      1399
         4      4081         1         2        32         1         2         8         0         1      3435
         4      4081         1         2        33         2         2         2         1         1      2702
         4      4081         1         2        34         6         2         6         1         1      1886
         4      4081         1         2        35         7         1         7         1         1      4479
         4      4081         1         2        36         5         2         5         1         1      2200
         4      4081         1         2        37         5         1         5         1         1      1260
         4      4081         1         2        38         8         1         8         1         1      2726
         4      4081         1         2        39         9         2         9         1         1      1571
         4      4081         1         2        40         1         1         5         0         1      4400
         4      4081         1         3         1         6         2         6         1         1      2243
         4      4081         1         3         2        10         2         0         1         1      1238
         4      4081         1         3         3         5         2         5         1         1      1760
         4      4081         1         3         4         2         2         2         1         1      1653
         4      4081         1         3         5         3         2         3         1         1      3183
         4      4081         1         3         6         1         2         1         1         1      1242
         4      4081         1         3         7         2         1         2         1         1      1285
         4      4081         1         3         8         4         1         4         1         1      1324
         4      4081         1         3         9         9         1         9         1         1      1427
         4      4081         1         3        10         6         1         6         1         1      1716
         4      4081         1         3        11         4         2         4         1         1      1467
         4      4081         1         3        12         1         2         1         1         1      1133
         4      4081         1         3        13         7         1         7         1         1      5436
         4      4081         1         3        14         2         1         2         1         1      1390
         4      4081         1         3        15         4         1         4         1         1      1409
         4      4081         1         3        16         6         1         6         1         1      1683
         4      4081         1         3        17         3         1         3         1         1      1595
         4      4081         1         3        18         8         2         1         0         1      2184
         4      4081         1         3        19         6         2         6         1         1      1740
         4      4081         1         3        20         7         1         7         1         1      2419
         4      4081         1         3        21         8         1         8         1         1      1822
         4      4081         1         3        22         8         2         1         0         1      3809
         4      4081         1         3        23         9         2         9         1         1      1714
         4      4081         1         3        24         8         1         8         1         1      1738
         4      4081         1         3        25         5         1         5         1         1      2033
         4      4081         1         3        26         3         2         3         1         1      1627
         4      4081         1         3        27        10         1         0         1         1      2084
         4      4081         1         3        28         2         2         2         1         1      1325
         4      4081         1         3        29         5         1         5         1         1      2372
         4      4081         1         3        30        10         2         0         1         1      1186
         4      4081         1         3        31         9         2         9         1         1      1310
         4      4081         1         3        32        10         1         0         1         1      1140
         4      4081         1         3        33         3         1         3         1         1      2146
         4      4081         1         3        34         5         2         5         1         1      2280
         4      4081         1         3        35         7         2         1         0         1      5208
         4      4081         1         3        36         4         2         4         1         1      1572
         4      4081         1         3        37         7         2         1         0         1       801
         4      4081         1         3        38         9         1         9         1         1      2061
         4      4081         1         3        39         1         1         5         0         1      2934
         4      4081         1         3        40         1         1         1         1         1      1821
         4      4081         1         4         1         5         2         5         1         1      1969
         4      4081         1         4         2         4         1         4         1         1      1357
         4      4081         1         4         3         1         2         1         1         1       946
         4      4081         1         4         4         3         1         3         1         1      1784
         4      4081         1         4         5         3         2         3         1         1      1724
         4      4081         1         4         6         7         1         7         1         1      2147
         4      4081         1         4         7        10         1         0         1         1      1384
         4      4081         1         4         8         2         2         2         1         1      1132
         4      4081         1         4         9         9         2         9         1         1      1674
         4      4081         1         4        10        10         2         0         1         1      1364
         4      4081         1         4        11         8         1         8         1         1      1897
         4      4081         1         4        12         1         1         5         0         1      1722
         4      4081         1         4        13         5         1         5         1         1      2466
         4      4081         1         4        14         4         2         4         1         1      1226
         4      4081         1         4        15         8         2         8         1         1      1622
         4      4081         1         4        16         2         2         2         1         1      1425
         4      4081         1         4        17        10         2         0         1         1      1445
         4      4081         1         4        18         1         2         1         1         1      1143
         4      4081         1         4        19         3         2         3         1         1      4308
         4      4081         1         4        20         7         1         7         1         1      2675
         4      4081         1         4        21         9         1         9         1         1      1267
         4      4081         1         4        22         9         2         9         1         1      1147
         4      4081         1         4        23         3         1         3         1         1      1913
         4      4081         1         4        24         7         2         1         0         1      4792
         4      4081         1         4        25         6         1         6         1         1      1811
         4      4081         1         4        26         5         1         5         1         1      3287
         4      4081         1         4        27         2         1         2         1         1      2832
         4      4081         1         4        28         6         1         6         1         1      1513
         4      4081         1         4        29         2         1         2         1         1      1689
         4      4081         1         4        30         4         2         4         1         1      1584
         4      4081         1         4        31         6         2         6         1         1      2093
         4      4081         1         4        32        10         1         0         1         1      1219
         4      4081         1         4        33         7         2         7         1         1      3295
         4      4081         1         4        34         5         2         5         1         1      2982
         4      4081         1         4        35         9         1         9         1         1      1291
         4      4081         1         4        36         8         2         8         1         1      1972
         4      4081         1         4        37         1         1         1         1         1      2065
         4      4081         1         4        38         4         1         4         1         1      1385
         4      4081         1         4        39         8         1         8         1         1      2797
         4      4081         1         4        40         6         2         6         1         1      1849
         4      4081         1         5         1         6         1         6         1         1      3772
         4      4081         1         5         2         8         2         8         1         1      1681
         4      4081         1         5         3         3         2         2         0         1      1513
         4      4081         1         5         4         4         1         4         1         1      1271
         4      4081         1         5         5         7         2         7         1         1      2576
         4      4081         1         5         6         3         1         3         1         1      1620
         4      4081         1         5         7         4         1         4         1         1      1390
         4      4081         1         5         8         1         1         1         1         1      1522
         4      4081         1         5         9         6         2         6         1         1      1633
         4      4081         1         5        10         5         1         5         1         1      2076
         4      4081         1         5        11        10         1         0         1         1      1971
         4      4081         1         5        12        10         2         0         1         1      1330
         4      4081         1         5        13         8         1         8         1         1      1688
         4      4081         1         5        14         3         2         3         1         1      1711
         4      4081         1         5        15         6         1         6         1         1      1557
         4      4081         1         5        16         5         2         5         1         1      2930
         4      4081         1         5        17         8         2         8         1         1      2186
         4      4081         1         5        18         2         2         2         1         1      2094
         4      4081         1         5        19         2         2         2         1         1      1158
         4      4081         1         5        20         6         2         6         1         1      1699
         4      4081         1         5        21        10         2         0         1         1      1325
         4      4081         1         5        22         1         2         1         1         1      1123
         4      4081         1         5        23         3         1         3         1         1      2562
         4      4081         1         5        24        10         1         0         1         1      1174
         4      4081         1         5        25         5         1         5         1         1      2387
         4      4081         1         5        26         9         1         9         1         1      1439
         4      4081         1         5        27         7         2         7         1         1      1713
         4      4081         1         5        28         4         2         4         1         1      1432
         4      4081         1         5        29         8         1         8         1         1      1499
         4      4081         1         5        30         1         2         1         1         1      1307
         4      4081         1         5        31         7         1         7         1         1      3395
         4      4081         1         5        32         2         1         2         1         1      1351
         4      4081         1         5        33         9         1         9         1         1      1453
         4      4081         1         5        34         5         2         5         1         1      1455
         4      4081         1         5        35         2         1         2         1         1      1249
         4      4081         1         5        36         4         2         4         1         1      1755
         4      4081         1         5        37         7         1         7         1         1      1618
         4      4081         1         5        38         9         2         9         1         1      1515
         4      4081         1         5        39         9         2         9         1         1      1835
         4      4081         1         5        40         1         1         1         1         1      2893
         4      4081         1         6         1         1         2         1         1         1      1321
         4      4081         1         6         2         5         2         5         1         1      2495
         4      4081         1         6         3         4         1         4         1         1      1862
         4      4081         1         6         4         3         1         3         1         1      1687
         4      4081         1         6         5         6         2         6         1         1      1392
         4      4081         1         6         6         2         1         2         1         1      3876
         4      4081         1         6         7         9         1         9         1         1      1301
         4      4081         1         6         8         1         1         1         1         1      3325
         4      4081         1         6         9         8         1         8         1         1      1907
         4      4081         1         6        10         2         1         2         1         1      1859
         4      4081         1         6        11        10         2         0         1         1      1286
         4      4081         1         6        12         6         2         6         1         1      1438
         4      4081         1         6        13         9         2         9         1         1      1343
         4      4081         1         6        14         6         1         6         1         1      2100
         4      4081         1         6        15         8         2         8         1         1      2573
         4      4081         1         6        16         4         2         4         1         1      2208
         4      4081         1         6        17         3         1         3         1         1      1684
         4      4081         1         6        18         4         2         4         1         1      1452
         4      4081         1         6        19         7         1         7         1         1      2670
         4      4081         1         6        20         6         1         6         1         1      1326
         4      4081         1         6        21         7         1         7         1         1      2037
         4      4081         1         6        22         2         2         2         1         1      1200
         4      4081         1         6        23         4         1         4         1         1      1258
         4      4081         1         6        24         9         1         9         1         1      1540
         4      4081         1         6        25         3         2         3         1         1      1697
         4      4081         1         6        26         7         2         7         1         1      1833
         4      4081         1         6        27        10         2         0         1         1      1244
         4      4081         1         6        28         1         2         1         1         1       950
         4      4081         1         6        29         5         1         5         1         1      2604
         4      4081         1         6        30         9         2         9         1         1      1599
         4      4081         1         6        31         7         2         7         1         1      2555
         4      4081         1         6        32         8         1         8         1         1      1713
         4      4081         1         6        33         5         1         5         1         1      1433
         4      4081         1         6        34        10         1         0         1         1      1434
         4      4081         1         6        35         3         2         3         1         1      1628
         4      4081         1         6        36         8         2         8         1         1      1927
         4      4081         1         6        37         2         2         2         1         1      1254
         4      4081         1         6        38        10         1         0         1         1      1230
         4      4081         1         6        39         1         1         1         1         1      2985
         4      4081         1         6        40         5         2         5         1         1      1709
         4      4081         2         1         1         1         2         1         1         0      1670
         4      4081         2         1         2         7         2         7         1         0      2256
         4      4081         2         1         3         5         2         5         1         0      2306
         4      4081         2         1         4         1         3         1         1         0      3985
         4      4081         2         1         5        10         1         0         1         1      1179
         4      4081         2         1         6         5         1         5         1         1      4631
         4      4081         2         1         7         7         4         9         0         0      4954
         4      4081         2         1         8         1         4         1         1         0      4799
         4      4081         2         1         9         4         4         1         0         0      3242
         4      4081         2         1        10         6         3         6         1         0      1619
         4      4081         2         1        11         2         1         2         1         1      2735
         4      4081         2         1        12         8         2         8         1         0      2030
         4      4081         2         1        13         4         1         4         1         1      1399
         4      4081         2         1        14         4         2         4         1         0       875
         4      4081         2         1        15         8         4         7         0         0     10580
         4      4081         2         1        16         2         4         2         1         0      1768
         4      4081         2         1        17         9         2         9         1         0      1517
         4      4081         2         1        18         3         3         3         1         0      2652
         4      4081         2         1        19         1         1         1         1         1      1582
         4      4081         2         1        20         5         4         5         1         0      2218
         4      4081         2         1        21         9         4         9         1         0      1661
         4      4081         2         1        22         3         4         3         1         0      1780
         4      4081         2         1        23         6         1         6         1         1      1975
         4      4081         2         1        24         3         2         3         1         0      1843
         4      4081         2         1        25         2         3         2         1         0      2964
         4      4081         2         1        26         7         3         9         0         0     15657
         4      4081         2         1        27         8         3         8         1         0      6868
         4      4081         2         1        28         3         1         3         1         1      1517
         4      4081         2         1        29         9         3         9         1         0      1805
         4      4081         2         1        30         6         2         6         1         0      2145
         4      4081         2         1        31        10         2         0         1         0      1368
         4      4081         2         1        32         6         4         7         0         0     19180
         4      4081         2         1        33        10         4         1         0         0      2585
         4      4081         2         1        34        10         3         1         0         0      1996
         4      4081         2         1        35         8         1         8         1         1      3015
         4      4081         2         1        36         2         2         2         1         0      2106
         4      4081         2         1        37         9         1         9         1         1      1505
         4      4081         2         1        38         4         3         4         1         0      2576
         4      4081         2         1        39         5         3         5         1         0      3765
         4      4081         2         1        40         7         1         7         1         1      3899
         4      4081         2         2         1         7         1         7         1         0      1493
         4      4081         2         2         2         5         1         5         1         0      1654
         4      4081         2         2         3        10         3         1         0         0      2510
         4      4081         2         2         4         2         2         2         1         1       742
         4      4081         2         2         5         9         3         9         1         0      1971
         4      4081         2         2         6         3         2         3         1         1      1599
         4      4081         2         2         7         2         3         2         1         0      2444
         4      4081         2         2         8         4         3         4         1         0      2614
         4      4081         2         2         9         2         1         2         1         0      1961
         4      4081         2         2        10         4         2         4         1         1      1654
         4      4081         2         2        11         2         4         2         1         0      1967
         4      4081         2         2        12         8         3         4         0         0      3741
         4      4081         2         2        13         8         2         7         0         1      2628
         4      4081         2         2        14         4         4         4         1         0      2406
         4      4081         2         2        15         9         2         9         1         1      1393
         4      4081         2         2        16         9         1         9         1         0      2117
         4      4081         2         2        17         7         3         9         0         0      5229
         4      4081         2         2        18         3         3         3         1         0      1846
         4      4081         2         2        19         1         1         1         1         0      1240
         4      4081         2         2        20         5         2         5         1         1      1474
         4      4081         2         2        21         1         2         1         1         1       691
         4      4081         2         2        22        10         1         0         1         0      3105
         4      4081         2         2        23         5         4         5         1         0      1440
         4      4081         2         2        24         1         4         1         1         0      2929
         4      4081         2         2        25        10         2         0         1         1      1209
         4      4081         2         2        26         3         4         3         1         0      3490
         4      4081         2         2        27         7         2         7         1         1      2194
         4      4081         2         2        28         6         2         9         0         1      2598
         4      4081         2         2        29         3         1         3         1         0      4410
         4      4081         2         2        30         8         1         8         1         0      1764
         4      4081         2         2        31         5         3         5         1         0      1577
         4      4081         2         2        32         6         3         6         1         0      4117
         4      4081         2         2        33         1         3         1         1         0      3437
         4      4081         2         2        34         4         1         4         1         0      1566
         4      4081         2         2        35        10         4         0         1         0      3483
         4      4081         2         2        36         6         1         6         1         0      2090
         4      4081         2         2        37         9         4         9         1         0      1458
         4      4081         2         2        38         8         4         7         0         0      3219
         4      4081         2         2        39         7         4         9         0         0      7230
         4      4081         2         2        40         6         4         7         0         0      2505
         4      4081         2         3         1         9         2         9         1         0      1632
         4      4081         2         3         2         2         3         2         1         0      2524
         4      4081         2         3         3         8         2         8         1         0      2483
         4      4081         2         3         4         7         1         7         1         1      2891
         4      4081         2         3         5         1         1         1         1         1      5283
         4      4081         2         3         6         1         3         1         1         0      1388
         4      4081         2         3         7         4         4         0         0         0     10272
         4      4081         2         3         8         6         1         6         1         1      1791
         4      4081         2         3         9         4         1         4         1         1      1666
         4      4081         2         3        10         3         2         3         1         0      2058
         4      4081         2         3        11         7         4         9         0         0      2611
         4      4081         2         3        12         8         1         8         1         1      1766
         4      4081         2         3        13         2         2         2         1         0      1307
         4      4081         2         3        14         3         4         3         1         0      1697
         4      4081         2         3        15         8         3         1         0         0     13368
         4      4081         2         3        16         2         1         2         1         1      1357
         4      4081         2         3        17         4         3         4         1         0      1842
         4      4081         2         3        18         6         2         6         1         0      1747
         4      4081         2         3        19        10         1         0         1         1      1880
         4      4081         2         3        20        10         3         0         1         0      1832
         4      4081         2         3        21         5         3         3         0         0      1834
         4      4081         2         3        22         3         1         3         1         1      2013
         4      4081         2         3        23         8         4         1         0         0      4392
         4      4081         2         3        24         9         1         9         1         1      1604
         4      4081         2         3        25         7         3         9         0         0      8880
         4      4081         2         3        26         2         4         2         1         0      1815
         4      4081         2         3        27         4         2         4         1         0      1690
         4      4081         2         3        28         6         3         6         1         0      1889
         4      4081         2         3        29         9         4         9         1         0      2225
         4      4081         2         3        30         1         4         1         1         0      1139
         4      4081         2         3        31         7         2         7         1         0      1889
         4      4081         2         3        32        10         4         0         1         0      1906
         4      4081         2         3        33         9         3         9         1         0      1474
         4      4081         2         3        34         6         4         7         0         0     13122
         4      4081         2         3        35         3         3         3         1         0      1697
         4      4081         2         3        36         5         4         5         1         0      1880
         4      4081         2         3        37         1         2         1         1         0      1416
         4      4081         2         3        38         5         2         5         1         0      1500
         4      4081         2         3        39        10         2         0         1         0      1292
         4      4081         2         3        40         5         1         5         1         1      1573
         4      4081         2         4         1         6         4         7         0         0      2717
         4      4081         2         4         2         3         4         3         1         0      1435
         4      4081         2         4         3         1         2         1         1         1       957
         4      4081         2         4         4         8         4         1         0         0      7665
         4      4081         2         4         5         3         3         3         1         0      1595
         4      4081         2         4         6         4         3         4         1         0      1366
         4      4081         2         4         7         7         3         9         0         0      3740
         4      4081         2         4         8         7         1         7         1         0      2482
         4      4081         2         4         9        10         3         0         1         0      1337
         4      4081         2         4        10         9         1         9         1         0      1823
         4      4081         2         4        11         9         3         9         1         0      1521
         4      4081         2         4        12         5         1         5         1         0      1249
         4      4081         2         4        13         3         2         3         1         1      1338
         4      4081         2         4        14        10         4         0         1         0      1250
         4      4081         2         4        15         1         4         1         1         0      3563
         4      4081         2         4        16        10         2         0         1         1      1529
         4      4081         2         4        17         6         1         6         1         0      2183
         4      4081         2         4        18         2         3         2         1         0       972
         4      4081         2         4        19         9         2         9         1         1      1408
         4      4081         2         4        20         9         4         9         1         0      1268
         4      4081         2         4        21         4         4         4         1         0      5213
         4      4081         2         4        22         5         4         5         1         0      1656
         4      4081         2         4        23         3         1         3         1         0      2161
         4      4081         2         4        24        10         1         0         1         0      1445
         4      4081         2         4        25         2         4         2         1         0      3975
         4      4081         2         4        26         7         4         9         0         0      1683
         4      4081         2         4        27         7         2         7         1         1      2923
         4      4081         2         4        28         6         2         6         1         1      5073
         4      4081         2         4        29         6         3         6         1         0      1585
         4      4081         2         4        30         8         1         8         1         0      1789
         4      4081         2         4        31         8         2         8         1         1      2385
         4      4081         2         4        32         4         2         4         1         1      1534
         4      4081         2         4        33         2         2         2         1         1      1148
         4      4081         2         4        34         1         3         1         1         0      1482
         4      4081         2         4        35         5         2         5         1         1      2474
         4      4081         2         4        36         4         1         4         1         0      1634
         4      4081         2         4        37         5         3         5         1         0      1372
         4      4081         2         4        38         1         1         1         1         0       945
         4      4081         2         4        39         8         3         4         0         0      6440
         4      4081         2         4        40         2         1         2         1         0      2274
