Condition Subject Session Block Trial Subtype Token Response Correct Feedback RT 
         2      2044         1         1         1         8         1         1         0         1     13391
         2      2044         1         1         2         4         1         3         0         1      3738
         2      2044         1         1         3         3         1         3         1         1      3744
         2      2044         1         1         4         4         1         6         0         1      4262
         2      2044         1         1         5         9         2         3         0         1      3270
         2      2044         1         1         6         2         1         5         0         1      2976
         2      2044         1         1         7         9         1         7         0         1      4724
         2      2044         1         1         8        10         2         2         0         1      4371
         2      2044         1         1         9         1         2         2         0         1      6543
         2      2044         1         1        10         6         2         5         0         1      3509
         2      2044         1         1        11         1         1         1         1         1      2483
         2      2044         1         1        12         4         2         0         0         1      1932
         2      2044         1         1        13         3         2         5         0         1      3386
         2      2044         1         1        14        10         2         0         1         1      3263
         2      2044         1         1        15         7         1         4         0         1      3255
         2      2044         1         1        16         3         1         5         0         1      2513
         2      2044         1         1        17         5         2         8         0         1      3736
         2      2044         1         1        18         6         1         6         1         1      3468
         2      2044         1         1        19         3         2         6         0         1      2988
         2      2044         1         1        20         8         2         9         0         1      2623
         2      2044         1         1        21         7         2         8         0         1      3858
         2      2044         1         1        22         2         2         8         0         1      4259
         2      2044         1         1        23         9         2         2         0         1      1782
         2      2044         1         1        24         1         2         1         1         1      1801
         2      2044         1         1        25        10         1         0         1         1      1453
         2      2044         1         1        26         6         2         5         0         1      2655
         2      2044         1         1        27         7         2         1         0         1      2161
         2      2044         1         1        28         5         1         5         1         1      1796
         2      2044         1         1        29         1         1         1         1         1      1303
         2      2044         1         1        30         6         1         9         0         1      2223
         2      2044         1         1        31         5         1         5         1         1      1456
         2      2044         1         1        32         9         1         1         0         1      1122
         2      2044         1         1        33         2         1         2         1         1      2193
         2      2044         1         1        34        10         1         0         1         1      1111
         2      2044         1         1        35         5         2         5         1         1      1765
         2      2044         1         1        36         8         1         6         0         1      3899
         2      2044         1         1        37         7         1         8         0         1      2443
         2      2044         1         1        38         8         2         8         1         1      3140
         2      2044         1         1        39         2         2         2         1         1      2434
         2      2044         1         1        40         4         2         0         0         1      1308
         2      2044         1         2         1         1         1         1         1         1      1236
         2      2044         1         2         2         3         1         6         0         1      3198
         2      2044         1         2         3         4         1         6         0         1      2522
         2      2044         1         2         4         3         1         3         1         1      4353
         2      2044         1         2         5         5         2         5         1         1      1374
         2      2044         1         2         6         8         2         8         1         1      3107
         2      2044         1         2         7         1         2         1         1         1      1026
         2      2044         1         2         8         5         1         5         1         1      1172
         2      2044         1         2         9         7         2         9         0         1      4305
         2      2044         1         2        10         8         1         8         1         1      1777
         2      2044         1         2        11         9         2         2         0         1      3239
         2      2044         1         2        12         4         2         0         0         1      1313
         2      2044         1         2        13        10         2         0         1         1      1785
         2      2044         1         2        14         1         2         1         1         1      1628
         2      2044         1         2        15         3         2         4         0         1      2631
         2      2044         1         2        16         6         2         3         0         1      3081
         2      2044         1         2        17         1         1         1         1         1      1514
         2      2044         1         2        18         6         1         6         1         1      1641
         2      2044         1         2        19         9         1         9         1         1      3843
         2      2044         1         2        20         9         2         2         0         1      1447
         2      2044         1         2        21         7         1         4         0         1      2873
         2      2044         1         2        22        10         1         9         0         1       995
         2      2044         1         2        23         8         2         8         1         1      2325
         2      2044         1         2        24         6         1         6         1         1      1588
         2      2044         1         2        25         2         2         2         1         1      1088
         2      2044         1         2        26         7         1         9         0         1      1409
         2      2044         1         2        27         2         1         2         1         1      1221
         2      2044         1         2        28         4         1         1         0         1      1407
         2      2044         1         2        29         2         1         2         1         1      1123
         2      2044         1         2        30         3         2         3         1         1      2642
         2      2044         1         2        31         2         2         2         1         1       964
         2      2044         1         2        32         4         2         9         0         1      1017
         2      2044         1         2        33         5         2         5         1         1      1339
         2      2044         1         2        34         6         2         6         1         1      1858
         2      2044         1         2        35         9         1         3         0         1      2260
         2      2044         1         2        36        10         2         9         0         1      1207
         2      2044         1         2        37         5         1         5         1         1      2465
         2      2044         1         2        38        10         1         0         1         1      1403
         2      2044         1         2        39         8         1         8         1         1      2112
         2      2044         1         2        40         7         2         7         1         1      4471
         2      2044         1         3         1         4         1         4         1         1      2472
         2      2044         1         3         2        10         2         0         1         1      1250
         2      2044         1         3         3         9         1         3         0         1      4028
         2      2044         1         3         4         9         1         9         1         1      2311
         2      2044         1         3         5         6         2         6         1         1      1559
         2      2044         1         3         6         4         1         4         1         1      1828
         2      2044         1         3         7         3         1         3         1         1      2392
         2      2044         1         3         8         5         1         5         1         1      1331
         2      2044         1         3         9         4         2         0         0         1      1194
         2      2044         1         3        10         9         2         2         0         1      1207
         2      2044         1         3        11         1         2         1         1         1      1171
         2      2044         1         3        12         9         2         9         1         1      3408
         2      2044         1         3        13         7         2         9         0         1      2645
         2      2044         1         3        14         8         2         8         1         1      1446
         2      2044         1         3        15         4         2         4         1         1      1880
         2      2044         1         3        16         1         2         1         1         1      1048
         2      2044         1         3        17         8         1         8         1         1      1162
         2      2044         1         3        18        10         1         0         1         1      1800
         2      2044         1         3        19         2         1         2         1         1      1580
         2      2044         1         3        20        10         1         0         1         1      1018
         2      2044         1         3        21         3         2         3         1         1      2301
         2      2044         1         3        22         2         2         2         1         1      1005
         2      2044         1         3        23         2         1         2         1         1      1169
         2      2044         1         3        24         1         1         1         1         1      1262
         2      2044         1         3        25         7         1         7         1         1      2599
         2      2044         1         3        26         1         1         1         1         1      1067
         2      2044         1         3        27         2         2         2         1         1       987
         2      2044         1         3        28         5         2         5         1         1      1328
         2      2044         1         3        29         7         2         7         1         1      3303
         2      2044         1         3        30         6         2         6         1         1      1552
         2      2044         1         3        31         5         1         5         1         1       988
         2      2044         1         3        32         8         2         8         1         1      1425
         2      2044         1         3        33         3         2         3         1         1      1987
         2      2044         1         3        34        10         2         0         1         1      1456
         2      2044         1         3        35         6         1         6         1         1      1586
         2      2044         1         3        36         5         2         5         1         1      1119
         2      2044         1         3        37         7         1         7         1         1      2430
         2      2044         1         3        38         8         1         8         1         1      1386
         2      2044         1         3        39         3         1         3         1         1      2047
         2      2044         1         3        40         6         1         6         1         1      1113
         2      2044         1         4         1        10         2         0         1         1      1566
         2      2044         1         4         2         3         1         3         1         1      2316
         2      2044         1         4         3         4         1         4         1         1      1786
         2      2044         1         4         4         1         1         1         1         1      1070
         2      2044         1         4         5         9         2         9         1         1      2640
         2      2044         1         4         6         6         2         6         1         1      2212
         2      2044         1         4         7         5         1         5         1         1      1093
         2      2044         1         4         8         4         2         4         1         1      2438
         2      2044         1         4         9         4         1         4         1         1      1088
         2      2044         1         4        10         2         1         2         1         1      1265
         2      2044         1         4        11         1         2         1         1         1      1002
         2      2044         1         4        12         6         2         6         1         1      2190
         2      2044         1         4        13         9         1         9         1         1      2452
         2      2044         1         4        14        10         2         0         1         1      1118
         2      2044         1         4        15        10         1         0         1         1       671
         2      2044         1         4        16         6         1         6         1         1      1376
         2      2044         1         4        17         3         2         3         1         1      2502
         2      2044         1         4        18         2         2         2         1         1       942
         2      2044         1         4        19         7         1         7         1         1      2468
         2      2044         1         4        20         8         2         8         1         1      1213
         2      2044         1         4        21         5         2         5         1         1      1272
         2      2044         1         4        22         4         2         4         1         1      2818
         2      2044         1         4        23         7         1         7         1         1      3085
         2      2044         1         4        24         1         2         1         1         1      1006
         2      2044         1         4        25         3         2         3         1         1      2674
         2      2044         1         4        26        10         1         0         1         1       965
         2      2044         1         4        27         5         2         5         1         1       906
         2      2044         1         4        28         7         2         7         1         1      2115
         2      2044         1         4        29         6         1         6         1         1      1098
         2      2044         1         4        30         9         2         9         1         1      3130
         2      2044         1         4        31         5         1         5         1         1      1160
         2      2044         1         4        32         8         1         8         1         1      1078
         2      2044         1         4        33         2         2         2         1         1      1079
         2      2044         1         4        34         8         2         8         1         1      1127
         2      2044         1         4        35         8         1         8         1         1      1206
         2      2044         1         4        36         3         1         3         1         1      2610
         2      2044         1         4        37         1         1         1         1         1       997
         2      2044         1         4        38         7         2         7         1         1      1449
         2      2044         1         4        39         2         1         2         1         1      1020
         2      2044         1         4        40         9         1         9         1         1      2064
         2      2044         1         5         1        10         1         0         1         1      2057
         2      2044         1         5         2        10         1         0         1         1       932
         2      2044         1         5         3         5         1         5         1         1       970
         2      2044         1         5         4         5         2         5         1         1      1199
         2      2044         1         5         5         2         2         2         1         1       939
         2      2044         1         5         6         1         1         1         1         1      1040
         2      2044         1         5         7        10         2         0         1         1       979
         2      2044         1         5         8         2         2         2         1         1      1719
         2      2044         1         5         9         6         1         6         1         1      1742
         2      2044         1         5        10         4         1         4         1         1      1540
         2      2044         1         5        11         9         1         9         1         1      2244
         2      2044         1         5        12         7         2         7         1         1      2375
         2      2044         1         5        13         2         1         2         1         1      1173
         2      2044         1         5        14         9         1         9         1         1      1875
         2      2044         1         5        15         2         1         2         1         1      1029
         2      2044         1         5        16         3         2         3         1         1      1768
         2      2044         1         5        17         9         2         9         1         1      7453
         2      2044         1         5        18         5         1         5         1         1      1070
         2      2044         1         5        19         8         1         8         1         1      1728
         2      2044         1         5        20         1         2         1         1         1      1173
         2      2044         1         5        21         8         1         8         1         1      1059
         2      2044         1         5        22         4         1         4         1         1      4597
         2      2044         1         5        23         4         2         4         1         1      1593
         2      2044         1         5        24         3         1         3         1         1      1270
         2      2044         1         5        25         1         2         1         1         1      1119
         2      2044         1         5        26         7         1         7         1         1      2462
         2      2044         1         5        27         9         2         9         1         1      1768
         2      2044         1         5        28        10         2         0         1         1      2446
         2      2044         1         5        29         7         1         7         1         1      1496
         2      2044         1         5        30         4         2         4         1         1      1464
         2      2044         1         5        31         7         2         7         1         1      1610
         2      2044         1         5        32         1         1         1         1         1      1093
         2      2044         1         5        33         6         2         6         1         1      1574
         2      2044         1         5        34         8         2         8         1         1      1330
         2      2044         1         5        35         3         1         3         1         1      2025
         2      2044         1         5        36         5         2         5         1         1       885
         2      2044         1         5        37         6         1         6         1         1      1053
         2      2044         1         5        38         3         2         3         1         1      1663
         2      2044         1         5        39         6         2         6         1         1      3081
         2      2044         1         5        40         8         2         8         1         1      1225
         2      2044         1         6         1         1         1         1         1         1      1282
         2      2044         1         6         2         8         2         8         1         1      1034
         2      2044         1         6         3         7         1         7         1         1      1437
         2      2044         1         6         4         7         2         7         1         1       976
         2      2044         1         6         5         5         2         5         1         1       774
         2      2044         1         6         6         9         2         9         1         1      1476
         2      2044         1         6         7         9         1         9         1         1      1542
         2      2044         1         6         8         6         1         6         1         1       964
         2      2044         1         6         9         1         2         1         1         1       937
         2      2044         1         6        10         4         2         4         1         1      1471
         2      2044         1         6        11         4         1         4         1         1      1072
         2      2044         1         6        12         8         2         8         1         1      1040
         2      2044         1         6        13         5         2         5         1         1       771
         2      2044         1         6        14        10         2         9         0         1      1201
         2      2044         1         6        15         6         1         6         1         1      2189
         2      2044         1         6        16         6         2         6         1         1      1218
         2      2044         1         6        17         3         1         3         1         1      1886
         2      2044         1         6        18         7         1         7         1         1      2895
         2      2044         1         6        19         2         1         2         1         1      1031
         2      2044         1         6        20         9         1         9         1         1      2154
         2      2044         1         6        21         2         2         2         1         1      1295
         2      2044         1         6        22         9         2         9         1         1      1752
         2      2044         1         6        23         3         1         3         1         1      1647
         2      2044         1         6        24         2         2         2         1         1      1113
         2      2044         1         6        25         3         2         3         1         1      1752
         2      2044         1         6        26         1         2         1         1         1      1053
         2      2044         1         6        27         7         2         7         1         1      2575
         2      2044         1         6        28         6         2         6         1         1      2005
         2      2044         1         6        29         2         1         2         1         1      1569
         2      2044         1         6        30         8         1         8         1         1      1599
         2      2044         1         6        31         1         1         1         1         1      1258
         2      2044         1         6        32         3         2         3         1         1      1396
         2      2044         1         6        33         8         1         8         1         1      1161
         2      2044         1         6        34         4         2         4         1         1      1654
         2      2044         1         6        35        10         1         0         1         1      1563
         2      2044         1         6        36         5         1         5         1         1      1133
         2      2044         1         6        37         5         1         5         1         1      1066
         2      2044         1         6        38         4         1         4         1         1      1131
         2      2044         1         6        39        10         1         0         1         1      1867
         2      2044         1         6        40        10         2         0         1         1      1069
         2      2044         2         1         1         7         4         9         0         0      2493
         2      2044         2         1         2         2         4         2         1         0      1189
         2      2044         2         1         3         7         3         9         0         0      8273
         2      2044         2         1         4         9         1         9         1         1      1235
         2      2044         2         1         5         9         4         2         0         0      1228
         2      2044         2         1         6         8         4         7         0         0      2980
         2      2044         2         1         7         7         1         7         1         1      1353
         2      2044         2         1         8         8         1         8         1         1      1087
         2      2044         2         1         9         9         2         9         1         0      1759
         2      2044         2         1        10         6         4         4         0         0      2692
         2      2044         2         1        11         5         3         7         0         0      3075
         2      2044         2         1        12         2         1         2         1         1      1253
         2      2044         2         1        13         3         4         3         1         0      1743
         2      2044         2         1        14         4         4         4         1         0      1507
         2      2044         2         1        15        10         4         0         1         0      1521
         2      2044         2         1        16         7         2         7         1         0      3361
         2      2044         2         1        17        10         1         0         1         1      1095
         2      2044         2         1        18         8         3         8         1         0      1654
         2      2044         2         1        19         3         1         3         1         1      1521
         2      2044         2         1        20         9         3         9         1         0      2015
         2      2044         2         1        21        10         2         0         1         0      1019
         2      2044         2         1        22         2         3         2         1         0      1534
         2      2044         2         1        23         3         3         7         0         0      9693
         2      2044         2         1        24         4         3         0         0         0      2405
         2      2044         2         1        25         1         2         1         1         0      1151
         2      2044         2         1        26         5         1         5         1         1      1003
         2      2044         2         1        27         3         2         3         1         0      1231
         2      2044         2         1        28         4         2         4         1         0      1915
         2      2044         2         1        29         2         2         2         1         0      1098
         2      2044         2         1        30        10         3         0         1         0      1402
         2      2044         2         1        31         1         3         4         0         0      4366
         2      2044         2         1        32         6         1         6         1         1      1707
         2      2044         2         1        33         5         2         5         1         0       995
         2      2044         2         1        34         4         1         4         1         1      1142
         2      2044         2         1        35         8         2         8         1         0      2132
         2      2044         2         1        36         6         3         6         1         0      2810
         2      2044         2         1        37         1         4         1         1         0      1221
         2      2044         2         1        38         5         4         4         0         0      2768
         2      2044         2         1        39         1         1         1         1         1      1212
         2      2044         2         1        40         6         2         6         1         0      1080
         2      2044         2         2         1         5         1         5         1         0      1036
         2      2044         2         2         2         1         2         1         1         1       991
         2      2044         2         2         3         9         4         2         0         0      1074
         2      2044         2         2         4         4         3         0         0         0      1141
         2      2044         2         2         5         4         1         4         1         0      1283
         2      2044         2         2         6         6         3         6         1         0      6092
         2      2044         2         2         7         7         4         9         0         0      2101
         2      2044         2         2         8         5         4         4         0         0      2893
         2      2044         2         2         9        10         3         0         1         0      1046
         2      2044         2         2        10         3         2         3         1         1      1000
         2      2044         2         2        11         9         3         9         1         0      1725
         2      2044         2         2        12         8         1         8         1         0      1253
         2      2044         2         2        13         2         4         2         1         0      1007
         2      2044         2         2        14         8         4         8         1         0      3347
         2      2044         2         2        15         2         2         2         1         1      1144
         2      2044         2         2        16         9         2         9         1         1      2263
         2      2044         2         2        17         9         1         9         1         0      1304
         2      2044         2         2        18         5         3         6         0         0      6847
         2      2044         2         2        19         2         1         2         1         0       954
         2      2044         2         2        20         1         1         1         1         0      1231
         2      2044         2         2        21         3         3         7         0         0      2764
         2      2044         2         2        22         7         1         7         1         0      1624
         2      2044         2         2        23         6         2         6         1         1       901
         2      2044         2         2        24         1         4         1         1         0      1102
         2      2044         2         2        25         7         2         7         1         1      1567
         2      2044         2         2        26         4         4         4         1         0      5210
         2      2044         2         2        27         3         1         3         1         0      1191
         2      2044         2         2        28         6         4         4         0         0      1491
         2      2044         2         2        29         8         3         8         1         0      1171
         2      2044         2         2        30         6         1         6         1         0      1664
         2      2044         2         2        31        10         4         0         1         0      1177
         2      2044         2         2        32         3         4         3         1         0      1702
         2      2044         2         2        33        10         2         0         1         1      1151
         2      2044         2         2        34         1         3         4         0         0      4222
         2      2044         2         2        35         7         3         7         1         0      2450
         2      2044         2         2        36         8         2         8         1         1      1131
         2      2044         2         2        37         5         2         5         1         1       986
         2      2044         2         2        38        10         1         0         1         0      1408
         2      2044         2         2        39         2         3         2         1         0      1140
         2      2044         2         2        40         4         2         4         1         1      1618
         2      2044         2         3         1         3         4         3         1         0      1079
         2      2044         2         3         2         9         3         9         1         0      1880
         2      2044         2         3         3         1         1         1         1         1      1384
         2      2044         2         3         4         7         4         9         0         0      2876
         2      2044         2         3         5         4         1         4         1         1      1206
         2      2044         2         3         6         5         3         7         0         0      2129
         2      2044         2         3         7         2         3         2         1         0       968
         2      2044         2         3         8         1         2         1         1         0       907
         2      2044         2         3         9         8         2         8         1         0       947
         2      2044         2         3        10         2         4         2         1         0      1272
         2      2044         2         3        11         3         1         3         1         1      1266
         2      2044         2         3        12         6         4         4         0         0      1115
         2      2044         2         3        13         6         1         6         1         1      1595
         2      2044         2         3        14         9         1         9         1         1      1447
         2      2044         2         3        15         6         3         6         1         0      1945
         2      2044         2         3        16         3         2         3         1         0       967
         2      2044         2         3        17         4         4         4         1         0      1419
         2      2044         2         3        18         5         1         5         1         1       941
         2      2044         2         3        19         5         4         4         0         0      3459
         2      2044         2         3        20         4         2         4         1         0      1317
         2      2044         2         3        21         7         3         9         0         0      1597
         2      2044         2         3        22         8         1         8         1         1      1113
         2      2044         2         3        23         1         4         1         1         0      2153
         2      2044         2         3        24         6         2         6         1         0      1311
         2      2044         2         3        25         4         3         0         0         0      1127
         2      2044         2         3        26        10         2         0         1         0       982
         2      2044         2         3        27        10         1         0         1         1       844
         2      2044         2         3        28         7         1         7         1         1      3350
         2      2044         2         3        29         8         3         8         1         0      1163
         2      2044         2         3        30        10         4         0         1         0       921
         2      2044         2         3        31         2         2         2         1         0       992
         2      2044         2         3        32         1         3         9         0         0      3717
         2      2044         2         3        33         8         4         8         1         0      1325
         2      2044         2         3        34         3         3         4         0         0      5044
         2      2044         2         3        35         9         4         2         0         0      3126
         2      2044         2         3        36         2         1         2         1         1      1382
         2      2044         2         3        37         5         2         5         1         0      1082
         2      2044         2         3        38         9         2         9         1         0      1355
         2      2044         2         3        39        10         3         0         1         0      1154
         2      2044         2         3        40         7         2         7         1         0      1776
         2      2044         2         4         1        10         3         0         1         0      3750
         2      2044         2         4         2         6         4         4         0         0      1195
         2      2044         2         4         3         7         4         9         0         0      5239
         2      2044         2         4         4         4         1         4         1         0      1106
         2      2044         2         4         5         5         1         5         1         0       976
         2      2044         2         4         6         6         2         6         1         1       950
         2      2044         2         4         7         2         3         2         1         0      1340
         2      2044         2         4         8         5         4         4         0         0      3523
         2      2044         2         4         9         5         2         5         1         1       995
         2      2044         2         4        10        10         2         0         1         1      1046
         2      2044         2         4        11         4         3         0         0         0       969
         2      2044         2         4        12         2         4         2         1         0      1086
         2      2044         2         4        13         1         3         9         0         0      1984
         2      2044         2         4        14         9         1         9         1         0      1101
         2      2044         2         4        15         2         2         2         1         1       940
         2      2044         2         4        16         2         1         2         1         0       963
         2      2044         2         4        17         7         2         7         1         1      1257
         2      2044         2         4        18         9         4         2         0         0      1107
         2      2044         2         4        19         3         1         3         1         0      1108
         2      2044         2         4        20         8         1         8         1         0      1315
         2      2044         2         4        21         6         1         6         1         0      1002
         2      2044         2         4        22         1         4         1         1         0      1118
         2      2044         2         4        23         3         3         7         0         0      3455
         2      2044         2         4        24        10         4         0         1         0      1153
         2      2044         2         4        25         9         2         9         1         1      2127
         2      2044         2         4        26         9         3         9         1         0      1351
         2      2044         2         4        27         7         3         7         1         0      6541
         2      2044         2         4        28         1         2         1         1         1      1283
         2      2044         2         4        29         4         4         4         1         0      1562
         2      2044         2         4        30         8         3         8         1         0      1079
         2      2044         2         4        31         6         3         6         1         0      1688
         2      2044         2         4        32         3         2         3         1         1      1216
         2      2044         2         4        33         1         1         1         1         0      1195
         2      2044         2         4        34         3         4         3         1         0      1095
         2      2044         2         4        35         4         2         4         1         1      1431
         2      2044         2         4        36        10         1         0         1         0       907
         2      2044         2         4        37         7         1         4         0         0      4147
         2      2044         2         4        38         5         3         6         0         0      5016
         2      2044         2         4        39         8         2         8         1         1       954
         2      2044         2         4        40         8         4         8         1         0       976
