Condition Subject Session Block Trial Subtype Token Response Correct Feedback RT 
         4      4069         1         1         1         3         2         3         1         1      6777
         4      4069         1         1         2         1         1         4         0         1      4797
         4      4069         1         1         3         2         1         6         0         1      3929
         4      4069         1         1         4         1         2         4         0         1      4567
         4      4069         1         1         5         2         2         2         1         1      2252
         4      4069         1         1         6         5         2         3         0         1      4045
         4      4069         1         1         7         7         1         0         0         1      4199
         4      4069         1         1         8         5         1         3         0         1      2890
         4      4069         1         1         9         3         2         3         1         1      3297
         4      4069         1         1        10         6         1         6         1         1      2295
         4      4069         1         1        11         8         2         7         0         1      2630
         4      4069         1         1        12         7         2         0         0         1      5128
         4      4069         1         1        13         6         2         2         0         1      2278
         4      4069         1         1        14         8         1         0         0         1      1781
         4      4069         1         1        15         4         2         4         1         1      2489
         4      4069         1         1        16         3         1         5         0         1      6272
         4      4069         1         1        17         6         2         6         1         1      1680
         4      4069         1         1        18         6         1         6         1         1      1591
         4      4069         1         1        19         7         1         2         0         1      5954
         4      4069         1         1        20         4         1         4         1         1      1886
         4      4069         1         1        21         2         1         7         0         1      6094
         4      4069         1         1        22         2         2         2         1         1      1893
         4      4069         1         1        23         9         2         1         0         1      5492
         4      4069         1         1        24         9         1         9         1         1      1987
         4      4069         1         1        25         8         2         8         1         1      8063
         4      4069         1         1        26         9         1         9         1         1      1881
         4      4069         1         1        27         7         2         8         0         1      3656
         4      4069         1         1        28         3         1         3         1         1      3169
         4      4069         1         1        29        10         2         0         1         1      2191
         4      4069         1         1        30        10         2         0         1         1      2659
         4      4069         1         1        31         1         2         7         0         1      8756
         4      4069         1         1        32         4         2         4         1         1      1840
         4      4069         1         1        33         4         1         4         1         1      1904
         4      4069         1         1        34        10         1         8         0         1     10525
         4      4069         1         1        35        10         1         0         1         1      1570
         4      4069         1         1        36         8         1         8         1         1      3086
         4      4069         1         1        37         5         1         5         1         1      3709
         4      4069         1         1        38         5         2         5         1         1      1523
         4      4069         1         1        39         1         1         1         1         1      3074
         4      4069         1         1        40         9         2         9         1         1      2241
         4      4069         1         2         1         5         2         5         1         1      2191
         4      4069         1         2         2         5         1         5         1         1      3427
         4      4069         1         2         3         9         1         9         1         1      1621
         4      4069         1         2         4         2         1         2         1         1      3568
         4      4069         1         2         5        10         1         0         1         1      1819
         4      4069         1         2         6         8         1         8         1         1      2349
         4      4069         1         2         7         2         2         2         1         1      1770
         4      4069         1         2         8         8         1         8         1         1      1934
         4      4069         1         2         9         7         1         7         1         1      4541
         4      4069         1         2        10         3         1         5         0         1      4674
         4      4069         1         2        11         6         2         6         1         1      2738
         4      4069         1         2        12         1         1         1         1         1      1520
         4      4069         1         2        13         4         2         4         1         1      1454
         4      4069         1         2        14         6         1         6         1         1      1630
         4      4069         1         2        15         2         1         2         1         1      1608
         4      4069         1         2        16         5         2         5         1         1      2019
         4      4069         1         2        17         4         2         4         1         1      1581
         4      4069         1         2        18         8         2         8         1         1      3370
         4      4069         1         2        19         5         1         5         1         1      2111
         4      4069         1         2        20         7         2         7         1         1      3461
         4      4069         1         2        21         3         2         3         1         1      2661
         4      4069         1         2        22         9         2         9         1         1      1781
         4      4069         1         2        23         4         1         4         1         1      1400
         4      4069         1         2        24         3         2         3         1         1      2251
         4      4069         1         2        25         8         2         8         1         1      2492
         4      4069         1         2        26         1         1         1         1         1      1396
         4      4069         1         2        27         9         2         9         1         1      1542
         4      4069         1         2        28        10         2         0         1         1      1749
         4      4069         1         2        29        10         1         0         1         1      1432
         4      4069         1         2        30         6         2         6         1         1      1626
         4      4069         1         2        31        10         2         0         1         1      1638
         4      4069         1         2        32         7         1         7         1         1      4112
         4      4069         1         2        33         1         2         1         1         1      2535
         4      4069         1         2        34         4         1         4         1         1      1435
         4      4069         1         2        35         9         1         9         1         1      1806
         4      4069         1         2        36         1         2         1         1         1      1360
         4      4069         1         2        37         7         2         7         1         1      2181
         4      4069         1         2        38         6         1         6         1         1      1463
         4      4069         1         2        39         2         2         2         1         1      1656
         4      4069         1         2        40         3         1         3         1         1      3265
         4      4069         1         3         1         6         1         6         1         1      2489
         4      4069         1         3         2         8         2         8         1         1      2673
         4      4069         1         3         3         4         2         4         1         1      1233
         4      4069         1         3         4         9         1         9         1         1      1451
         4      4069         1         3         5         4         1         4         1         1      1179
         4      4069         1         3         6         3         2         3         1         1      1878
         4      4069         1         3         7         1         1         1         1         1      1670
         4      4069         1         3         8         5         1         5         1         1      2655
         4      4069         1         3         9         5         2         5         1         1      1503
         4      4069         1         3        10         7         2         7         1         1      1695
         4      4069         1         3        11         5         1         5         1         1      1174
         4      4069         1         3        12         1         1         1         1         1      1282
         4      4069         1         3        13         6         2         6         1         1      1226
         4      4069         1         3        14         8         1         8         1         1      2595
         4      4069         1         3        15         5         2         5         1         1      1158
         4      4069         1         3        16         8         1         8         1         1      3587
         4      4069         1         3        17         7         1         7         1         1      2303
         4      4069         1         3        18         7         2         7         1         1      3359
         4      4069         1         3        19         6         1         6         1         1      1474
         4      4069         1         3        20         9         2         9         1         1      1522
         4      4069         1         3        21        10         2         0         1         1      1617
         4      4069         1         3        22         4         1         4         1         1      1210
         4      4069         1         3        23         2         1         2         1         1      1557
         4      4069         1         3        24        10         1         0         1         1      1296
         4      4069         1         3        25        10         2         0         1         1      1240
         4      4069         1         3        26         1         2         1         1         1      1506
         4      4069         1         3        27         9         1         9         1         1      1440
         4      4069         1         3        28        10         1         0         1         1      1343
         4      4069         1         3        29         7         1         7         1         1      2261
         4      4069         1         3        30         2         2         2         1         1      1622
         4      4069         1         3        31         9         2         9         1         1      1552
         4      4069         1         3        32         8         2         8         1         1      2798
         4      4069         1         3        33         2         1         2         1         1      1273
         4      4069         1         3        34         4         2         4         1         1      1681
         4      4069         1         3        35         2         2         2         1         1      1321
         4      4069         1         3        36         3         1         3         1         1      3151
         4      4069         1         3        37         3         1         3         1         1      2732
         4      4069         1         3        38         6         2         6         1         1      1498
         4      4069         1         3        39         3         2         3         1         1      1785
         4      4069         1         3        40         1         2         1         1         1      1149
         4      4069         1         4         1         7         1         7         1         1      3583
         4      4069         1         4         2         9         2         9         1         1      1306
         4      4069         1         4         3         4         1         4         1         1      1200
         4      4069         1         4         4         5         2         5         1         1      1546
         4      4069         1         4         5         2         2         2         1         1      1048
         4      4069         1         4         6         4         2         4         1         1      1129
         4      4069         1         4         7         7         2         7         1         1      1639
         4      4069         1         4         8        10         2         0         1         1      1266
         4      4069         1         4         9         3         1         3         1         1      1418
         4      4069         1         4        10         9         2         9         1         1      1228
         4      4069         1         4        11         1         2         1         1         1      1175
         4      4069         1         4        12         4         2         4         1         1      1155
         4      4069         1         4        13         3         2         3         1         1      1119
         4      4069         1         4        14         6         1         6         1         1      1196
         4      4069         1         4        15         2         1         2         1         1      1112
         4      4069         1         4        16         6         1         6         1         1      1126
         4      4069         1         4        17         9         1         9         1         1      1219
         4      4069         1         4        18         6         2         6         1         1      2718
         4      4069         1         4        19         8         2         8         1         1      2125
         4      4069         1         4        20        10         1         0         1         1      1376
         4      4069         1         4        21         6         2         6         1         1      1253
         4      4069         1         4        22         7         2         7         1         1      1311
         4      4069         1         4        23         1         2         1         1         1      1078
         4      4069         1         4        24         4         1         4         1         1      1028
         4      4069         1         4        25        10         1         0         1         1      1236
         4      4069         1         4        26         8         2         8         1         1      2079
         4      4069         1         4        27         5         1         5         1         1      2439
         4      4069         1         4        28         1         1         1         1         1      1153
         4      4069         1         4        29         8         1         8         1         1      1934
         4      4069         1         4        30         2         2         2         1         1      1084
         4      4069         1         4        31         1         1         1         1         1      1053
         4      4069         1         4        32         3         2         3         1         1      1149
         4      4069         1         4        33         5         1         5         1         1      1162
         4      4069         1         4        34         3         1         3         1         1      2247
         4      4069         1         4        35         5         2         5         1         1      1624
         4      4069         1         4        36         2         1         2         1         1      1122
         4      4069         1         4        37         8         1         8         1         1      1216
         4      4069         1         4        38         9         1         9         1         1      1179
         4      4069         1         4        39         7         1         7         1         1      1383
         4      4069         1         4        40        10         2         0         1         1      1435
         4      4069         1         5         1         7         2         7         1         1      1922
         4      4069         1         5         2         9         2         9         1         1      1184
         4      4069         1         5         3         4         1         4         1         1       922
         4      4069         1         5         4         6         2         6         1         1      1089
         4      4069         1         5         5         9         1         9         1         1      1104
         4      4069         1         5         6         1         1         1         1         1      1327
         4      4069         1         5         7        10         1         0         1         1      1076
         4      4069         1         5         8         6         1         6         1         1       994
         4      4069         1         5         9         9         1         9         1         1      1078
         4      4069         1         5        10         8         1         8         1         1      1045
         4      4069         1         5        11         5         1         5         1         1       966
         4      4069         1         5        12         2         2         2         1         1      1067
         4      4069         1         5        13         3         1         3         1         1      1148
         4      4069         1         5        14         3         1         3         1         1       985
         4      4069         1         5        15         7         2         7         1         1      1534
         4      4069         1         5        16         1         2         1         1         1      1036
         4      4069         1         5        17         1         2         1         1         1      1230
         4      4069         1         5        18         2         1         2         1         1      1177
         4      4069         1         5        19         5         2         5         1         1      1204
         4      4069         1         5        20        10         1         0         1         1      1167
         4      4069         1         5        21         5         1         5         1         1      1020
         4      4069         1         5        22         4         2         4         1         1      1326
         4      4069         1         5        23         7         1         7         1         1      1093
         4      4069         1         5        24         8         2         8         1         1      1013
         4      4069         1         5        25         5         2         5         1         1      1095
         4      4069         1         5        26         3         2         3         1         1      1158
         4      4069         1         5        27         7         1         7         1         1      2690
         4      4069         1         5        28         3         2         3         1         1      1281
         4      4069         1         5        29         8         1         8         1         1      1161
         4      4069         1         5        30         2         1         2         1         1      1174
         4      4069         1         5        31         9         2         9         1         1      1169
         4      4069         1         5        32         6         2         6         1         1      1005
         4      4069         1         5        33         4         1         4         1         1      1167
         4      4069         1         5        34         1         1         1         1         1      1099
         4      4069         1         5        35         6         1         6         1         1      1033
         4      4069         1         5        36         2         2         2         1         1      1083
         4      4069         1         5        37        10         2         0         1         1      1228
         4      4069         1         5        38        10         2         0         1         1      1143
         4      4069         1         5        39         4         2         4         1         1      1171
         4      4069         1         5        40         8         2         8         1         1      1697
         4      4069         1         6         1         7         2         7         1         1      2443
         4      4069         1         6         2         1         1         1         1         1       964
         4      4069         1         6         3        10         1         0         1         1      1351
         4      4069         1         6         4         1         2         1         1         1      1052
         4      4069         1         6         5         5         2         5         1         1      1037
         4      4069         1         6         6         8         1         8         1         1      1055
         4      4069         1         6         7         1         1         1         1         1      1120
         4      4069         1         6         8        10         2         0         1         1      1040
         4      4069         1         6         9         4         2         4         1         1      1185
         4      4069         1         6        10         6         1         6         1         1      1164
         4      4069         1         6        11         2         1         2         1         1      1049
         4      4069         1         6        12         3         2         3         1         1      1050
         4      4069         1         6        13         7         1         7         1         1      1148
         4      4069         1         6        14         4         1         4         1         1      1080
         4      4069         1         6        15         8         2         8         1         1      1721
         4      4069         1         6        16         9         1         9         1         1      1391
         4      4069         1         6        17         2         2         2         1         1      1122
         4      4069         1         6        18         6         2         6         1         1      1136
         4      4069         1         6        19         3         1         3         1         1      1422
         4      4069         1         6        20         9         1         9         1         1      1312
         4      4069         1         6        21         7         2         7         1         1      1047
         4      4069         1         6        22         5         1         5         1         1      1240
         4      4069         1         6        23        10         1         0         1         1      1279
         4      4069         1         6        24         4         1         4         1         1      1078
         4      4069         1         6        25         3         2         3         1         1      1013
         4      4069         1         6        26         5         1         5         1         1      1239
         4      4069         1         6        27         9         2         9         1         1      1248
         4      4069         1         6        28         6         2         6         1         1       968
         4      4069         1         6        29         6         1         6         1         1      1180
         4      4069         1         6        30         9         2         9         1         1      1079
         4      4069         1         6        31         8         2         8         1         1      1144
         4      4069         1         6        32         7         1         7         1         1      1013
         4      4069         1         6        33         3         1         3         1         1      1095
         4      4069         1         6        34         2         2         2         1         1      1143
         4      4069         1         6        35         5         2         5         1         1       980
         4      4069         1         6        36         2         1         2         1         1       984
         4      4069         1         6        37         8         1         8         1         1      1084
         4      4069         1         6        38        10         2         0         1         1      1117
         4      4069         1         6        39         4         2         4         1         1       940
         4      4069         1         6        40         1         2         1         1         1      1025
         4      4069         2         1         1         1         2         1         1         0      1521
         4      4069         2         1         2         7         4         4         0         0      2207
         4      4069         2         1         3         8         2         8         1         0      1266
         4      4069         2         1         4         9         1         9         1         1      1131
         4      4069         2         1         5         3         4         3         1         0      1639
         4      4069         2         1         6         6         4         6         1         0      2160
         4      4069         2         1         7         7         2         7         1         0      1237
         4      4069         2         1         8        10         3         0         1         0      2350
         4      4069         2         1         9         1         3         1         1         0      1755
         4      4069         2         1        10         8         1         8         1         1      1247
         4      4069         2         1        11         5         4         5         1         0      3033
         4      4069         2         1        12         3         1         3         1         1      1162
         4      4069         2         1        13         7         3         7         1         0      3015
         4      4069         2         1        14         2         1         2         1         1      1178
         4      4069         2         1        15         7         1         7         1         1      1831
         4      4069         2         1        16         9         4         9         1         0      1529
         4      4069         2         1        17         2         2         2         1         0      1015
         4      4069         2         1        18         8         4         8         1         0      5209
         4      4069         2         1        19         6         3         6         1         0      2883
         4      4069         2         1        20         6         1         6         1         1      1130
         4      4069         2         1        21         4         4         4         1         0      1895
         4      4069         2         1        22         1         1         1         1         1      1207
         4      4069         2         1        23         5         2         5         1         0      1169
         4      4069         2         1        24         1         4         1         1         0      4365
         4      4069         2         1        25        10         4         0         1         0      1611
         4      4069         2         1        26         5         3         5         1         0      1733
         4      4069         2         1        27         9         2         9         1         0      1243
         4      4069         2         1        28         2         3         2         1         0      1253
         4      4069         2         1        29         3         3         3         1         0      1837
         4      4069         2         1        30         4         3         4         1         0      1230
         4      4069         2         1        31         4         1         4         1         1      1319
         4      4069         2         1        32         3         2         3         1         0      1325
         4      4069         2         1        33         2         4         2         1         0      1107
         4      4069         2         1        34        10         1         0         1         1      1231
         4      4069         2         1        35        10         2         0         1         0      1227
         4      4069         2         1        36         9         3         9         1         0      1301
         4      4069         2         1        37         4         2         4         1         0      1213
         4      4069         2         1        38         6         2         6         1         0      1079
         4      4069         2         1        39         8         3         7         0         0      4439
         4      4069         2         1        40         5         1         5         1         1      1265
         4      4069         2         2         1         9         2         9         1         1      1981
         4      4069         2         2         2         1         4         1         1         0      1288
         4      4069         2         2         3         2         4         2         1         0       880
         4      4069         2         2         4         2         1         2         1         0       936
         4      4069         2         2         5        10         3         0         1         0      2365
         4      4069         2         2         6         5         4         5         1         0      1561
         4      4069         2         2         7         5         3         5         1         0      1239
         4      4069         2         2         8         3         1         3         1         0      1360
         4      4069         2         2         9         5         1         5         1         0      1014
         4      4069         2         2        10         3         3         3         1         0      1096
         4      4069         2         2        11         3         4         3         1         0       950
         4      4069         2         2        12         9         1         9         1         0      1148
         4      4069         2         2        13         4         1         4         1         0      1079
         4      4069         2         2        14         6         4         6         1         0      2295
         4      4069         2         2        15         6         2         6         1         1      1014
         4      4069         2         2        16         2         2         2         1         1      1098
         4      4069         2         2        17         1         1         1         1         0      1129
         4      4069         2         2        18         8         3         7         0         0      3384
         4      4069         2         2        19         4         3         4         1         0      1964
         4      4069         2         2        20         8         1         8         1         0      1193
         4      4069         2         2        21         2         3         2         1         0      1205
         4      4069         2         2        22         6         1         6         1         0      1166
         4      4069         2         2        23        10         1         0         1         0      1305
         4      4069         2         2        24         7         2         7         1         1      1135
         4      4069         2         2        25         7         4         4         0         0      1453
         4      4069         2         2        26         7         1         7         1         0      1199
         4      4069         2         2        27         8         4         7         0         0      3147
         4      4069         2         2        28        10         4         0         1         0      2393
         4      4069         2         2        29        10         2         0         1         1      1174
         4      4069         2         2        30         5         2         5         1         1      1106
         4      4069         2         2        31         1         3         1         1         0      1392
         4      4069         2         2        32         8         2         8         1         1      1524
         4      4069         2         2        33         9         3         9         1         0      1251
         4      4069         2         2        34         6         3         6         1         0      1356
         4      4069         2         2        35         7         3         7         1         0      2080
         4      4069         2         2        36         4         2         4         1         1      1576
         4      4069         2         2        37         4         4         4         1         0      1939
         4      4069         2         2        38         3         2         3         1         1      1007
         4      4069         2         2        39         1         2         1         1         1      1186
         4      4069         2         2        40         9         4         9         1         0      1342
         4      4069         2         3         1         8         1         8         1         1      1357
         4      4069         2         3         2         4         2         4         1         0      1122
         4      4069         2         3         3         6         3         6         1         0      1663
         4      4069         2         3         4         1         1         1         1         1      1048
         4      4069         2         3         5         1         2         1         1         0       938
         4      4069         2         3         6         2         2         2         1         0       960
         4      4069         2         3         7         4         3         4         1         0      1141
         4      4069         2         3         8         3         2         3         1         0      1074
         4      4069         2         3         9         6         1         6         1         1      1056
         4      4069         2         3        10         2         1         2         1         1       993
         4      4069         2         3        11         2         4         2         1         0      1076
         4      4069         2         3        12        10         3         0         1         0      1395
         4      4069         2         3        13        10         4         0         1         0      1176
         4      4069         2         3        14         7         1         7         1         1      2820
         4      4069         2         3        15         9         1         9         1         1      1119
         4      4069         2         3        16         4         1         4         1         1      1084
         4      4069         2         3        17         3         1         3         1         1      1036
         4      4069         2         3        18         5         1         5         1         1      1263
         4      4069         2         3        19         5         2         5         1         0       919
         4      4069         2         3        20         8         3         7         0         0     14365
         4      4069         2         3        21        10         2         0         1         0      1051
         4      4069         2         3        22         6         4         6         1         0      2541
         4      4069         2         3        23         5         3         5         1         0      2194
         4      4069         2         3        24         3         3         3         1         0      1382
         4      4069         2         3        25         9         3         9         1         0      1242
         4      4069         2         3        26         7         2         7         1         0      1091
         4      4069         2         3        27         3         4         3         1         0      1329
         4      4069         2         3        28         8         4         8         1         0      4855
         4      4069         2         3        29         1         3         1         1         0      1376
         4      4069         2         3        30         8         2         8         1         0      1876
         4      4069         2         3        31         2         3         2         1         0      1125
         4      4069         2         3        32         5         4         5         1         0      1443
         4      4069         2         3        33         9         4         9         1         0      1365
         4      4069         2         3        34         9         2         9         1         0      1001
         4      4069         2         3        35         6         2         6         1         0      1293
         4      4069         2         3        36         7         4         4         0         0      1188
         4      4069         2         3        37         7         3         7         1         0      1792
         4      4069         2         3        38         1         4         1         1         0      1554
         4      4069         2         3        39        10         1         0         1         1      1085
         4      4069         2         3        40         4         4         4         1         0      1309
         4      4069         2         4         1        10         2         0         1         1      2154
         4      4069         2         4         2         7         3         7         1         0      1632
         4      4069         2         4         3         1         1         1         1         0      1178
         4      4069         2         4         4         2         2         2         1         1       934
         4      4069         2         4         5         5         3         5         1         0      1676
         4      4069         2         4         6         5         1         5         1         0      1189
         4      4069         2         4         7         8         4         8         1         0      3808
         4      4069         2         4         8        10         4         0         1         0      1204
         4      4069         2         4         9         1         4         1         1         0      1646
         4      4069         2         4        10         8         3         8         1         0      2920
         4      4069         2         4        11         9         4         9         1         0      1183
         4      4069         2         4        12         4         4         4         1         0      1035
         4      4069         2         4        13         9         3         9         1         0      1133
         4      4069         2         4        14         2         4         2         1         0      1035
         4      4069         2         4        15        10         1         0         1         0      1100
         4      4069         2         4        16         5         4         5         1         0      1179
         4      4069         2         4        17        10         3         0         1         0      1654
         4      4069         2         4        18         6         3         6         1         0      1918
         4      4069         2         4        19         5         2         5         1         1      1164
         4      4069         2         4        20         6         1         6         1         0      1127
         4      4069         2         4        21         7         1         7         1         0      1269
         4      4069         2         4        22         8         2         8         1         1      1262
         4      4069         2         4        23         4         1         4         1         0      1862
         4      4069         2         4        24         3         2         3         1         1      1174
         4      4069         2         4        25         6         2         6         1         1      1298
         4      4069         2         4        26         2         1         2         1         0      1066
         4      4069         2         4        27         9         1         9         1         0      1098
         4      4069         2         4        28         6         4         6         1         0      4426
         4      4069         2         4        29         7         2         7         1         1      1028
         4      4069         2         4        30         1         3         1         1         0      1254
         4      4069         2         4        31         4         2         4         1         1      1151
         4      4069         2         4        32         3         4         3         1         0      1035
         4      4069         2         4        33         1         2         1         1         1      1181
         4      4069         2         4        34         4         3         4         1         0      1240
         4      4069         2         4        35         7         4         4         0         0      1217
         4      4069         2         4        36         2         3         2         1         0      1212
         4      4069         2         4        37         3         3         3         1         0      1318
         4      4069         2         4        38         3         1         3         1         0      1773
         4      4069         2         4        39         9         2         9         1         1      1312
         4      4069         2         4        40         8         1         8         1         0      1366
