Condition Subject Session Block Trial Subtype Token Response Correct Feedback RT 
         4      4039         1         1         1        10         2         5         0         1       993
         4      4039         1         1         2         8         1         7         0         1       369
         4      4039         1         1         3         8         2         3         0         1       223
         4      4039         1         1         4         2         1         7         0         1       241
         4      4039         1         1         5         9         2         2         0         1       162
         4      4039         1         1         6        10         2         8         0         1       232
         4      4039         1         1         7         3         2         4         0         1        41
         4      4039         1         1         8         5         2         3         0         1        98
         4      4039         1         1         9         4         1         8         0         1       248
         4      4039         1         1        10         7         1         3         0         1         0
         4      4039         1         1        11         7         1         3         0         1         0
         4      4039         1         1        12         4         2         3         0         1       273
         4      4039         1         1        13         1         2         2         0         1        55
         4      4039         1         1        14         2         2         3         0         1      4240
         4      4039         1         1        15        10         1         6         0         1       400
         4      4039         1         1        16        10         1         3         0         1       618
         4      4039         1         1        17         6         2         5         0         1       230
         4      4039         1         1        18         1         2         5         0         1        40
         4      4039         1         1        19         2         2         4         0         1       929
         4      4039         1         1        20         8         1         3         0         1       727
         4      4039         1         1        21         4         2         3         0         1      2117
         4      4039         1         1        22         9         1         5         0         1      1099
         4      4039         1         1        23         6         1         4         0         1       281
         4      4039         1         1        24         7         2         7         1         1     12409
         4      4039         1         1        25         9         1         4         0         1      4372
         4      4039         1         1        26         5         1         6         0         1      5361
         4      4039         1         1        27         6         1         4         0         1      7893
         4      4039         1         1        28         2         1         4         0         1     23012
         4      4039         1         1        29         5         2         5         1         1      2806
         4      4039         1         1        30         6         2         5         0         1      7648
         4      4039         1         1        31         3         1         5         0         1      1993
         4      4039         1         1        32         3         1         4         0         1         5
         4      4039         1         1        33         3         2         5         0         1         0
         4      4039         1         1        34         1         1         5         0         1       843
         4      4039         1         1        35         4         1         5         0         1         0
         4      4039         1         1        36         1         1         6         0         1     12382
         4      4039         1         1        37         9         2         4         0         1      3978
         4      4039         1         1        38         8         2         5         0         1     12470
         4      4039         1         1        39         5         1         5         1         1         0
         4      4039         1         1        40         7         2         4         0         1     54586
         4      4039         1         2         1         4         2         6         0         1     66519
         4      4039         1         2         2         9         2         7         0         1    116618
         4      4039         1         2         3         5         2         6         0         1       637
         4      4039         1         2         4         3         2         5         0         1    527535
         4      4039         1         2         5         1         2         5         0         1         0
         4      4039         1         2         6         6         2         7         0         1     20231
         4      4039         1         2         7         9         1         6         0         1       152
         4      4039         1         2         8         5         1         6         0         1         0
         4      4039         1         2         9        10         2         5         0         1      1003
         4      4039         1         2        10         7         1         7         1         1         0
         4      4039         1         2        11         2         2         6         0         1       727
         4      4039         1         2        12         4         2         6         0         1       133
         4      4039         1         2        13         4         1         6         0         1         0
         4      4039         1         2        14         6         1         6         1         1        31
         4      4039         1         2        15         3         2         4         0         1         0
         4      4039         1         2        16         2         2         6         0         1       213
         4      4039         1         2        17         8         2         5         0         1       217
         4      4039         1         2        18         2         1         6         0         1         0
         4      4039         1         2        19         9         2         7         0         1         0
         4      4039         1         2        20         7         2         4         0         1        99
         4      4039         1         2        21         5         1         7         0         1       267
         4      4039         1         2        22        10         2         7         0         1       157
         4      4039         1         2        23         3         1         6         0         1       174
         4      4039         1         2        24         5         2         7         0         1         0
         4      4039         1         2        25         8         1         5         0         1         0
         4      4039         1         2        26         8         1         7         0         1       660
         4      4039         1         2        27         1         2         8         0         1       164
         4      4039         1         2        28         6         1         6         1         1        40
         4      4039         1         2        29         1         1         7         0         1       158
         4      4039         1         2        30         3         1         6         0         1         0
         4      4039         1         2        31         7         1         6         0         1       151
         4      4039         1         2        32         7         2         7         1         1         0
         4      4039         1         2        33         8         2         7         0         1       115
         4      4039         1         2        34         9         1         7         0         1       842
         4      4039         1         2        35         6         2         7         0         1        19
         4      4039         1         2        36         1         1         8         0         1        12
         4      4039         1         2        37         2         1         8         0         1       184
         4      4039         1         2        38        10         1         8         0         1       426
         4      4039         1         2        39        10         1         7         0         1        30
         4      4039         1         2        40         4         1         8         0         1         0
         4      4039         1         3         1        10         1         7         0         1         0
         4      4039         1         3         2         1         2         7         0         1         0
         4      4039         1         3         3         8         2         6         0         1         0
         4      4039         1         3         4         9         1         5         0         1         0
         4      4039         1         3         5         9         1         6         0         1        10
         4      4039         1         3         6         9         2         6         0         1         4
         4      4039         1         3         7         8         1         6         0         1       143
         4      4039         1         3         8         2         1         5         0         1       165
         4      4039         1         3         9         4         1         4         1         1       137
         4      4039         1         3        10         2         2         7         0         1       126
         4      4039         1         3        11         9         2         7         0         1       160
         4      4039         1         3        12         6         1         4         0         1       131
         4      4039         1         3        13         1         2         8         0         1       282
         4      4039         1         3        14         3         2         5         0         1       249
         4      4039         1         3        15         5         2         6         0         1        26
         4      4039         1         3        16         4         1         4         1         1         3
         4      4039         1         3        17         5         2         6         0         1       124
         4      4039         1         3        18         7         2         7         1         1       257
         4      4039         1         3        19         6         2         5         0         1        60
         4      4039         1         3        20         8         2         5         0         1         0
         4      4039         1         3        21         6         1         6         1         1         0
         4      4039         1         3        22         1         1         5         0         1        82
         4      4039         1         3        23         5         1         7         0         1        26
         4      4039         1         3        24         7         1         6         0         1       133
         4      4039         1         3        25         3         1         4         0         1       107
         4      4039         1         3        26         5         1         6         0         1         2
         4      4039         1         3        27        10         2         5         0         1       751
         4      4039         1         3        28        10         1         6         0         1       154
         4      4039         1         3        29         3         2         4         0         1        29
         4      4039         1         3        30        10         2         6         0         1       119
         4      4039         1         3        31         7         2         6         0         1       142
         4      4039         1         3        32         2         2         6         0         1       148
         4      4039         1         3        33         1         1         6         0         1        89
         4      4039         1         3        34         3         1         6         0         1       174
         4      4039         1         3        35         7         1         6         0         1       105
         4      4039         1         3        36         4         2         6         0         1         0
         4      4039         1         3        37         8         1         5         0         1        43
         4      4039         1         3        38         2         1         6         0         1       101
         4      4039         1         3        39         4         2         7         0         1       124
         4      4039         1         3        40         6         2         6         1         1        82
         4      4039         1         4         1         1         2         5         0         1       286
         4      4039         1         4         2         5         2         6         0         1       174
         4      4039         1         4         3         3         1         6         0         1       177
         4      4039         1         4         4         7         1         5         0         1       133
         4      4039         1         4         5         1         1         7         0         1       203
         4      4039         1         4         6         6         1         5         0         1         0
         4      4039         1         4         7         4         1         5         0         1        73
         4      4039         1         4         8         9         2         4         0         1       320
         4      4039         1         4         9         7         2         6         0         1        80
         4      4039         1         4        10         6         2         6         1         1       296
         4      4039         1         4        11         5         1         5         1         1        56
         4      4039         1         4        12         7         2         6         0         1         0
         4      4039         1         4        13         9         1         6         0         1        45
         4      4039         1         4        14         8         2         6         0         1         7
         4      4039         1         4        15         3         1         5         0         1        82
         4      4039         1         4        16         5         2         6         0         1         0
         4      4039         1         4        17         8         2         7         0         1        22
         4      4039         1         4        18         6         2         5         0         1         0
         4      4039         1         4        19        10         2         7         0         1        89
         4      4039         1         4        20        10         2         6         0         1        26
         4      4039         1         4        21         2         1         6         0         1         0
         4      4039         1         4        22         4         1         8         0         1       160
         4      4039         1         4        23         1         2         5         0         1       165
         4      4039         1         4        24         1         1         7         0         1        38
         4      4039         1         4        25         7         1         9         0         1         0
         4      4039         1         4        26         3         2         4         0         1         0
         4      4039         1         4        27         5         1         5         1         1         0
         4      4039         1         4        28         3         2         4         0         1        31
         4      4039         1         4        29        10         1         7         0         1         0
         4      4039         1         4        30         2         1         5         0         1       163
         4      4039         1         4        31         8         1         7         0         1         0
         4      4039         1         4        32         2         2         5         0         1        65
         4      4039         1         4        33         9         1         6         0         1        35
         4      4039         1         4        34         8         1         7         0         1         0
         4      4039         1         4        35         4         2         3         0         1        24
         4      4039         1         4        36         6         1         6         1         1       369
         4      4039         1         4        37         9         2         4         0         1        91
         4      4039         1         4        38         2         2         6         0         1       243
         4      4039         1         4        39         4         2         4         1         1       176
         4      4039         1         4        40        10         1         4         0         1         0
         4      4039         1         5         1         2         2         5         0         1       254
         4      4039         1         5         2         7         1         4         0         1       624
         4      4039         1         5         3         6         1         5         0         1         0
         4      4039         1         5         4         8         2         5         0         1       509
         4      4039         1         5         5         6         1         7         0         1         0
         4      4039         1         5         6         6         2         7         0         1         0
         4      4039         1         5         7         5         1         8         0         1        39
         4      4039         1         5         8         3         1         6         0         1        17
         4      4039         1         5         9         2         1         6         0         1        44
         4      4039         1         5        10        10         1         7         0         1         0
         4      4039         1         5        11         8         1         6         0         1       348
         4      4039         1         5        12         5         2         7         0         1       168
         4      4039         1         5        13         1         1         7         0         1      1013
         4      4039         1         5        14         4         1         7         0         1       119
         4      4039         1         5        15         9         1         7         0         1       239
         4      4039         1         5        16        10         2         7         0         1        18
         4      4039         1         5        17         3         2         8         0         1         0
         4      4039         1         5        18         1         2         7         0         1         0
         4      4039         1         5        19         4         2         7         0         1         0
         4      4039         1         5        20         8         2         7         0         1         0
         4      4039         1         5        21         8         1         7         0         1         0
         4      4039         1         5        22         4         2         6         0         1        20
         4      4039         1         5        23         9         2         6         0         1       457
         4      4039         1         5        24         1         1         8         0         1        55
         4      4039         1         5        25         7         1         7         1         1         0
         4      4039         1         5        26         2         2         6         0         1       147
         4      4039         1         5        27         1         2         7         0         1       199
         4      4039         1         5        28         3         1         8         0         1       346
         4      4039         1         5        29         9         1         7         0         1        97
         4      4039         1         5        30         2         1         8         0         1         0
         4      4039         1         5        31         5         1         7         0         1       108
         4      4039         1         5        32         7         2         7         1         1         0
         4      4039         1         5        33         6         2         7         0         1       510
         4      4039         1         5        34         3         2         6         0         1       212
         4      4039         1         5        35         5         2         7         0         1        55
         4      4039         1         5        36         9         2         6         0         1       336
         4      4039         1         5        37         7         2         6         0         1       281
         4      4039         1         5        38         4         1         7         0         1       248
         4      4039         1         5        39        10         1         7         0         1       548
         4      4039         1         5        40        10         2         6         0         1       490
         4      4039         1         6         1         4         2         6         0         1       411
         4      4039         1         6         2         7         1         5         0         1       546
         4      4039         1         6         3         6         1         5         0         1       230
         4      4039         1         6         4         7         1         7         1         1      1145
         4      4039         1         6         5         1         1         6         0         1       262
         4      4039         1         6         6         5         2         7         0         1         0
         4      4039         1         6         7         4         2         5         0         1       193
         4      4039         1         6         8         6         2         7         0         1         0
         4      4039         1         6         9         8         1         8         1         1       272
         4      4039         1         6        10        10         2         7         0         1       220
         4      4039         1         6        11         2         2         6         0         1        31
         4      4039         1         6        12         2         1         7         0         1       138
         4      4039         1         6        13         8         1         7         0         1       303
         4      4039         1         6        14        10         1         7         0         1       221
         4      4039         1         6        15         5         1         6         0         1         0
         4      4039         1         6        16         5         2         7         0         1         0
         4      4039         1         6        17         1         2         7         0         1       134
         4      4039         1         6        18        10         1         7         0         1      2011
         4      4039         1         6        19        10         2         7         0         1       326
         4      4039         1         6        20         2         1         7         0         1       340
         4      4039         1         6        21         4         1         6         0         1        80
         4      4039         1         6        22         9         2         6         0         1       504
         4      4039         1         6        23         1         1         6         0         1        80
         4      4039         1         6        24         6         1         5         0         1       198
         4      4039         1         6        25         3         2         6         0         1        50
         4      4039         1         6        26         9         1         5         0         1         0
         4      4039         1         6        27         2         2         4         0         1       193
         4      4039         1         6        28         1         2         5         0         1       181
         4      4039         1         6        29         8         2         5         0         1       201
         4      4039         1         6        30         3         1         5         0         1        44
         4      4039         1         6        31         3         2         4         0         1       468
         4      4039         1         6        32         6         2         5         0         1       130
         4      4039         1         6        33         3         1         5         0         1       136
         4      4039         1         6        34         8         2         5         0         1       127
         4      4039         1         6        35         4         1         5         0         1       228
         4      4039         1         6        36         7         2         6         0         1       247
         4      4039         1         6        37         9         1         6         0         1       168
         4      4039         1         6        38         7         2         8         0         1         0
         4      4039         1         6        39         5         1         6         0         1         0
         4      4039         1         6        40         9         2         7         0         1      1356
         4      4039         2         1         1         3         4         6         0         0       251
         4      4039         2         1         2         1         4         6         0         0         0
         4      4039         2         1         3         9         1         8         0         1         0
         4      4039         2         1         4         4         2         6         0         0         0
         4      4039         2         1         5         6         2         8         0         0         0
         4      4039         2         1         6         2         3         6         0         0        73
         4      4039         2         1         7         4         4         6         0         0         0
         4      4039         2         1         8         3         2         8         0         0        54
         4      4039         2         1         9         8         2         6         0         0         0
         4      4039         2         1        10         5         4         6         0         0         0
         4      4039         2         1        11         2         1         7         0         1       177
         4      4039         2         1        12         2         2         8         0         0         0
         4      4039         2         1        13         3         1         7         0         1         0
         4      4039         2         1        14         1         3         8         0         0         0
         4      4039         2         1        15         9         3         8         0         0         0
         4      4039         2         1        16         8         4         7         0         0         0
         4      4039         2         1        17         5         3         6         0         0         0
         4      4039         2         1        18         6         3         8         0         0        61
         4      4039         2         1        19         7         3         6         0         0        15
         4      4039         2         1        20        10         2         7         0         0        75
         4      4039         2         1        21         5         1         6         0         1        43
         4      4039         2         1        22         3         3         7         0         0       228
         4      4039         2         1        23        10         3         7         0         0        47
         4      4039         2         1        24         9         4         8         0         0         0
         4      4039         2         1        25         9         2         7         0         0       180
         4      4039         2         1        26        10         1         6         0         1        11
         4      4039         2         1        27         7         4         6         0         0        50
         4      4039         2         1        28         4         3         6         0         0         0
         4      4039         2         1        29         5         2         8         0         0        42
         4      4039         2         1        30         1         1         6         0         1       244
         4      4039         2         1        31         1         2         6         0         0       325
         4      4039         2         1        32         8         1         4         0         1       190
         4      4039         2         1        33        10         4         5         0         0       402
         4      4039         2         1        34         6         1         5         0         1       107
         4      4039         2         1        35         8         3         7         0         0        87
         4      4039         2         1        36         7         1         7         1         1         0
         4      4039         2         1        37         7         2         6         0         0       202
         4      4039         2         1        38         4         1         5         0         1       379
         4      4039         2         1        39         2         4         5         0         0       477
         4      4039         2         1        40         6         4         6         1         0         0
         4      4039         2         2         1         6         1         7         0         0       366
         4      4039         2         2         2         3         3         6         0         0        91
         4      4039         2         2         3         1         1         4         0         0         0
         4      4039         2         2         4         4         4         7         0         0        40
         4      4039         2         2         5         7         2         7         1         1       113
         4      4039         2         2         6         8         1         7         0         0         0
         4      4039         2         2         7         6         3         7         0         0         0
         4      4039         2         2         8         2         2         5         0         1        69
         4      4039         2         2         9         4         3         7         0         0         0
         4      4039         2         2        10         3         4         5         0         0         0
         4      4039         2         2        11         9         2         5         0         1         0
         4      4039         2         2        12         6         2         6         1         1        60
         4      4039         2         2        13         6         4         5         0         0         0
         4      4039         2         2        14         8         2         5         0         1         0
         4      4039         2         2        15         7         4         7         1         0       110
         4      4039         2         2        16         1         2         4         0         1       181
         4      4039         2         2        17         4         2         7         0         1         0
         4      4039         2         2        18        10         4         5         0         0        51
         4      4039         2         2        19         1         4         4         0         0         0
         4      4039         2         2        20         5         2         7         0         1        51
         4      4039         2         2        21         9         4         4         0         0        28
         4      4039         2         2        22         3         2         7         0         1         0
         4      4039         2         2        23         3         1         7         0         0       145
         4      4039         2         2        24        10         2         4         0         1        23
         4      4039         2         2        25         7         1         5         0         0        97
         4      4039         2         2        26         2         1         6         0         0        88
         4      4039         2         2        27         2         3         4         0         0         0
         4      4039         2         2        28        10         3         8         0         0        11
         4      4039         2         2        29         5         1         6         0         0         0
         4      4039         2         2        30         4         1         5         0         0        80
         4      4039         2         2        31         8         3         6         0         0       154
         4      4039         2         2        32         2         4         4         0         0        64
         4      4039         2         2        33         1         3         8         0         0         8
         4      4039         2         2        34         7         3         5         0         0         3
         4      4039         2         2        35        10         1         7         0         0         0
         4      4039         2         2        36         5         3         7         0         0       281
         4      4039         2         2        37         5         4         7         0         0       201
         4      4039         2         2        38         9         1         5         0         0         0
         4      4039         2         2        39         9         3         3         0         0        39
         4      4039         2         2        40         8         4         8         1         0        49
         4      4039         2         3         1         1         2         4         0         0       269
         4      4039         2         3         2         2         3         6         0         0       254
         4      4039         2         3         3         5         3         5         1         0       288
         4      4039         2         3         4         6         2         2         0         0       208
         4      4039         2         3         5        10         1         7         0         1       226
         4      4039         2         3         6         3         3         5         0         0        83
         4      4039         2         3         7         8         2         4         0         0       268
         4      4039         2         3         8         5         2         4         0         0       232
         4      4039         2         3         9        10         3         5         0         0         0
         4      4039         2         3        10         7         2         5         0         0       324
         4      4039         2         3        11         8         3         6         0         0       100
         4      4039         2         3        12         3         4         4         0         0        58
         4      4039         2         3        13         5         4         7         0         0       178
         4      4039         2         3        14         6         3         5         0         0       245
         4      4039         2         3        15         2         2         3         0         0       279
         4      4039         2         3        16         7         3         6         0         0       200
         4      4039         2         3        17         7         4         4         0         0       203
         4      4039         2         3        18         8         4         2         0         0       367
         4      4039         2         3        19         1         1         5         0         1       252
         4      4039         2         3        20         5         1         3         0         1       318
         4      4039         2         3        21         9         3         4         0         0       202
         4      4039         2         3        22         4         1         6         0         1       332
         4      4039         2         3        23         3         1         3         1         1       154
         4      4039         2         3        24         7         1         4         0         1        48
         4      4039         2         3        25         3         2         4         0         0       249
         4      4039         2         3        26         2         1         3         0         1       219
         4      4039         2         3        27        10         4         5         0         0       366
         4      4039         2         3        28         4         2         4         1         0       155
         4      4039         2         3        29         8         1         3         0         1       224
         4      4039         2         3        30         9         1         2         0         1         0
         4      4039         2         3        31        10         2         4         0         0       158
         4      4039         2         3        32         1         4         2         0         0         0
         4      4039         2         3        33         6         4         3         0         0         0
         4      4039         2         3        34         1         3         4         0         0        89
         4      4039         2         3        35         9         4         5         0         0       193
         4      4039         2         3        36         2         4         5         0         0        19
         4      4039         2         3        37         9         2         3         0         0       109
         4      4039         2         3        38         6         1         4         0         1         0
         4      4039         2         3        39         4         3         5         0         0        27
         4      4039         2         3        40         4         4         6         0         0         0
         4      4039         2         4         1         3         1         5         0         0       139
         4      4039         2         4         2         7         3         5         0         0       224
         4      4039         2         4         3         1         4         6         0         0         0
         4      4039         2         4         4         8         2         4         0         1       189
         4      4039         2         4         5         7         1         5         0         0       205
         4      4039         2         4         6         9         3         6         0         0         0
         4      4039         2         4         7         1         1         5         0         0       348
         4      4039         2         4         8         2         2         4         0         1        58
         4      4039         2         4         9         1         3         6         0         0         0
         4      4039         2         4        10         6         4         6         1         0       890
         4      4039         2         4        11         6         3         6         1         0       172
         4      4039         2         4        12         3         2         6         0         1        93
         4      4039         2         4        13         8         3         6         0         0       149
         4      4039         2         4        14         5         3         6         0         0        11
         4      4039         2         4        15         9         1         5         0         0       294
         4      4039         2         4        16         9         2         5         0         1        37
         4      4039         2         4        17         4         2         6         0         1       175
         4      4039         2         4        18        10         1         5         0         0         0
         4      4039         2         4        19        10         3         5         0         0        10
         4      4039         2         4        20         3         4         5         0         0       435
         4      4039         2         4        21         3         3         6         0         0         0
         4      4039         2         4        22         2         3         4         0         0        67
         4      4039         2         4        23         4         3         7         0         0         0
         4      4039         2         4        24         7         4         3         0         0       391
         4      4039         2         4        25         5         1         6         0         0        34
         4      4039         2         4        26         1         2         5         0         1        45
         4      4039         2         4        27         8         4         4         0         0       163
         4      4039         2         4        28         6         1         4         0         0       132
         4      4039         2         4        29         8         1         4         0         0       762
         4      4039         2         4        30         7         2         6         0         1       134
         4      4039         2         4        31         5         4         5         1         0       380
         4      4039         2         4        32         6         2         6         1         1        72
         4      4039         2         4        33         4         1         5         0         0       111
         4      4039         2         4        34         9         4         5         0         0       118
         4      4039         2         4        35         2         1         5         0         0       237
         4      4039         2         4        36        10         4         6         0         0         0
         4      4039         2         4        37        10         2         6         0         1        49
         4      4039         2         4        38         5         2         6         0         1         0
         4      4039         2         4        39         2         4         6         0         0       294
         4      4039         2         4        40         4         4         5         0         0        53
