Condition Subject Session Block Trial Subtype Token Response Correct Feedback RT 
         2      2133         1         1         1         1         2         2         0         1     31316
         2      2133         1         1         2         8         2         5         0         1      9382
         2      2133         1         1         3         3         1         1         0         1     26578
         2      2133         1         1         4         6         2         1         0         1     25567
         2      2133         1         1         5         5         2         5         1         1      5988
         2      2133         1         1         6         8         2         5         0         1      2327
         2      2133         1         1         7         2         2         0         0         1     28997
         2      2133         1         1         8         7         2         4         0         1     18722
         2      2133         1         1         9         1         2         1         1         1      8623
         2      2133         1         1        10         6         2         6         1         1      4570
         2      2133         1         1        11         2         1         2         1         1      8120
         2      2133         1         1        12         5         1         5         1         1      4397
         2      2133         1         1        13         9         2         2         0         1     18257
         2      2133         1         1        14         3         2         6         0         1     10594
         2      2133         1         1        15        10         2         7         0         1     14775
         2      2133         1         1        16         9         1         7         0         1     28636
         2      2133         1         1        17        10         1         7         0         1     19088
         2      2133         1         1        18         4         2         1         0         1     11042
         2      2133         1         1        19         2         1         2         1         1     14277
         2      2133         1         1        20         7         1         0         0         1     23470
         2      2133         1         1        21         1         1         9         0         1      9199
         2      2133         1         1        22         4         2         1         0         1     12978
         2      2133         1         1        23        10         1         0         1         1      5104
         2      2133         1         1        24         9         2         9         1         1     26945
         2      2133         1         1        25         7         2         0         0         1      7681
         2      2133         1         1        26         1         1         9         0         1      9312
         2      2133         1         1        27         2         2         2         1         1      7456
         2      2133         1         1        28         6         1         5         0         1      6937
         2      2133         1         1        29         4         1         6         0         1      7807
         2      2133         1         1        30        10         2         0         1         1      6923
         2      2133         1         1        31         5         1         5         1         1      1832
         2      2133         1         1        32         8         1         3         0         1     12834
         2      2133         1         1        33         3         2         3         1         1     14356
         2      2133         1         1        34         8         1         3         0         1      3770
         2      2133         1         1        35         6         1         4         0         1     12760
         2      2133         1         1        36         4         1         6         0         1      9517
         2      2133         1         1        37         5         2         5         1         1      1669
         2      2133         1         1        38         9         1         9         1         1      6519
         2      2133         1         1        39         3         1         9         0         1      3310
         2      2133         1         1        40         7         1         0         0         1      6119
         2      2133         1         2         1         7         1         7         1         1      7563
         2      2133         1         2         2         6         2         6         1         1     15194
         2      2133         1         2         3         7         2         0         0         1      8110
         2      2133         1         2         4         6         1         8         0         1     20814
         2      2133         1         2         5         3         1         9         0         1     13019
         2      2133         1         2         6        10         2         0         1         1      3839
         2      2133         1         2         7         5         2         5         1         1      1442
         2      2133         1         2         8         5         1         5         1         1      1563
         2      2133         1         2         9         4         2         4         1         1      9689
         2      2133         1         2        10         1         1         9         0         1      6394
         2      2133         1         2        11         1         2         1         1         1      9150
         2      2133         1         2        12        10         1         0         1         1      6788
         2      2133         1         2        13         2         2         9         0         1     10841
         2      2133         1         2        14        10         2         0         1         1     29957
         2      2133         1         2        15         7         2         0         0         1      6852
         2      2133         1         2        16         2         1         9         0         1     10990
         2      2133         1         2        17         6         2         3         0         1      6741
         2      2133         1         2        18         8         1         8         1         1     22220
         2      2133         1         2        19         5         2         5         1         1      1424
         2      2133         1         2        20         1         1         9         0         1      6355
         2      2133         1         2        21         9         1         9         1         1      2842
         2      2133         1         2        22         8         2         5         0         1      2252
         2      2133         1         2        23         4         2         7         0         1      9365
         2      2133         1         2        24         5         1         5         1         1      1945
         2      2133         1         2        25         2         2         2         1         1      3528
         2      2133         1         2        26         8         2         8         1         1      4103
         2      2133         1         2        27         9         2         7         0         1     27959
         2      2133         1         2        28         4         1         7         0         1      7493
         2      2133         1         2        29         3         1         9         0         1     12614
         2      2133         1         2        30         3         2         3         1         1      7370
         2      2133         1         2        31         6         1         6         1         1     19143
         2      2133         1         2        32         1         2         1         1         1      7132
         2      2133         1         2        33         2         1         2         1         1     11708
         2      2133         1         2        34         3         2         3         1         1      7260
         2      2133         1         2        35         7         1         8         0         1      7925
         2      2133         1         2        36         8         1         8         1         1     11045
         2      2133         1         2        37        10         1         0         1         1      4144
         2      2133         1         2        38         9         2         9         1         1     17232
         2      2133         1         2        39         4         1         4         1         1      5459
         2      2133         1         2        40         9         1         9         1         1      4798
         2      2133         1         3         1         2         1         2         1         1     12960
         2      2133         1         3         2        10         2         7         0         1     14078
         2      2133         1         3         3         6         1         6         1         1      8223
         2      2133         1         3         4         9         1         9         1         1      5883
         2      2133         1         3         5         2         2         9         0         1      6964
         2      2133         1         3         6         1         1         9         0         1      7441
         2      2133         1         3         7         6         1         6         1         1      3955
         2      2133         1         3         8         4         1         4         1         1      3328
         2      2133         1         3         9         5         2         5         1         1      1392
         2      2133         1         3        10         3         2         3         1         1      6635
         2      2133         1         3        11        10         2         0         1         1      4711
         2      2133         1         3        12         8         1         8         1         1      4624
         2      2133         1         3        13         1         2         1         1         1      6523
         2      2133         1         3        14         4         2         4         1         1      4139
         2      2133         1         3        15         7         2         0         0         1      7482
         2      2133         1         3        16         9         1         9         1         1      5171
         2      2133         1         3        17         3         2         3         1         1      5145
         2      2133         1         3        18         9         2         0         0         1      9752
         2      2133         1         3        19         7         1         5         0         1     18437
         2      2133         1         3        20         2         2         2         1         1      6887
         2      2133         1         3        21         1         2         1         1         1      2527
         2      2133         1         3        22         7         1         7         1         1      5006
         2      2133         1         3        23         3         1         3         1         1      7243
         2      2133         1         3        24        10         1         0         1         1      4471
         2      2133         1         3        25         7         2         9         0         1     19943
         2      2133         1         3        26         2         1         2         1         1      3294
         2      2133         1         3        27         1         1         3         0         1      3830
         2      2133         1         3        28         8         1         8         1         1      2338
         2      2133         1         3        29         6         2         6         1         1      7634
         2      2133         1         3        30         5         1         5         1         1      1387
         2      2133         1         3        31        10         1         0         1         1      4288
         2      2133         1         3        32         6         2         6         1         1      5650
         2      2133         1         3        33         5         1         5         1         1      1395
         2      2133         1         3        34         8         2         8         1         1      4775
         2      2133         1         3        35         4         2         4         1         1      2125
         2      2133         1         3        36         3         1         9         0         1     12964
         2      2133         1         3        37         9         2         0         0         1      4315
         2      2133         1         3        38         8         2         8         1         1      1530
         2      2133         1         3        39         5         2         5         1         1      1585
         2      2133         1         3        40         4         1         4         1         1      2045
         2      2133         1         4         1         4         1         4         1         1      1642
         2      2133         1         4         2        10         2         0         1         1      5302
         2      2133         1         4         3        10         1         0         1         1      1567
         2      2133         1         4         4         5         2         5         1         1      1348
         2      2133         1         4         5         7         1         7         1         1      4906
         2      2133         1         4         6         2         2         2         1         1      1930
         2      2133         1         4         7         9         1         9         1         1      6170
         2      2133         1         4         8         1         2         1         1         1      5774
         2      2133         1         4         9         2         2         2         1         1      1579
         2      2133         1         4        10         3         1         3         1         1      5336
         2      2133         1         4        11         2         1         2         1         1      1543
         2      2133         1         4        12         5         2         5         1         1      1453
         2      2133         1         4        13         8         1         8         1         1      2311
         2      2133         1         4        14         3         2         3         1         1     10743
         2      2133         1         4        15         4         2         4         1         1      1927
         2      2133         1         4        16         7         2         7         1         1      7031
         2      2133         1         4        17         9         1         9         1         1      6386
         2      2133         1         4        18        10         2         0         1         1      3471
         2      2133         1         4        19         3         2         3         1         1      5753
         2      2133         1         4        20         8         2         8         1         1      1814
         2      2133         1         4        21         7         2         7         1         1      7026
         2      2133         1         4        22         1         1         3         0         1      6294
         2      2133         1         4        23         8         1         8         1         1      1607
         2      2133         1         4        24         6         1         6         1         1      5019
         2      2133         1         4        25         6         1         6         1         1      4071
         2      2133         1         4        26         1         1         1         1         1      2800
         2      2133         1         4        27        10         1         0         1         1      1797
         2      2133         1         4        28         9         2         0         0         1      7810
         2      2133         1         4        29         7         1         7         1         1      7087
         2      2133         1         4        30         9         2         9         1         1      5337
         2      2133         1         4        31         4         1         4         1         1      1823
         2      2133         1         4        32         5         1         5         1         1      1593
         2      2133         1         4        33         5         1         5         1         1      1973
         2      2133         1         4        34         4         2         4         1         1      1555
         2      2133         1         4        35         6         2         6         1         1      5154
         2      2133         1         4        36         1         2         1         1         1      1670
         2      2133         1         4        37         8         2         8         1         1      1415
         2      2133         1         4        38         2         1         2         1         1      1715
         2      2133         1         4        39         3         1         3         1         1      2483
         2      2133         1         4        40         6         2         6         1         1      4853
         2      2133         1         5         1         3         2         3         1         1      7945
         2      2133         1         5         2         2         1         2         1         1      1456
         2      2133         1         5         3         4         1         4         1         1      1730
         2      2133         1         5         4         3         1         3         1         1      2377
         2      2133         1         5         5         7         2         7         1         1      4710
         2      2133         1         5         6         9         1         9         1         1      5143
         2      2133         1         5         7        10         1         0         1         1      1862
         2      2133         1         5         8         7         1         9         0         1      4895
         2      2133         1         5         9         2         2         2         1         1      1535
         2      2133         1         5        10         2         1         2         1         1      2390
         2      2133         1         5        11         9         1         9         1         1      4779
         2      2133         1         5        12         3         1         3         1         1      1952
         2      2133         1         5        13         5         1         5         1         1      1268
         2      2133         1         5        14         6         1         6         1         1      4277
         2      2133         1         5        15         8         2         8         1         1      1366
         2      2133         1         5        16         6         2         6         1         1      4364
         2      2133         1         5        17        10         2         0         1         1      5035
         2      2133         1         5        18         1         2         1         1         1      1613
         2      2133         1         5        19         2         2         2         1         1      1368
         2      2133         1         5        20         4         2         4         1         1      2541
         2      2133         1         5        21         1         1         1         1         1      2171
         2      2133         1         5        22         4         2         4         1         1      1416
         2      2133         1         5        23        10         1         0         1         1      1733
         2      2133         1         5        24         5         1         5         1         1      1242
         2      2133         1         5        25         4         1         4         1         1      1493
         2      2133         1         5        26         5         2         5         1         1      1526
         2      2133         1         5        27         1         2         1         1         1      1604
         2      2133         1         5        28         8         1         8         1         1      1529
         2      2133         1         5        29         6         1         6         1         1      4480
         2      2133         1         5        30         3         2         3         1         1      4096
         2      2133         1         5        31         9         2         9         1         1      3848
         2      2133         1         5        32         6         2         6         1         1      4452
         2      2133         1         5        33         8         2         8         1         1      1245
         2      2133         1         5        34        10         2         0         1         1      1753
         2      2133         1         5        35         1         1         1         1         1      1487
         2      2133         1         5        36         8         1         8         1         1      1312
         2      2133         1         5        37         5         2         5         1         1      1336
         2      2133         1         5        38         9         2         9         1         1      2111
         2      2133         1         5        39         7         1         9         0         1      2975
         2      2133         1         5        40         7         2         7         1         1      9284
         2      2133         1         6         1         7         2         7         1         1      3781
         2      2133         1         6         2         2         1         2         1         1      1531
         2      2133         1         6         3         1         1         1         1         1      1457
         2      2133         1         6         4         1         2         1         1         1      1233
         2      2133         1         6         5         7         1         7         1         1      4828
         2      2133         1         6         6         9         2         9         1         1      3993
         2      2133         1         6         7         2         1         2         1         1      1422
         2      2133         1         6         8         4         2         4         1         1      1522
         2      2133         1         6         9         4         2         4         1         1      2274
         2      2133         1         6        10         2         2         2         1         1      2531
         2      2133         1         6        11         5         2         5         1         1      1282
         2      2133         1         6        12        10         2         0         1         1      1508
         2      2133         1         6        13         4         1         4         1         1      2148
         2      2133         1         6        14        10         2         0         1         1      1275
         2      2133         1         6        15         8         2         8         1         1      1291
         2      2133         1         6        16         3         1         3         1         1      2653
         2      2133         1         6        17         3         1         3         1         1      2727
         2      2133         1         6        18         6         2         6         1         1      3359
         2      2133         1         6        19         3         2         3         1         1      5365
         2      2133         1         6        20         8         1         8         1         1      2003
         2      2133         1         6        21         8         1         8         1         1      2863
         2      2133         1         6        22         7         2         7         1         1      2825
         2      2133         1         6        23         8         2         8         1         1      1411
         2      2133         1         6        24        10         1         0         1         1      1353
         2      2133         1         6        25         9         2         9         1         1      2648
         2      2133         1         6        26         1         2         1         1         1      1473
         2      2133         1         6        27         5         2         5         1         1      1305
         2      2133         1         6        28        10         1         0         1         1      1267
         2      2133         1         6        29         2         2         2         1         1      1444
         2      2133         1         6        30         6         1         6         1         1      3631
         2      2133         1         6        31         5         1         5         1         1      1263
         2      2133         1         6        32         7         1         6         0         1      4378
         2      2133         1         6        33         4         1         4         1         1      4846
         2      2133         1         6        34         5         1         5         1         1      1463
         2      2133         1         6        35         9         1         9         1         1      4712
         2      2133         1         6        36         6         2         6         1         1      3536
         2      2133         1         6        37         3         2         3         1         1      3878
         2      2133         1         6        38         6         1         6         1         1      3630
         2      2133         1         6        39         9         1         9         1         1      4625
         2      2133         1         6        40         1         1         1         1         1      1780
         2      2133         2         1         1         5         4         5         1         0      1591
         2      2133         2         1         2         4         2         4         1         0      1644
         2      2133         2         1         3         8         2         8         1         0      1502
         2      2133         2         1         4         7         3         4         0         0      1654
         2      2133         2         1         5         3         3         0         0         0      3097
         2      2133         2         1         6         8         1         8         1         1      1297
         2      2133         2         1         7         4         3         4         1         0      6250
         2      2133         2         1         8         4         4         4         1         0      3050
         2      2133         2         1         9         9         3         9         1         0      7253
         2      2133         2         1        10         3         4         3         1         0      7751
         2      2133         2         1        11         1         2         1         1         0      1580
         2      2133         2         1        12         4         1         4         1         1      1880
         2      2133         2         1        13         7         1         7         1         1      5369
         2      2133         2         1        14         2         1         2         1         1      1447
         2      2133         2         1        15         5         1         5         1         1      1288
         2      2133         2         1        16         6         3         6         1         0      5664
         2      2133         2         1        17        10         1         0         1         1      1419
         2      2133         2         1        18         1         1         1         1         1      2318
         2      2133         2         1        19         2         2         2         1         0      1245
         2      2133         2         1        20         1         4         1         1         0      1544
         2      2133         2         1        21         9         2         9         1         0      3104
         2      2133         2         1        22         5         3         5         1         0      3486
         2      2133         2         1        23         9         1         9         1         1      4103
         2      2133         2         1        24         6         1         6         1         1      3295
         2      2133         2         1        25        10         2         0         1         0      1465
         2      2133         2         1        26         5         2         5         1         0      1354
         2      2133         2         1        27         9         4         6         0         0     10079
         2      2133         2         1        28         3         1         3         1         1      3465
         2      2133         2         1        29         6         2         6         1         0      3252
         2      2133         2         1        30         1         3         4         0         0     10447
         2      2133         2         1        31        10         4         0         1         0      2426
         2      2133         2         1        32         2         3         2         1         0      3509
         2      2133         2         1        33         8         4         5         0         0      4366
         2      2133         2         1        34         7         4         7         1         0     10315
         2      2133         2         1        35         7         2         7         1         0      3067
         2      2133         2         1        36         6         4         6         1         0      5004
         2      2133         2         1        37         8         3         8         1         0      6910
         2      2133         2         1        38         2         4         2         1         0      1533
         2      2133         2         1        39         3         2         6         0         0      3115
         2      2133         2         1        40        10         3         0         1         0      1428
         2      2133         2         2         1         6         2         3         0         1      3421
         2      2133         2         2         2         4         3         4         1         0      2097
         2      2133         2         2         3         7         3         4         0         0      1626
         2      2133         2         2         4         1         4         9         0         0      6245
         2      2133         2         2         5         7         2         6         0         1      6376
         2      2133         2         2         6         3         3         7         0         0     10927
         2      2133         2         2         7         4         2         4         1         1      1383
         2      2133         2         2         8         4         4         4         1         0      4050
         2      2133         2         2         9         8         2         8         1         1      1483
         2      2133         2         2        10         7         4         9         0         0     12019
         2      2133         2         2        11         1         2         1         1         1      1470
         2      2133         2         2        12         5         2         5         1         1      1279
         2      2133         2         2        13         8         3         5         0         0      4022
         2      2133         2         2        14        10         1         0         1         0      1379
         2      2133         2         2        15         4         1         4         1         0      1401
         2      2133         2         2        16        10         3         0         1         0      1342
         2      2133         2         2        17         6         4         5         0         0      4637
         2      2133         2         2        18         5         1         5         1         0      1302
         2      2133         2         2        19         2         3         2         1         0      1647
         2      2133         2         2        20         9         1         9         1         0      4825
         2      2133         2         2        21         3         4         3         1         0      7645
         2      2133         2         2        22         3         1         3         1         0      3289
         2      2133         2         2        23         9         3         3         0         0      4395
         2      2133         2         2        24         6         3         6         1         0      5703
         2      2133         2         2        25        10         4         0         1         0      1679
         2      2133         2         2        26         5         4         4         0         0      1960
         2      2133         2         2        27         2         4         2         1         0      1374
         2      2133         2         2        28         8         1         8         1         0      1476
         2      2133         2         2        29         9         2         9         1         1      3998
         2      2133         2         2        30        10         2         0         1         1      1300
         2      2133         2         2        31         6         1         6         1         0      3291
         2      2133         2         2        32         7         1         7         1         0      5612
         2      2133         2         2        33         1         3         3         0         0      3506
         2      2133         2         2        34         5         3         5         1         0      1497
         2      2133         2         2        35         9         4         6         0         0     10176
         2      2133         2         2        36         2         2         2         1         1      1374
         2      2133         2         2        37         1         1         1         1         0      1626
         2      2133         2         2        38         2         1         2         1         0      1350
         2      2133         2         2        39         8         4         5         0         0      2148
         2      2133         2         2        40         3         2         3         1         1      4834
         2      2133         2         3         1         1         1         1         1         1      1521
         2      2133         2         3         2         7         4         0         0         0      4463
         2      2133         2         3         3         3         4         6         0         0      3673
         2      2133         2         3         4         1         2         1         1         0      1418
         2      2133         2         3         5         1         4         1         1         0      1397
         2      2133         2         3         6         9         2         9         1         0      2283
         2      2133         2         3         7         6         1         6         1         1      2780
         2      2133         2         3         8         2         3         2         1         0      1448
         2      2133         2         3         9         5         3         5         1         0      1410
         2      2133         2         3        10         4         3         4         1         0      3166
         2      2133         2         3        11         5         4         7         0         0     14369
         2      2133         2         3        12         7         2         7         1         0      3128
         2      2133         2         3        13        10         3         0         1         0      1552
         2      2133         2         3        14         1         3         3         0         0      3048
         2      2133         2         3        15         9         1         3         0         1      1210
         2      2133         2         3        16         2         2         2         1         0      2207
         2      2133         2         3        17         8         4         5         0         0      1810
         2      2133         2         3        18         6         3         6         1         0      3517
         2      2133         2         3        19         4         4         4         1         0      1915
         2      2133         2         3        20         5         2         5         1         0      1514
         2      2133         2         3        21         9         3         3         0         0      3027
         2      2133         2         3        22         7         1         7         1         1      5262
         2      2133         2         3        23        10         2         0         1         0      1369
         2      2133         2         3        24        10         1         0         1         1      1264
         2      2133         2         3        25         4         1         4         1         1      1449
         2      2133         2         3        26         7         3         4         0         0      1387
         2      2133         2         3        27         2         4         2         1         0      1488
         2      2133         2         3        28         3         2         3         1         0      4545
         2      2133         2         3        29         2         1         2         1         1      1384
         2      2133         2         3        30         3         3         0         0         0      2502
         2      2133         2         3        31         6         4         6         1         0      7150
         2      2133         2         3        32         3         1         3         1         1      3412
         2      2133         2         3        33         6         2         6         1         0      2785
         2      2133         2         3        34         4         2         4         1         0      1559
         2      2133         2         3        35        10         4         0         1         0      1444
         2      2133         2         3        36         9         4         5         0         0      6670
         2      2133         2         3        37         8         1         8         1         1      1440
         2      2133         2         3        38         8         3         8         1         0      1440
         2      2133         2         3        39         5         1         5         1         1      1594
         2      2133         2         3        40         8         2         8         1         0      1438
         2      2133         2         4         1         7         3         4         0         0      1530
         2      2133         2         4         2         1         4         1         1         0      1530
         2      2133         2         4         3         9         3         9         1         0      5306
         2      2133         2         4         4        10         4         0         1         0      1522
         2      2133         2         4         5         7         4         4         0         0      5273
         2      2133         2         4         6         8         3         8         1         0      2017
         2      2133         2         4         7         1         1         1         1         0      1349
         2      2133         2         4         8         7         1         7         1         0      6155
         2      2133         2         4         9         5         1         5         1         0      1303
         2      2133         2         4        10         2         3         2         1         0      1527
         2      2133         2         4        11         3         3         3         1         0      2815
         2      2133         2         4        12         9         4         7         0         0      2715
         2      2133         2         4        13         1         3         9         0         0      8475
         2      2133         2         4        14         2         1         2         1         0      1878
         2      2133         2         4        15         8         1         8         1         0      2535
         2      2133         2         4        16         2         4         2         1         0      1270
         2      2133         2         4        17         6         1         6         1         0      4072
         2      2133         2         4        18         5         3         5         1         0     12440
         2      2133         2         4        19         1         2         1         1         1      1362
         2      2133         2         4        20        10         3         0         1         0      1488
         2      2133         2         4        21         6         4         4         0         0      2689
         2      2133         2         4        22        10         2         0         1         1      1243
         2      2133         2         4        23         7         2         7         1         1     16038
         2      2133         2         4        24         3         4         3         1         0      4578
         2      2133         2         4        25         3         2         3         1         1      4967
         2      2133         2         4        26         4         2         4         1         1      1517
         2      2133         2         4        27         6         3         6         1         0      5997
         2      2133         2         4        28         8         4         5         0         0      4569
         2      2133         2         4        29         4         3         4         1         0      1479
         2      2133         2         4        30         9         2         9         1         1      2985
         2      2133         2         4        31         3         1         3         1         0      2175
         2      2133         2         4        32        10         1         0         1         0      1350
         2      2133         2         4        33         4         4         4         1         0      1736
         2      2133         2         4        34         2         2         2         1         1      1382
         2      2133         2         4        35         6         2         6         1         1      2939
         2      2133         2         4        36         9         1         9         1         0      6906
         2      2133         2         4        37         5         2         5         1         1      1330
         2      2133         2         4        38         4         1         4         1         0      1472
         2      2133         2         4        39         5         4         4         0         0      3818
         2      2133         2         4        40         8         2         8         1         1      1388
