Condition Subject Session Block Trial Subtype Token Response Correct Feedback RT 
         2      2050         1         1         1         6         2         2         0         1     20619
         2      2050         1         1         2        10         1         0         1         1      3646
         2      2050         1         1         3         1         2         3         0         1     17191
         2      2050         1         1         4         1         2         1         1         1      2818
         2      2050         1         1         5         7         2         2         0         1      7294
         2      2050         1         1         6         5         2         4         0         1      5397
         2      2050         1         1         7         4         2         3         0         1      6777
         2      2050         1         1         8         6         1         7         0         1      5045
         2      2050         1         1         9         7         1         8         0         1      4807
         2      2050         1         1        10         8         1         8         1         1      2658
         2      2050         1         1        11         4         1         9         0         1      2963
         2      2050         1         1        12         9         1         9         1         1      2169
         2      2050         1         1        13         3         2         2         0         1      5662
         2      2050         1         1        14         3         1         2         0         1      3256
         2      2050         1         1        15         7         1         6         0         1      3042
         2      2050         1         1        16         7         2         8         0         1      7140
         2      2050         1         1        17         8         1         2         0         1     15091
         2      2050         1         1        18         2         1         6         0         1     14371
         2      2050         1         1        19         4         2         8         0         1      5088
         2      2050         1         1        20         2         2         3         0         1     11504
         2      2050         1         1        21         2         2         2         1         1      1647
         2      2050         1         1        22         3         1         7         0         1      9962
         2      2050         1         1        23         8         2         5         0         1      2454
         2      2050         1         1        24        10         2         0         1         1      2129
         2      2050         1         1        25         9         2         6         0         1      7944
         2      2050         1         1        26         5         2         5         1         1      1702
         2      2050         1         1        27         6         2         6         1         1      6990
         2      2050         1         1        28         5         1         5         1         1      1777
         2      2050         1         1        29         5         1         5         1         1      1396
         2      2050         1         1        30         8         2         5         0         1      2999
         2      2050         1         1        31         1         1         6         0         1      3641
         2      2050         1         1        32         9         2         1         0         1      2291
         2      2050         1         1        33         9         1         2         0         1      2100
         2      2050         1         1        34         3         2         5         0         1      4764
         2      2050         1         1        35         6         1         7         0         1      3401
         2      2050         1         1        36         4         1         0         0         1      8189
         2      2050         1         1        37        10         2         0         1         1      1570
         2      2050         1         1        38        10         1         0         1         1      2192
         2      2050         1         1        39         2         1         7         0         1      5156
         2      2050         1         1        40         1         1         3         0         1      3521
         2      2050         1         2         1         8         1         5         0         1      1470
         2      2050         1         2         2         1         1         1         1         1      2654
         2      2050         1         2         3         5         2         5         1         1      1856
         2      2050         1         2         4         7         1         6         0         1     20626
         2      2050         1         2         5         6         2         3         0         1      6900
         2      2050         1         2         6        10         1         0         1         1      1757
         2      2050         1         2         7        10         2         0         1         1      1027
         2      2050         1         2         8         3         2         9         0         1      5029
         2      2050         1         2         9         9         1         4         0         1      3095
         2      2050         1         2        10         5         1         5         1         1      4582
         2      2050         1         2        11         2         1         4         0         1      3690
         2      2050         1         2        12         8         2         5         0         1      2338
         2      2050         1         2        13         4         2         6         0         1      5664
         2      2050         1         2        14         4         1         2         0         1      5560
         2      2050         1         2        15         7         2         4         0         1      1366
         2      2050         1         2        16         9         2         6         0         1      7116
         2      2050         1         2        17         2         1         2         1         1      2060
         2      2050         1         2        18         1         2         2         0         1      2213
         2      2050         1         2        19         8         1         6         0         1      8984
         2      2050         1         2        20         5         2         5         1         1      1212
         2      2050         1         2        21         6         1         2         0         1      4519
         2      2050         1         2        22         9         2         6         0         1      2575
         2      2050         1         2        23         4         2         8         0         1      2484
         2      2050         1         2        24         8         2         5         0         1      1564
         2      2050         1         2        25         5         1         5         1         1      1032
         2      2050         1         2        26         2         2         1         0         1      4537
         2      2050         1         2        27         3         1         3         1         1      2368
         2      2050         1         2        28         7         2         3         0         1      1006
         2      2050         1         2        29        10         2         0         1         1      2482
         2      2050         1         2        30         2         2         3         0         1      5019
         2      2050         1         2        31         1         2         6         0         1      4797
         2      2050         1         2        32         6         2         5         0         1      2650
         2      2050         1         2        33         9         1         7         0         1      1820
         2      2050         1         2        34         4         1         3         0         1      1855
         2      2050         1         2        35         3         2         2         0         1      2913
         2      2050         1         2        36         7         1         3         0         1      2712
         2      2050         1         2        37         6         1         6         1         1      6952
         2      2050         1         2        38         3         1         7         0         1      3662
         2      2050         1         2        39        10         1         0         1         1      1016
         2      2050         1         2        40         1         1         4         0         1      4314
         2      2050         1         3         1         2         2         4         0         1     13394
         2      2050         1         3         2         9         1         4         0         1      4390
         2      2050         1         3         3         9         1         9         1         1      1827
         2      2050         1         3         4         8         1         5         0         1      1446
         2      2050         1         3         5        10         2         0         1         1      1689
         2      2050         1         3         6         1         1         1         1         1      1249
         2      2050         1         3         7         2         1         9         0         1      5579
         2      2050         1         3         8         3         2         5         0         1      3016
         2      2050         1         3         9         3         2         3         1         1     11531
         2      2050         1         3        10         8         2         5         0         1      2456
         2      2050         1         3        11         2         1         2         1         1      1762
         2      2050         1         3        12         7         2         4         0         1      4744
         2      2050         1         3        13         1         2         1         1         1      4533
         2      2050         1         3        14         3         1         4         0         1      4412
         2      2050         1         3        15         1         2         1         1         1      1239
         2      2050         1         3        16         7         1         0         0         1      5617
         2      2050         1         3        17         6         1         6         1         1      2381
         2      2050         1         3        18         7         1         7         1         1      4282
         2      2050         1         3        19         5         2         5         1         1      3162
         2      2050         1         3        20         6         2         4         0         1      9816
         2      2050         1         3        21         9         2         4         0         1     10860
         2      2050         1         3        22         5         2         5         1         1      1125
         2      2050         1         3        23         7         2         4         0         1      4596
         2      2050         1         3        24        10         1         0         1         1      1529
         2      2050         1         3        25         9         2         7         0         1     16216
         2      2050         1         3        26         4         2         8         0         1      2571
         2      2050         1         3        27        10         1         0         1         1      1362
         2      2050         1         3        28         5         1         5         1         1      1350
         2      2050         1         3        29         4         1         2         0         1      2892
         2      2050         1         3        30         3         1         6         0         1      1700
         2      2050         1         3        31         6         2         6         1         1      2765
         2      2050         1         3        32         6         1         6         1         1      1658
         2      2050         1         3        33         8         2         5         0         1      2146
         2      2050         1         3        34         2         2         9         0         1      1944
         2      2050         1         3        35         4         1         9         0         1      4486
         2      2050         1         3        36         4         2         8         0         1      3263
         2      2050         1         3        37         5         1         5         1         1      1255
         2      2050         1         3        38        10         2         6         0         1      6322
         2      2050         1         3        39         8         1         9         0         1      4050
         2      2050         1         3        40         1         1         1         1         1      1099
         2      2050         1         4         1         4         2         7         0         1     12956
         2      2050         1         4         2         4         2         4         1         1       658
         2      2050         1         4         3         6         1         6         1         1      1219
         2      2050         1         4         4         4         1         4         1         1      2446
         2      2050         1         4         5         7         2         4         0         1      1176
         2      2050         1         4         6         9         1         7         0         1      2166
         2      2050         1         4         7         3         1         4         0         1      4203
         2      2050         1         4         8         1         1         1         1         1      1118
         2      2050         1         4         9         5         2         5         1         1      1389
         2      2050         1         4        10         6         2         6         1         1      1698
         2      2050         1         4        11        10         2         0         1         1      1978
         2      2050         1         4        12         8         2         8         1         1      2694
         2      2050         1         4        13         6         2         6         1         1      1319
         2      2050         1         4        14         2         1         2         1         1      1391
         2      2050         1         4        15         3         2         6         0         1      2307
         2      2050         1         4        16         5         1         5         1         1      1889
         2      2050         1         4        17         1         1         1         1         1       752
         2      2050         1         4        18         5         2         5         1         1      1502
         2      2050         1         4        19        10         1         0         1         1      1695
         2      2050         1         4        20         2         1         2         1         1       967
         2      2050         1         4        21         2         2         2         1         1      1483
         2      2050         1         4        22         4         1         3         0         1      2716
         2      2050         1         4        23         9         2         3         0         1      1788
         2      2050         1         4        24         6         1         6         1         1      1360
         2      2050         1         4        25        10         2         8         0         1      1671
         2      2050         1         4        26         7         2         7         1         1      2385
         2      2050         1         4        27         8         1         6         0         1      2573
         2      2050         1         4        28         9         1         7         0         1      1907
         2      2050         1         4        29         7         1         7         1         1      1971
         2      2050         1         4        30         8         1         8         1         1      2192
         2      2050         1         4        31         7         1         7         1         1      2068
         2      2050         1         4        32         1         2         1         1         1      1212
         2      2050         1         4        33         9         2         2         0         1      1336
         2      2050         1         4        34         3         2         6         0         1      1311
         2      2050         1         4        35         2         2         2         1         1      1158
         2      2050         1         4        36         3         1         5         0         1      2036
         2      2050         1         4        37         8         2         8         1         1      2254
         2      2050         1         4        38         5         1         5         1         1      1261
         2      2050         1         4        39        10         1         9         0         1      1080
         2      2050         1         4        40         1         2         1         1         1       696
         2      2050         1         5         1         6         2         6         1         1      2815
         2      2050         1         5         2         6         1         6         1         1       618
         2      2050         1         5         3         7         1         7         1         1      1758
         2      2050         1         5         4         9         2         2         0         1      1316
         2      2050         1         5         5         4         2         8         0         1      4459
         2      2050         1         5         6         3         1         3         1         1      6708
         2      2050         1         5         7         1         2         1         1         1       834
         2      2050         1         5         8         6         1         6         1         1      1260
         2      2050         1         5         9         2         2         2         1         1       805
         2      2050         1         5        10         7         2         3         0         1      2305
         2      2050         1         5        11         5         1         5         1         1      1632
         2      2050         1         5        12         2         1         2         1         1      1035
         2      2050         1         5        13         2         1         2         1         1       510
         2      2050         1         5        14        10         1         0         1         1      1462
         2      2050         1         5        15         6         2         6         1         1      3048
         2      2050         1         5        16         7         2         7         1         1      2043
         2      2050         1         5        17         3         2         6         0         1      3861
         2      2050         1         5        18         9         1         9         1         1      1670
         2      2050         1         5        19         5         1         5         1         1      1198
         2      2050         1         5        20         8         1         8         1         1      4650
         2      2050         1         5        21         8         2         8         1         1      1275
         2      2050         1         5        22        10         2         0         1         1      1876
         2      2050         1         5        23         9         1         9         1         1      1364
         2      2050         1         5        24         4         1         4         1         1      3338
         2      2050         1         5        25         7         1         7         1         1      1664
         2      2050         1         5        26         5         2         5         1         1      1113
         2      2050         1         5        27         4         1         4         1         1      4264
         2      2050         1         5        28         9         2         2         0         1      1546
         2      2050         1         5        29         1         1         1         1         1      1863
         2      2050         1         5        30         2         2         2         1         1       856
         2      2050         1         5        31         8         1         8         1         1      1473
         2      2050         1         5        32         1         1         1         1         1       657
         2      2050         1         5        33         5         2         5         1         1      1314
         2      2050         1         5        34        10         2         0         1         1      1642
         2      2050         1         5        35         3         1         9         0         1      1781
         2      2050         1         5        36        10         1         0         1         1       859
         2      2050         1         5        37         1         2         1         1         1       979
         2      2050         1         5        38         8         2         8         1         1      1479
         2      2050         1         5        39         3         2         6         0         1      3303
         2      2050         1         5        40         4         2         8         0         1      4190
         2      2050         1         6         1         2         1         2         1         1       821
         2      2050         1         6         2         4         1         9         0         1      1424
         2      2050         1         6         3         1         1         1         1         1       706
         2      2050         1         6         4         8         2         8         1         1      1425
         2      2050         1         6         5         3         1         9         0         1      1604
         2      2050         1         6         6         3         2         6         0         1      5312
         2      2050         1         6         7         6         2         6         1         1      7175
         2      2050         1         6         8         4         2         8         0         1      2836
         2      2050         1         6         9         2         1         2         1         1       735
         2      2050         1         6        10         5         1         5         1         1      1132
         2      2050         1         6        11         7         2         9         0         1      1323
         2      2050         1         6        12         9         2         2         0         1      1138
         2      2050         1         6        13        10         2         0         1         1      1250
         2      2050         1         6        14         1         2         1         1         1       652
         2      2050         1         6        15         6         1         6         1         1      2861
         2      2050         1         6        16         2         2         2         1         1       773
         2      2050         1         6        17        10         1         0         1         1       755
         2      2050         1         6        18         7         2         4         0         1      3730
         2      2050         1         6        19         1         1         1         1         1       696
         2      2050         1         6        20         1         2         1         1         1       615
         2      2050         1         6        21         8         2         8         1         1      1642
         2      2050         1         6        22         5         1         5         1         1      1122
         2      2050         1         6        23         2         2         2         1         1       896
         2      2050         1         6        24         5         2         5         1         1       999
         2      2050         1         6        25         9         1         9         1         1      1804
         2      2050         1         6        26         4         2         4         1         1      3055
         2      2050         1         6        27         6         1         6         1         1      1281
         2      2050         1         6        28        10         2         0         1         1      1243
         2      2050         1         6        29        10         1         0         1         1       725
         2      2050         1         6        30         6         2         6         1         1      1893
         2      2050         1         6        31         5         2         5         1         1      1476
         2      2050         1         6        32         3         1         9         0         1      1142
         2      2050         1         6        33         4         1         3         0         1      1252
         2      2050         1         6        34         9         2         7         0         1      3790
         2      2050         1         6        35         8         1         8         1         1      1843
         2      2050         1         6        36         7         1         7         1         1      3605
         2      2050         1         6        37         8         1         8         1         1      1090
         2      2050         1         6        38         7         1         7         1         1       818
         2      2050         1         6        39         3         2         9         0         1      2909
         2      2050         1         6        40         9         1         9         1         1       869
         2      2050         2         1         1        10         3         0         1         0      1338
         2      2050         2         1         2         7         2         7         1         0      3953
         2      2050         2         1         3         4         1         4         1         1      2303
         2      2050         2         1         4         4         3         0         0         0      2032
         2      2050         2         1         5         1         1         1         1         1       969
         2      2050         2         1         6         5         1         5         1         1      1117
         2      2050         2         1         7         2         4         2         1         0      1229
         2      2050         2         1         8         2         1         2         1         1       776
         2      2050         2         1         9         4         2         3         0         0      4228
         2      2050         2         1        10         4         4         3         0         0      2597
         2      2050         2         1        11         6         4         7         0         0      2265
         2      2050         2         1        12         9         1         9         1         1      1082
         2      2050         2         1        13         1         2         1         1         0       681
         2      2050         2         1        14         3         1         9         0         1       970
         2      2050         2         1        15         3         2         6         0         0      4767
         2      2050         2         1        16         3         3         3         1         0      2653
         2      2050         2         1        17         8         1         8         1         1      1744
         2      2050         2         1        18         8         3         8         1         0      1157
         2      2050         2         1        19        10         1         0         1         1      1092
         2      2050         2         1        20         2         3         2         1         0       772
         2      2050         2         1        21         9         3         9         1         0      2210
         2      2050         2         1        22         5         2         5         1         0      1236
         2      2050         2         1        23         7         1         7         1         1      2272
         2      2050         2         1        24         1         4         1         1         0      1457
         2      2050         2         1        25         9         2         9         1         0      2115
         2      2050         2         1        26         9         4         9         1         0      2250
         2      2050         2         1        27        10         2         0         1         0       749
         2      2050         2         1        28         5         4         5         1         0      1979
         2      2050         2         1        29         8         2         8         1         0      1463
         2      2050         2         1        30         8         4         6         0         0      1560
         2      2050         2         1        31         6         2         6         1         0      1846
         2      2050         2         1        32         7         3         2         0         0      1160
         2      2050         2         1        33         6         1         6         1         1       853
         2      2050         2         1        34         6         3         4         0         0      6959
         2      2050         2         1        35        10         4         0         1         0       884
         2      2050         2         1        36         5         3         6         0         0     11132
         2      2050         2         1        37         3         4         4         0         0      3067
         2      2050         2         1        38         7         4         3         0         0      1692
         2      2050         2         1        39         2         2         2         1         0       772
         2      2050         2         1        40         1         3         9         0         0      1873
         2      2050         2         2         1         6         1         6         1         0      1249
         2      2050         2         2         2         1         3         9         0         0      1083
         2      2050         2         2         3         7         3         2         0         0       988
         2      2050         2         2         4         9         1         9         1         0      1089
         2      2050         2         2         5        10         2         0         1         1       755
         2      2050         2         2         6         7         2         7         1         1      2065
         2      2050         2         2         7         6         2         6         1         1      1035
         2      2050         2         2         8         1         2         1         1         1       684
         2      2050         2         2         9         4         4         2         0         0      2155
         2      2050         2         2        10         5         4         5         1         0      1136
         2      2050         2         2        11         8         4         6         0         0      1519
         2      2050         2         2        12         2         3         2         1         0       863
         2      2050         2         2        13         8         1         8         1         0      1465
         2      2050         2         2        14         1         1         1         1         0      1144
         2      2050         2         2        15        10         4         0         1         0      1030
         2      2050         2         2        16        10         1         0         1         0       554
         2      2050         2         2        17         1         4         1         1         0       816
         2      2050         2         2        18         5         2         5         1         1      1035
         2      2050         2         2        19         9         4         9         1         0      1437
         2      2050         2         2        20         4         1         4         1         0      1551
         2      2050         2         2        21         3         1         3         1         0      7918
         2      2050         2         2        22         9         2         9         1         1      1166
         2      2050         2         2        23         5         3         5         1         0      3930
         2      2050         2         2        24        10         3         0         1         0       618
         2      2050         2         2        25         4         3         8         0         0      1838
         2      2050         2         2        26         4         2         8         0         1      2672
         2      2050         2         2        27         2         1         2         1         0       897
         2      2050         2         2        28         7         1         7         1         0      3257
         2      2050         2         2        29         3         4         4         0         0      6595
         2      2050         2         2        30         2         2         2         1         1       678
         2      2050         2         2        31         6         4         6         1         0      2950
         2      2050         2         2        32         8         2         8         1         1      1532
         2      2050         2         2        33         5         1         5         1         0      1209
         2      2050         2         2        34         7         4         3         0         0      1653
         2      2050         2         2        35         9         3         9         1         0      1087
         2      2050         2         2        36         3         2         3         1         1      6624
         2      2050         2         2        37         3         3         7         0         0      7219
         2      2050         2         2        38         8         3         8         1         0      1726
         2      2050         2         2        39         6         3         7         0         0      2101
         2      2050         2         2        40         2         4         2         1         0       813
         2      2050         2         3         1         7         1         7         1         1      2184
         2      2050         2         3         2        10         4         0         1         0       685
         2      2050         2         3         3         2         4         2         1         0       765
         2      2050         2         3         4         5         3         6         0         0      1482
         2      2050         2         3         5         4         1         4         1         1      3418
         2      2050         2         3         6         2         1         2         1         1       814
         2      2050         2         3         7         5         4         7         0         0      5177
         2      2050         2         3         8         6         4         2         0         0      1238
         2      2050         2         3         9         8         1         8         1         1      1297
         2      2050         2         3        10         4         3         0         0         0      4650
         2      2050         2         3        11         9         2         9         1         0      1004
         2      2050         2         3        12         2         3         2         1         0       817
         2      2050         2         3        13         3         3         9         0         0      2381
         2      2050         2         3        14         9         1         9         1         1      1099
         2      2050         2         3        15         8         3         5         0         0      2297
         2      2050         2         3        16         8         2         8         1         0      1401
         2      2050         2         3        17         7         3         2         0         0      1052
         2      2050         2         3        18        10         3         0         1         0      1743
         2      2050         2         3        19         1         2         1         1         0       676
         2      2050         2         3        20         9         3         9         1         0      1093
         2      2050         2         3        21         3         4         9         0         0      2389
         2      2050         2         3        22         8         4         6         0         0      1489
         2      2050         2         3        23         7         2         7         1         0      2241
         2      2050         2         3        24         4         2         8         0         0      3524
         2      2050         2         3        25         1         3         7         0         0      3219
         2      2050         2         3        26         5         2         5         1         0       894
         2      2050         2         3        27        10         2         0         1         0       775
         2      2050         2         3        28         7         4         3         0         0      5348
         2      2050         2         3        29         6         1         6         1         1      1466
         2      2050         2         3        30         6         2         6         1         0      1051
         2      2050         2         3        31         3         2         7         0         0      2637
         2      2050         2         3        32        10         1         0         1         1       817
         2      2050         2         3        33         1         1         1         1         1       731
         2      2050         2         3        34         5         1         5         1         1      1833
         2      2050         2         3        35         9         4         9         1         0      2523
         2      2050         2         3        36         2         2         2         1         0      1650
         2      2050         2         3        37         6         3         3         0         0      2332
         2      2050         2         3        38         3         1         4         0         1      2475
         2      2050         2         3        39         1         4         1         1         0      1109
         2      2050         2         3        40         4         4         1         0         0      1634
         2      2050         2         4         1         9         1         9         1         0      2085
         2      2050         2         4         2         4         4         1         0         0      3148
         2      2050         2         4         3         3         2         7         0         1      2586
         2      2050         2         4         4         5         2         5         1         1      1678
         2      2050         2         4         5         2         2         2         1         1       679
         2      2050         2         4         6         7         3         2         0         0       856
         2      2050         2         4         7         2         4         2         1         0       960
         2      2050         2         4         8         6         2         6         1         1      1637
         2      2050         2         4         9         4         2         0         0         1      2384
         2      2050         2         4        10         4         3         4         1         0       909
         2      2050         2         4        11         1         2         1         1         1       676
         2      2050         2         4        12         6         1         6         1         0      1124
         2      2050         2         4        13         1         1         1         1         0       610
         2      2050         2         4        14         9         4         3         0         0      4309
         2      2050         2         4        15         1         4         1         1         0       789
         2      2050         2         4        16         6         3         7         0         0      3217
         2      2050         2         4        17        10         3         0         1         0       702
         2      2050         2         4        18         7         2         7         1         1      1519
         2      2050         2         4        19         5         4         7         0         0      1005
         2      2050         2         4        20         9         2         9         1         1      1090
         2      2050         2         4        21        10         2         0         1         1       818
         2      2050         2         4        22         3         1         7         0         0      2190
         2      2050         2         4        23         3         4         4         0         0       963
         2      2050         2         4        24         2         1         2         1         0       936
         2      2050         2         4        25         9         3         9         1         0      2192
         2      2050         2         4        26         3         3         4         0         0      1861
         2      2050         2         4        27         7         1         7         1         0      1623
         2      2050         2         4        28         5         3         5         1         0      2481
         2      2050         2         4        29         8         3         6         0         0      1208
         2      2050         2         4        30         1         3         7         0         0      2069
         2      2050         2         4        31         5         1         5         1         0      1340
         2      2050         2         4        32         4         1         4         1         0      1650
         2      2050         2         4        33         6         4         2         0         0      4124
         2      2050         2         4        34         8         1         8         1         0      3443
         2      2050         2         4        35         7         4         9         0         0      2405
         2      2050         2         4        36         8         4         6         0         0      1408
         2      2050         2         4        37         2         3         2         1         0       947
         2      2050         2         4        38        10         1         0         1         0       778
         2      2050         2         4        39         8         2         8         1         1      1366
         2      2050         2         4        40        10         4         0         1         0       651
