Condition Subject Session Block Trial Subtype Token Response Correct Feedback RT 
         1      1037         1         1         1         3         1         5         0         1     10602
         1      1037         1         1         2         4         1         6         0         1      1131
         1      1037         1         1         3         3         2         4         0         1        34
         1      1037         1         1         4         8         2         7         0         1      1220
         1      1037         1         1         5         4         1         4         1         1       128
         1      1037         1         1         6         3         1         5         0         1       215
         1      1037         1         1         7         5         2         7         0         1        42
         1      1037         1         1         8         9         1         7         0         1         0
         1      1037         1         1         9         9         2         5         0         1       152
         1      1037         1         1        10         2         1         6         0         1      5494
         1      1037         1         1        11         6         1         6         1         1      2591
         1      1037         1         1        12        10         2         1         0         1      2219
         1      1037         1         1        13         1         2         2         0         1       221
         1      1037         1         1        14         6         2         4         0         1       150
         1      1037         1         1        15         4         2         8         0         1         0
         1      1037         1         1        16         7         2         4         0         1       197
         1      1037         1         1        17         3         2         4         0         1       218
         1      1037         1         1        18        10         1         8         0         1       114
         1      1037         1         1        19         8         1         5         0         1       142
         1      1037         1         1        20         1         2         6         0         1        71
         1      1037         1         1        21         8         2         7         0         1      1692
         1      1037         1         1        22         7         1         8         0         1        71
         1      1037         1         1        23         2         2         0         0         1        98
         1      1037         1         1        24         2         2         6         0         1      1204
         1      1037         1         1        25        10         1         9         0         1       298
         1      1037         1         1        26         7         1         4         0         1         0
         1      1037         1         1        27         1         1         7         0         1       207
         1      1037         1         1        28         9         1         3         0         1       204
         1      1037         1         1        29         1         1         9         0         1       137
         1      1037         1         1        30         5         2         4         0         1        48
         1      1037         1         1        31         5         1         8         0         1       210
         1      1037         1         1        32         6         2         6         1         1       112
         1      1037         1         1        33         8         1         6         0         1       249
         1      1037         1         1        34        10         2         3         0         1         0
         1      1037         1         1        35         5         1         3         0         1         2
         1      1037         1         1        36         4         2         9         0         1       273
         1      1037         1         1        37         6         1         3         0         1       180
         1      1037         1         1        38         2         1         4         0         1       251
         1      1037         1         1        39         9         2         7         0         1       237
         1      1037         1         1        40         7         2         4         0         1       202
         1      1037         1         2         1        10         2         5         0         1      3244
         1      1037         1         2         2         5         1         3         0         1       921
         1      1037         1         2         3         2         1         4         0         1       234
         1      1037         1         2         4         9         1         9         1         1       358
         1      1037         1         2         5         1         2         4         0         1       284
         1      1037         1         2         6         9         2         5         0         1       334
         1      1037         1         2         7         3         2         8         0         1       199
         1      1037         1         2         8        10         1         9         0         1       211
         1      1037         1         2         9         7         2         3         0         1       234
         1      1037         1         2        10         6         2         9         0         1       246
         1      1037         1         2        11         8         1         3         0         1       192
         1      1037         1         2        12         9         2         4         0         1       199
         1      1037         1         2        13         2         1         8         0         1       213
         1      1037         1         2        14         3         2         3         1         1       202
         1      1037         1         2        15         6         1         9         0         1       222
         1      1037         1         2        16        10         1         4         0         1        99
         1      1037         1         2        17         7         2         5         0         1       261
         1      1037         1         2        18         5         2         8         0         1       177
         1      1037         1         2        19         4         2         3         0         1       175
         1      1037         1         2        20         8         2         8         1         1       206
         1      1037         1         2        21         1         1         4         0         1       212
         1      1037         1         2        22         9         1         9         1         1       129
         1      1037         1         2        23         4         1         4         1         1       185
         1      1037         1         2        24         6         1         8         0         1       224
         1      1037         1         2        25         4         2         3         0         1       237
         1      1037         1         2        26         1         2         8         0         1       484
         1      1037         1         2        27         8         2         2         0         1       230
         1      1037         1         2        28         8         1         1         0         1       194
         1      1037         1         2        29         5         2         1         0         1       201
         1      1037         1         2        30         7         1         1         0         1       238
         1      1037         1         2        31         2         2         1         0         1       210
         1      1037         1         2        32         2         2         2         1         1       489
         1      1037         1         2        33         4         1         3         0         1       234
         1      1037         1         2        34         7         1         7         1         1       295
         1      1037         1         2        35         5         1         3         0         1       234
         1      1037         1         2        36        10         2         4         0         1       189
         1      1037         1         2        37         1         1         8         0         1       203
         1      1037         1         2        38         6         2         2         0         1       185
         1      1037         1         2        39         3         1         8         0         1         7
         1      1037         1         2        40         3         1         8         0         1       238
         1      1037         1         3         1         7         1         8         0         1       236
         1      1037         1         3         2        10         1         5         0         1      1840
         1      1037         1         3         3         6         2         6         1         1      1612
         1      1037         1         3         4         1         1         7         0         1       673
         1      1037         1         3         5        10         2         3         0         1       373
         1      1037         1         3         6         2         1         6         0         1      1004
         1      1037         1         3         7         8         2         4         0         1       418
         1      1037         1         3         8         9         1         8         0         1       455
         1      1037         1         3         9         5         2         3         0         1       243
         1      1037         1         3        10         7         2         6         0         1       376
         1      1037         1         3        11         8         2         5         0         1       262
         1      1037         1         3        12         3         2         1         0         1       258
         1      1037         1         3        13         4         1         3         0         1       158
         1      1037         1         3        14         5         1         4         0         1       358
         1      1037         1         3        15         6         1         8         0         1       222
         1      1037         1         3        16         9         1         4         0         1       275
         1      1037         1         3        17         7         2         4         0         1       367
         1      1037         1         3        18         3         2         3         1         1       190
         1      1037         1         3        19         2         1         4         0         1       293
         1      1037         1         3        20         8         1         3         0         1       127
         1      1037         1         3        21         6         2         8         0         1       182
         1      1037         1         3        22        10         2         9         0         1       237
         1      1037         1         3        23         1         2         3         0         1       226
         1      1037         1         3        24         5         1         4         0         1       223
         1      1037         1         3        25         4         1         9         0         1       236
         1      1037         1         3        26         1         1         3         0         1       232
         1      1037         1         3        27         1         2         9         0         1       537
         1      1037         1         3        28         4         2         3         0         1       352
         1      1037         1         3        29         7         1         8         0         1       392
         1      1037         1         3        30         2         2         7         0         1       327
         1      1037         1         3        31         9         2         5         0         1       225
         1      1037         1         3        32         9         2         4         0         1       293
         1      1037         1         3        33         5         2         8         0         1       208
         1      1037         1         3        34         2         2         9         0         1       262
         1      1037         1         3        35        10         1         3         0         1         0
         1      1037         1         3        36         4         2         4         1         1       199
         1      1037         1         3        37         6         1         5         0         1       405
         1      1037         1         3        38         3         1         4         0         1       659
         1      1037         1         3        39         3         1         9         0         1       286
         1      1037         1         3        40         8         1         8         1         1       640
         1      1037         1         4         1         3         1         8         0         1       273
         1      1037         1         4         2        10         1         4         0         1       204
         1      1037         1         4         3         4         2         4         1         1       251
         1      1037         1         4         4         1         2         8         0         1       262
         1      1037         1         4         5         7         1         3         0         1       154
         1      1037         1         4         6         2         2         8         0         1        10
         1      1037         1         4         7         1         1         3         0         1       126
         1      1037         1         4         8         9         2         3         0         1         0
         1      1037         1         4         9        10         2         3         0         1       194
         1      1037         1         4        10         5         2         3         0         1       432
         1      1037         1         4        11         9         1         8         0         1       290
         1      1037         1         4        12         7         1         3         0         1       157
         1      1037         1         4        13         6         1         4         0         1       213
         1      1037         1         4        14         2         1         8         0         1       338
         1      1037         1         4        15         3         1         8         0         1       305
         1      1037         1         4        16         6         2         3         0         1       186
         1      1037         1         4        17        10         1         8         0         1       233
         1      1037         1         4        18         6         2         9         0         1       163
         1      1037         1         4        19         3         2         3         1         1       339
         1      1037         1         4        20         6         1         6         1         1       540
         1      1037         1         4        21         7         2         2         0         1       669
         1      1037         1         4        22         2         2         8         0         1       382
         1      1037         1         4        23         5         1         3         0         1       685
         1      1037         1         4        24         8         2         4         0         1       575
         1      1037         1         4        25         7         2         3         0         1       430
         1      1037         1         4        26         5         2         3         0         1       443
         1      1037         1         4        27         8         2         9         0         1       440
         1      1037         1         4        28         1         2         8         0         1       509
         1      1037         1         4        29         1         1         2         0         1       238
         1      1037         1         4        30         9         2         9         1         1       209
         1      1037         1         4        31         4         1         8         0         1       383
         1      1037         1         4        32         3         2         3         1         1       846
         1      1037         1         4        33         4         1         8         0         1       506
         1      1037         1         4        34        10         2         3         0         1       604
         1      1037         1         4        35         9         1         3         0         1       472
         1      1037         1         4        36         8         1         9         0         1       386
         1      1037         1         4        37         5         1         3         0         1       264
         1      1037         1         4        38         8         1         8         1         1       219
         1      1037         1         4        39         4         2         2         0         1       262
         1      1037         1         4        40         2         1         3         0         1       537
         1      1037         1         5         1         2         1         2         1         1       441
         1      1037         1         5         2         1         2         3         0         1       412
         1      1037         1         5         3         1         2         9         0         1       450
         1      1037         1         5         4         5         1         8         0         1       340
         1      1037         1         5         5         7         1         3         0         1       261
         1      1037         1         5         6         9         1         2         0         1       256
         1      1037         1         5         7         6         1         3         0         1       227
         1      1037         1         5         8         5         1         3         0         1       288
         1      1037         1         5         9         1         1         9         0         1       290
         1      1037         1         5        10         5         2         8         0         1       604
         1      1037         1         5        11         1         1         3         0         1       218
         1      1037         1         5        12         3         1         8         0         1       374
         1      1037         1         5        13         6         2         2         0         1       260
         1      1037         1         5        14         9         2         6         0         1       321
         1      1037         1         5        15         8         2         3         0         1       266
         1      1037         1         5        16        10         2         4         0         1       357
         1      1037         1         5        17        10         1         2         0         1       228
         1      1037         1         5        18         4         2         3         0         1       489
         1      1037         1         5        19         3         2         3         1         1       491
         1      1037         1         5        20         6         1         6         1         1       974
         1      1037         1         5        21         7         2         2         0         1       606
         1      1037         1         5        22         9         2         8         0         1       362
         1      1037         1         5        23         3         2         9         0         1       242
         1      1037         1         5        24        10         1         3         0         1       214
         1      1037         1         5        25         7         1         3         0         1       321
         1      1037         1         5        26         3         1         2         0         1       195
         1      1037         1         5        27         8         1         8         1         1       201
         1      1037         1         5        28         4         2         2         0         1       261
         1      1037         1         5        29         7         2         3         0         1       233
         1      1037         1         5        30         4         1         9         0         1       189
         1      1037         1         5        31         8         1         2         0         1       195
         1      1037         1         5        32         4         1         3         0         1       200
         1      1037         1         5        33         2         2         4         0         1       214
         1      1037         1         5        34         2         1         2         1         1       244
         1      1037         1         5        35         2         2         2         1         1       473
         1      1037         1         5        36         5         2         3         0         1       844
         1      1037         1         5        37         9         1         3         0         1       648
         1      1037         1         5        38        10         2         8         0         1       419
         1      1037         1         5        39         8         2         9         0         1       352
         1      1037         1         5        40         6         2         6         1         1       599
         1      1037         1         6         1         9         1         2         0         1       534
         1      1037         1         6         2         5         2         8         0         1       238
         1      1037         1         6         3         2         2         9         0         1       331
         1      1037         1         6         4         9         1         2         0         1       251
         1      1037         1         6         5        10         2         3         0         1       391
         1      1037         1         6         6         4         2         1         0         1       676
         1      1037         1         6         7         6         1         6         1         1      1382
         1      1037         1         6         8         4         2         1         0         1       373
         1      1037         1         6         9         9         2         3         0         1       419
         1      1037         1         6        10         1         2         4         0         1       968
         1      1037         1         6        11         1         1         8         0         1       319
         1      1037         1         6        12         3         2         9         0         1       256
         1      1037         1         6        13         7         1         9         0         1        37
         1      1037         1         6        14         2         1         9         0         1       216
         1      1037         1         6        15         8         2         2         0         1       229
         1      1037         1         6        16         3         1         3         1         1       319
         1      1037         1         6        17         5         2         3         0         1       543
         1      1037         1         6        18         5         1         4         0         1       383
         1      1037         1         6        19         4         1         3         0         1       325
         1      1037         1         6        20        10         2         2         0         1       534
         1      1037         1         6        21         1         1         3         0         1        12
         1      1037         1         6        22         6         2         6         1         1      1257
         1      1037         1         6        23         3         2         2         0         1       269
         1      1037         1         6        24         8         1         9         0         1       288
         1      1037         1         6        25         9         2         8         0         1       282
         1      1037         1         6        26        10         1         3         0         1       261
         1      1037         1         6        27         7         2         2         0         1       177
         1      1037         1         6        28        10         1         3         0         1       246
         1      1037         1         6        29         2         2         9         0         1       234
         1      1037         1         6        30         2         1         3         0         1       207
         1      1037         1         6        31         3         1         8         0         1       236
         1      1037         1         6        32         6         2         3         0         1       232
         1      1037         1         6        33         7         2         4         0         1       461
         1      1037         1         6        34         1         2         3         0         1       584
         1      1037         1         6        35         8         1         3         0         1       190
         1      1037         1         6        36         5         1         9         0         1       275
         1      1037         1         6        37         4         1         8         0         1       263
         1      1037         1         6        38         6         1         1         0         1        34
         1      1037         1         6        39         8         2         3         0         1       215
         1      1037         1         6        40         7         1         2         0         1        75
         1      1037         2         1         1         3         1         3         1         1       677
         1      1037         2         1         2         1         1         8         0         1       712
         1      1037         2         1         3        10         2         9         0         0       426
         1      1037         2         1         4         5         4         3         0         0       181
         1      1037         2         1         5         7         2         8         0         0       276
         1      1037         2         1         6         3         2         3         1         0       199
         1      1037         2         1         7        10         3         9         0         0       186
         1      1037         2         1         8         7         3         1         0         0       184
         1      1037         2         1         9        10         1         2         0         1       310
         1      1037         2         1        10         1         2         9         0         0       214
         1      1037         2         1        11         2         1         4         0         1       212
         1      1037         2         1        12         4         2         3         0         0       322
         1      1037         2         1        13         9         2         3         0         0       315
         1      1037         2         1        14        10         4         3         0         0       219
         1      1037         2         1        15         5         3         9         0         0       216
         1      1037         2         1        16         8         2         3         0         0       261
         1      1037         2         1        17         1         3         8         0         0       254
         1      1037         2         1        18         1         4         4         0         0       224
         1      1037         2         1        19         4         1         9         0         1       230
         1      1037         2         1        20         3         3         3         1         0       241
         1      1037         2         1        21         8         4         0         0         0       229
         1      1037         2         1        22         3         4         3         1         0       257
         1      1037         2         1        23         4         4         0         0         0       395
         1      1037         2         1        24         4         3         3         0         0       272
         1      1037         2         1        25         5         1         9         0         1       300
         1      1037         2         1        26         2         2         4         0         0       413
         1      1037         2         1        27         6         2         6         1         0      1330
         1      1037         2         1        28         9         4         3         0         0       225
         1      1037         2         1        29         6         1         2         0         1       238
         1      1037         2         1        30         9         1         3         0         1       330
         1      1037         2         1        31         2         4         7         0         0       529
         1      1037         2         1        32         6         3         6         1         0       681
         1      1037         2         1        33         5         2         3         0         0       308
         1      1037         2         1        34         6         4         6         1         0       590
         1      1037         2         1        35         7         4         3         0         0       299
         1      1037         2         1        36         8         3         2         0         0       332
         1      1037         2         1        37         2         3         2         1         0       236
         1      1037         2         1        38         9         3         2         0         0       440
         1      1037         2         1        39         8         1         4         0         1       323
         1      1037         2         1        40         7         1         3         0         1       333
         1      1037         2         2         1         2         4         8         0         0       278
         1      1037         2         2         2         8         3         3         0         0       193
         1      1037         2         2         3         9         1         4         0         0       246
         1      1037         2         2         4         4         1         9         0         0       243
         1      1037         2         2         5         6         3         3         0         0       119
         1      1037         2         2         6         9         4         2         0         0       288
         1      1037         2         2         7         5         4         1         0         0       266
         1      1037         2         2         8        10         1         5         0         0       285
         1      1037         2         2         9         2         1         3         0         0       528
         1      1037         2         2        10         6         1         6         1         0       465
         1      1037         2         2        11         2         2         8         0         1       237
         1      1037         2         2        12         5         1         3         0         0       241
         1      1037         2         2        13         3         2         4         0         1       246
         1      1037         2         2        14         7         1         5         0         0       250
         1      1037         2         2        15         8         2         4         0         1       277
         1      1037         2         2        16         1         2         3         0         1       209
         1      1037         2         2        17         6         2         2         0         1        38
         1      1037         2         2        18         9         3         8         0         0       242
         1      1037         2         2        19         4         4         3         0         0       438
         1      1037         2         2        20         1         1         9         0         0       474
         1      1037         2         2        21         4         2         3         0         1       341
         1      1037         2         2        22        10         4         4         0         0       437
         1      1037         2         2        23         5         3         2         0         0       296
         1      1037         2         2        24         3         4         3         1         0       338
         1      1037         2         2        25         3         3         9         0         0       419
         1      1037         2         2        26         3         1         3         1         0       297
         1      1037         2         2        27         2         3         9         0         0       426
         1      1037         2         2        28         1         4         3         0         0       286
         1      1037         2         2        29         7         3         2         0         0       208
         1      1037         2         2        30        10         3         8         0         0       238
         1      1037         2         2        31         7         2         8         0         1       201
         1      1037         2         2        32         1         3         3         0         0       151
         1      1037         2         2        33        10         2         2         0         1       327
         1      1037         2         2        34         8         1         3         0         0       424
         1      1037         2         2        35         5         2         2         0         1       317
         1      1037         2         2        36         7         4         9         0         0       414
         1      1037         2         2        37         4         3         3         0         0       236
         1      1037         2         2        38         8         4         2         0         0       264
         1      1037         2         2        39         9         2         3         0         1       315
         1      1037         2         2        40         6         4         6         1         0       828
         1      1037         2         3         1         5         1         9         0         1       452
         1      1037         2         3         2         5         2         3         0         0       416
         1      1037         2         3         3         2         2         2         1         0       373
         1      1037         2         3         4        10         3         9         0         0       259
         1      1037         2         3         5         1         2         3         0         0       287
         1      1037         2         3         6         4         4         9         0         0       385
         1      1037         2         3         7         4         2         4         1         0       271
         1      1037         2         3         8         8         4         9         0         0       306
         1      1037         2         3         9         2         3         3         0         0       251
         1      1037         2         3        10         4         1         2         0         1       191
         1      1037         2         3        11         6         4         9         0         0       101
         1      1037         2         3        12         6         3         4         0         0       239
         1      1037         2         3        13         3         4         3         1         0       636
         1      1037         2         3        14         7         2         9         0         0       488
         1      1037         2         3        15         3         2         9         0         0       410
         1      1037         2         3        16         6         2         3         0         0       263
         1      1037         2         3        17         4         3         1         0         0       187
         1      1037         2         3        18         8         1         2         0         1       208
         1      1037         2         3        19        10         2         8         0         0       190
         1      1037         2         3        20         2         1         3         0         1       109
         1      1037         2         3        21         1         1         4         0         1       150
         1      1037         2         3        22         1         4         2         0         0       189
         1      1037         2         3        23         1         3         9         0         0       204
         1      1037         2         3        24         5         3         8         0         0       322
         1      1037         2         3        25         8         2         2         0         0       858
         1      1037         2         3        26         9         1         8         0         1       213
         1      1037         2         3        27         6         1         2         0         1       209
         1      1037         2         3        28         5         4         1         0         0       311
         1      1037         2         3        29         2         4         2         1         0       216
         1      1037         2         3        30         8         3         1         0         0        12
         1      1037         2         3        31         9         4         2         0         0        73
         1      1037         2         3        32        10         4         1         0         0       213
         1      1037         2         3        33         3         3         2         0         0       435
         1      1037         2         3        34         9         2         3         0         0       366
         1      1037         2         3        35         3         1         8         0         1       229
         1      1037         2         3        36         9         3         2         0         0       346
         1      1037         2         3        37         7         4         1         0         0       386
         1      1037         2         3        38         7         1         2         0         1       377
         1      1037         2         3        39        10         1         2         0         1       382
         1      1037         2         3        40         7         3         1         0         0       549
         1      1037         2         4         1         1         2         3         0         1       549
         1      1037         2         4         2         1         1         1         1         0       307
         1      1037         2         4         3         9         3         2         0         0       253
         1      1037         2         4         4         2         3         3         0         0       464
         1      1037         2         4         5         5         1         1         0         0       252
         1      1037         2         4         6         1         3         3         0         0       471
         1      1037         2         4         7         8         2         7         0         1       219
         1      1037         2         4         8         3         4         5         0         0       264
         1      1037         2         4         9         7         4         4         0         0       356
         1      1037         2         4        10         3         3         4         0         0       556
         1      1037         2         4        11        10         2         5         0         1       428
         1      1037         2         4        12         2         4         3         0         0       441
         1      1037         2         4        13         5         2         5         1         1      1229
         1      1037         2         4        14        10         3         3         0         0       696
         1      1037         2         4        15         4         2         3         0         1       962
         1      1037         2         4        16         2         2         2         1         1       554
         1      1037         2         4        17         4         4         8         0         0       538
         1      1037         2         4        18         8         3         2         0         0       441
         1      1037         2         4        19         1         4         8         0         0       685
         1      1037         2         4        20         6         2         6         1         1      1039
         1      1037         2         4        21         3         2         8         0         1       452
         1      1037         2         4        22         2         1         2         1         0       503
         1      1037         2         4        23         6         4         6         1         0       888
         1      1037         2         4        24         4         1         8         0         0       331
         1      1037         2         4        25         7         2         2         0         1       332
         1      1037         2         4        26         3         1         1         0         0       341
         1      1037         2         4        27         6         3         2         0         0       941
         1      1037         2         4        28         9         1         1         0         0       821
         1      1037         2         4        29        10         4         8         0         0       354
         1      1037         2         4        30         5         3         2         0         0       347
         1      1037         2         4        31         9         4         9         1         0       514
         1      1037         2         4        32         6         1         6         1         0       908
         1      1037         2         4        33         5         4         1         0         0       605
         1      1037         2         4        34         8         1         8         1         0       314
         1      1037         2         4        35         7         3         2         0         0       196
         1      1037         2         4        36         4         3         8         0         0       185
         1      1037         2         4        37         9         2         2         0         1       216
         1      1037         2         4        38         8         4         1         0         0       117
         1      1037         2         4        39         7         1         3         0         0       286
         1      1037         2         4        40        10         1         2         0         0       320
