Condition Subject Session Block Trial Subtype Token Response Correct Feedback RT 
         4      4119         1         1         1         7         1         9         0         1     20670
         4      4119         1         1         2         4         2         0         0         1      6976
         4      4119         1         1         3         3         1         3         1         1      3957
         4      4119         1         1         4         7         1         1         0         1      5091
         4      4119         1         1         5         6         1         6         1         1      2705
         4      4119         1         1         6         1         1         2         0         1      2097
         4      4119         1         1         7        10         2         0         1         1      2762
         4      4119         1         1         8        10         2         0         1         1      2232
         4      4119         1         1         9        10         1         5         0         1      3225
         4      4119         1         1        10         3         1         3         1         1      3379
         4      4119         1         1        11         5         1         9         0         1      3240
         4      4119         1         1        12         6         2         8         0         1      3153
         4      4119         1         1        13         1         2         8         0         1      2544
         4      4119         1         1        14         2         1         6         0         1      4566
         4      4119         1         1        15         9         1         9         1         1      2844
         4      4119         1         1        16         2         2         5         0         1      3286
         4      4119         1         1        17         6         1         6         1         1      1405
         4      4119         1         1        18         6         2         6         1         1      2033
         4      4119         1         1        19         2         2         7         0         1      3452
         4      4119         1         1        20         8         2         0         0         1      2238
         4      4119         1         1        21         4         1         4         1         1      4703
         4      4119         1         1        22         9         2         9         1         1      2319
         4      4119         1         1        23         8         2         0         0         1      5550
         4      4119         1         1        24         9         2         9         1         1      2347
         4      4119         1         1        25         5         1         5         1         1      4330
         4      4119         1         1        26         5         2         5         1         1      2280
         4      4119         1         1        27         1         2         2         0         1      4265
         4      4119         1         1        28         9         1         9         1         1      1546
         4      4119         1         1        29         1         1         1         1         1      3192
         4      4119         1         1        30         5         2         5         1         1      4739
         4      4119         1         1        31         3         2         6         0         1      1888
         4      4119         1         1        32         4         1         4         1         1      4096
         4      4119         1         1        33         3         2         8         0         1      3879
         4      4119         1         1        34        10         1         0         1         1      2902
         4      4119         1         1        35         7         2         8         0         1      3886
         4      4119         1         1        36         7         2         7         1         1      1903
         4      4119         1         1        37         8         1         6         0         1      3086
         4      4119         1         1        38         4         2         4         1         1      3822
         4      4119         1         1        39         2         1         2         1         1      5713
         4      4119         1         1        40         8         1         8         1         1      3544
         4      4119         1         2         1         2         2         2         1         1      4046
         4      4119         1         2         2         8         2         8         1         1      4712
         4      4119         1         2         3         3         2         8         0         1      6902
         4      4119         1         2         4         4         1         4         1         1      1933
         4      4119         1         2         5        10         2         0         1         1      2620
         4      4119         1         2         6         5         2         5         1         1      2463
         4      4119         1         2         7         4         1         4         1         1      1480
         4      4119         1         2         8         8         1         8         1         1      2712
         4      4119         1         2         9         3         1         5         0         1      1959
         4      4119         1         2        10         6         1         6         1         1      1268
         4      4119         1         2        11         7         1         7         1         1      3182
         4      4119         1         2        12         9         1         9         1         1      1196
         4      4119         1         2        13         8         2         8         1         1      1736
         4      4119         1         2        14         1         1         1         1         1      3279
         4      4119         1         2        15         1         2         1         1         1      1416
         4      4119         1         2        16         9         2         9         1         1      1131
         4      4119         1         2        17         6         2         6         1         1      1193
         4      4119         1         2        18         1         1         1         1         1      1094
         4      4119         1         2        19         3         1         5         0         1      2838
         4      4119         1         2        20         2         1         2         1         1      4017
         4      4119         1         2        21        10         1         0         1         1      1147
         4      4119         1         2        22         2         1         2         1         1      1545
         4      4119         1         2        23         4         2         4         1         1      1175
         4      4119         1         2        24         9         1         9         1         1      1077
         4      4119         1         2        25         6         2         6         1         1      1062
         4      4119         1         2        26         1         2         1         1         1      1000
         4      4119         1         2        27         7         1         7         1         1      4524
         4      4119         1         2        28         7         2         7         1         1      3412
         4      4119         1         2        29         8         1         8         1         1      2614
         4      4119         1         2        30        10         2         0         1         1      1083
         4      4119         1         2        31         4         2         4         1         1      1292
         4      4119         1         2        32         3         2         3         1         1      5908
         4      4119         1         2        33        10         1         0         1         1      1171
         4      4119         1         2        34         2         2         2         1         1      2160
         4      4119         1         2        35         5         2         5         1         1      7254
         4      4119         1         2        36         7         2         7         1         1      2912
         4      4119         1         2        37         6         1         6         1         1      1079
         4      4119         1         2        38         9         2         9         1         1      1016
         4      4119         1         2        39         5         1         5         1         1      2155
         4      4119         1         2        40         5         1         5         1         1      1074
         4      4119         1         3         1         9         1         9         1         1      1164
         4      4119         1         3         2         7         2         7         1         1      2298
         4      4119         1         3         3         3         2         3         1         1      3689
         4      4119         1         3         4         6         1         6         1         1      1073
         4      4119         1         3         5        10         1         0         1         1      1041
         4      4119         1         3         6         9         2         9         1         1       980
         4      4119         1         3         7         7         1         7         1         1      2424
         4      4119         1         3         8         4         2         4         1         1      1059
         4      4119         1         3         9         7         1         7         1         1      1126
         4      4119         1         3        10         2         2         2         1         1      1046
         4      4119         1         3        11         6         1         6         1         1      1031
         4      4119         1         3        12         3         1         5         0         1      1705
         4      4119         1         3        13         3         1         3         1         1      3057
         4      4119         1         3        14         3         2         3         1         1      1778
         4      4119         1         3        15         7         2         7         1         1      2310
         4      4119         1         3        16         5         1         5         1         1      1735
         4      4119         1         3        17         8         2         8         1         1      1886
         4      4119         1         3        18         2         1         2         1         1      1135
         4      4119         1         3        19         1         2         1         1         1      1022
         4      4119         1         3        20         5         1         5         1         1      1442
         4      4119         1         3        21         4         2         4         1         1      1045
         4      4119         1         3        22         9         2         9         1         1      1014
         4      4119         1         3        23         1         1         1         1         1      1994
         4      4119         1         3        24        10         2         0         1         1       984
         4      4119         1         3        25         8         2         8         1         1      1101
         4      4119         1         3        26         8         1         8         1         1      1325
         4      4119         1         3        27         6         2         6         1         1       980
         4      4119         1         3        28         4         1         4         1         1      1048
         4      4119         1         3        29         1         1         1         1         1      1482
         4      4119         1         3        30         5         2         5         1         1      3018
         4      4119         1         3        31         5         2         5         1         1       605
         4      4119         1         3        32         1         2         1         1         1       609
         4      4119         1         3        33         4         1         4         1         1      1092
         4      4119         1         3        34         8         1         8         1         1      2133
         4      4119         1         3        35         2         2         2         1         1       924
         4      4119         1         3        36        10         1         0         1         1      1074
         4      4119         1         3        37         9         1         9         1         1       867
         4      4119         1         3        38        10         2         0         1         1       893
         4      4119         1         3        39         6         2         6         1         1       901
         4      4119         1         3        40         2         1         2         1         1       877
         4      4119         1         4         1         8         2         8         1         1      1461
         4      4119         1         4         2         3         2         3         1         1      3366
         4      4119         1         4         3         7         2         7         1         1      2300
         4      4119         1         4         4        10         2         0         1         1       925
         4      4119         1         4         5         7         2         7         1         1      2020
         4      4119         1         4         6         6         1         6         1         1       910
         4      4119         1         4         7         5         1         5         1         1      1927
         4      4119         1         4         8         6         2         6         1         1      1046
         4      4119         1         4         9         3         1         3         1         1      3592
         4      4119         1         4        10         1         1         1         1         1      1173
         4      4119         1         4        11         4         1         4         1         1      1010
         4      4119         1         4        12         9         1         9         1         1       983
         4      4119         1         4        13         3         1         3         1         1      1563
         4      4119         1         4        14         2         1         2         1         1       969
         4      4119         1         4        15         8         1         8         1         1      1838
         4      4119         1         4        16         6         2         6         1         1      1009
         4      4119         1         4        17         9         2         9         1         1      1028
         4      4119         1         4        18         1         1         1         1         1       871
         4      4119         1         4        19         2         2         2         1         1       945
         4      4119         1         4        20         4         2         4         1         1      1767
         4      4119         1         4        21         2         2         2         1         1      1149
         4      4119         1         4        22        10         1         0         1         1      1114
         4      4119         1         4        23         9         1         9         1         1      1369
         4      4119         1         4        24         4         1         4         1         1      1789
         4      4119         1         4        25         2         1         2         1         1      1090
         4      4119         1         4        26         1         2         1         1         1       868
         4      4119         1         4        27        10         1         0         1         1       940
         4      4119         1         4        28         9         2         9         1         1       978
         4      4119         1         4        29         8         2         8         1         1      2903
         4      4119         1         4        30         7         1         7         1         1      1152
         4      4119         1         4        31         5         2         5         1         1      1758
         4      4119         1         4        32        10         2         0         1         1      1269
         4      4119         1         4        33         5         2         5         1         1      1102
         4      4119         1         4        34         8         1         8         1         1      3422
         4      4119         1         4        35         6         1         6         1         1       976
         4      4119         1         4        36         1         2         1         1         1      1206
         4      4119         1         4        37         4         2         4         1         1      1954
         4      4119         1         4        38         7         1         7         1         1      1329
         4      4119         1         4        39         5         1         5         1         1      1336
         4      4119         1         4        40         3         2         3         1         1      1742
         4      4119         1         5         1         8         1         8         1         1      2071
         4      4119         1         5         2         9         2         9         1         1      1088
         4      4119         1         5         3         1         1         1         1         1      1073
         4      4119         1         5         4         7         1         7         1         1      1155
         4      4119         1         5         5         3         2         3         1         1      1009
         4      4119         1         5         6         3         1         3         1         1       772
         4      4119         1         5         7        10         2         0         1         1       979
         4      4119         1         5         8         6         2         6         1         1       935
         4      4119         1         5         9         6         1         6         1         1       525
         4      4119         1         5        10         4         2         4         1         1      1349
         4      4119         1         5        11        10         1         0         1         1      1145
         4      4119         1         5        12         4         1         4         1         1      1478
         4      4119         1         5        13         7         2         7         1         1      2503
         4      4119         1         5        14         6         1         6         1         1       974
         4      4119         1         5        15        10         1         0         1         1      1058
         4      4119         1         5        16         1         1         1         1         1       933
         4      4119         1         5        17         5         1         5         1         1      1132
         4      4119         1         5        18         4         2         4         1         1       971
         4      4119         1         5        19         9         1         9         1         1      1137
         4      4119         1         5        20         5         2         5         1         1       879
         4      4119         1         5        21         9         1         9         1         1       935
         4      4119         1         5        22        10         2         0         1         1       831
         4      4119         1         5        23         9         2         9         1         1       825
         4      4119         1         5        24         2         2         2         1         1       964
         4      4119         1         5        25         5         1         5         1         1      1322
         4      4119         1         5        26         5         2         5         1         1      1794
         4      4119         1         5        27         3         1         3         1         1      1142
         4      4119         1         5        28         1         2         1         1         1      1029
         4      4119         1         5        29         8         2         8         1         1      3288
         4      4119         1         5        30         1         2         1         1         1      1121
         4      4119         1         5        31         3         2         3         1         1      1247
         4      4119         1         5        32         7         1         7         1         1      2346
         4      4119         1         5        33         8         1         8         1         1      1415
         4      4119         1         5        34         2         1         2         1         1      1131
         4      4119         1         5        35         8         2         8         1         1      1675
         4      4119         1         5        36         6         2         6         1         1       948
         4      4119         1         5        37         2         2         2         1         1       922
         4      4119         1         5        38         2         1         2         1         1       994
         4      4119         1         5        39         4         1         4         1         1      1573
         4      4119         1         5        40         7         2         8         0         1      1875
         4      4119         1         6         1         5         2         5         1         1      1490
         4      4119         1         6         2         5         1         5         1         1       995
         4      4119         1         6         3         8         2         8         1         1      1432
         4      4119         1         6         4        10         1         0         1         1      1033
         4      4119         1         6         5         4         1         4         1         1      1307
         4      4119         1         6         6         3         1         3         1         1       995
         4      4119         1         6         7         3         2         3         1         1      1286
         4      4119         1         6         8         8         1         8         1         1      1726
         4      4119         1         6         9         3         1         3         1         1       805
         4      4119         1         6        10         4         2         5         0         1      1009
         4      4119         1         6        11        10         2         0         1         1      1349
         4      4119         1         6        12         5         1         5         1         1      1468
         4      4119         1         6        13         6         2         6         1         1       749
         4      4119         1         6        14         1         1         1         1         1      1307
         4      4119         1         6        15         9         1         9         1         1      1027
         4      4119         1         6        16         6         2         6         1         1      1046
         4      4119         1         6        17         7         1         7         1         1      1321
         4      4119         1         6        18         1         2         1         1         1      1089
         4      4119         1         6        19         7         2         7         1         1      1281
         4      4119         1         6        20        10         1         0         1         1      1097
         4      4119         1         6        21        10         2         0         1         1      1194
         4      4119         1         6        22         4         2         4         1         1      1030
         4      4119         1         6        23         5         2         5         1         1       904
         4      4119         1         6        24         8         2         8         1         1      2113
         4      4119         1         6        25         9         2         9         1         1      1000
         4      4119         1         6        26         2         2         2         1         1      1005
         4      4119         1         6        27         2         2         2         1         1       881
         4      4119         1         6        28         6         1         6         1         1      1080
         4      4119         1         6        29         7         2         7         1         1      2329
         4      4119         1         6        30         7         1         7         1         1      1016
         4      4119         1         6        31         9         2         9         1         1      1035
         4      4119         1         6        32         2         1         2         1         1       910
         4      4119         1         6        33         4         1         4         1         1      1685
         4      4119         1         6        34         9         1         9         1         1      1038
         4      4119         1         6        35         2         1         3         0         1       833
         4      4119         1         6        36         1         2         1         1         1       749
         4      4119         1         6        37         8         1         8         1         1      1722
         4      4119         1         6        38         6         1         6         1         1      1008
         4      4119         1         6        39         1         1         1         1         1      1140
         4      4119         1         6        40         3         2         3         1         1       995
         4      4119         2         1         1         6         2         6         1         0      3407
         4      4119         2         1         2         1         3         1         1         0      1635
         4      4119         2         1         3         7         4         4         0         0      4254
         4      4119         2         1         4         6         4         6         1         0      2591
         4      4119         2         1         5         8         3         8         1         0      2741
         4      4119         2         1         6         4         1         4         1         1      1171
         4      4119         2         1         7         4         4         4         1         0      3583
         4      4119         2         1         8         8         1         8         1         1      2188
         4      4119         2         1         9         4         2         4         1         0      1696
         4      4119         2         1        10         9         3         9         1         0      1673
         4      4119         2         1        11         5         1         5         1         1      2322
         4      4119         2         1        12         7         3         6         0         0      4098
         4      4119         2         1        13         6         1         6         1         1      1753
         4      4119         2         1        14         3         2         3         1         0      2286
         4      4119         2         1        15         9         2         9         1         0      4719
         4      4119         2         1        16         2         2         2         1         0      1790
         4      4119         2         1        17         6         3         6         1         0      3267
         4      4119         2         1        18         5         2         5         1         0      1564
         4      4119         2         1        19         7         2         7         1         0      2330
         4      4119         2         1        20         7         1         7         1         1      1305
         4      4119         2         1        21         2         4         2         1         0      1313
         4      4119         2         1        22         1         1         1         1         1      1273
         4      4119         2         1        23        10         2         0         1         0      1379
         4      4119         2         1        24         2         3         2         1         0       937
         4      4119         2         1        25         9         4         9         1         0      1839
         4      4119         2         1        26         8         2         8         1         0      2338
         4      4119         2         1        27         1         4         1         1         0      2000
         4      4119         2         1        28         1         2         1         1         0      1164
         4      4119         2         1        29         2         1         2         1         1      1114
         4      4119         2         1        30        10         1         0         1         1      1400
         4      4119         2         1        31         9         1         9         1         1      1148
         4      4119         2         1        32         5         3         5         1         0      1738
         4      4119         2         1        33         3         4         3         1         0      3600
         4      4119         2         1        34        10         4         7         0         0      2269
         4      4119         2         1        35         4         3         4         1         0      1870
         4      4119         2         1        36         3         1         3         1         1      1695
         4      4119         2         1        37         3         3         3         1         0      1351
         4      4119         2         1        38         5         4         5         1         0      1421
         4      4119         2         1        39        10         3         8         0         0     11023
         4      4119         2         1        40         8         4         7         0         0      2722
         4      4119         2         2         1         9         1         9         1         0      1113
         4      4119         2         2         2         5         3         5         1         0      1992
         4      4119         2         2         3         5         2         5         1         1       725
         4      4119         2         2         4         4         4         4         1         0      1428
         4      4119         2         2         5        10         3         8         0         0      4406
         4      4119         2         2         6         4         2         4         1         1      1202
         4      4119         2         2         7         5         1         5         1         0      1214
         4      4119         2         2         8         9         3         9         1         0      1082
         4      4119         2         2         9         3         3         3         1         0      1258
         4      4119         2         2        10         3         4         3         1         0       531
         4      4119         2         2        11         7         4         7         1         0     11625
         4      4119         2         2        12         4         1         4         1         0      1972
         4      4119         2         2        13         7         2         7         1         1      1345
         4      4119         2         2        14         2         3         2         1         0      1096
         4      4119         2         2        15         8         2         8         1         1      1849
         4      4119         2         2        16        10         1         0         1         0      1065
         4      4119         2         2        17         6         2         6         1         1      1099
         4      4119         2         2        18         9         2         9         1         1       955
         4      4119         2         2        19         4         3         4         1         0      1488
         4      4119         2         2        20         5         4         5         1         0      1088
         4      4119         2         2        21         8         4         8         1         0      1153
         4      4119         2         2        22         7         1         7         1         0      1071
         4      4119         2         2        23         1         2         1         1         1      1344
         4      4119         2         2        24         2         4         2         1         0      1335
         4      4119         2         2        25         8         1         8         1         0      1261
         4      4119         2         2        26         2         2         2         1         1      1015
         4      4119         2         2        27         6         1         6         1         0      1002
         4      4119         2         2        28         6         3         6         1         0      1598
         4      4119         2         2        29         2         1         2         1         0      1787
         4      4119         2         2        30         1         4         1         1         0      2079
         4      4119         2         2        31         3         1         3         1         0      1463
         4      4119         2         2        32         1         3         1         1         0      2152
         4      4119         2         2        33         7         3         8         0         0      1615
         4      4119         2         2        34         6         4         6         1         0      1322
         4      4119         2         2        35         9         4         9         1         0      1634
         4      4119         2         2        36         8         3         8         1         0      1405
         4      4119         2         2        37        10         4         0         1         0      2274
         4      4119         2         2        38         1         1         1         1         0      1444
         4      4119         2         2        39         3         2         3         1         1      1142
         4      4119         2         2        40        10         2         0         1         1      1046
         4      4119         2         3         1         1         4         1         1         0      1230
         4      4119         2         3         2         3         1         3         1         1      1193
         4      4119         2         3         3         1         2         1         1         0       902
         4      4119         2         3         4         4         3         4         1         0      1021
         4      4119         2         3         5        10         4         0         1         0      1297
         4      4119         2         3         6        10         3         8         0         0      1688
         4      4119         2         3         7         9         3         9         1         0       961
         4      4119         2         3         8         4         1         3         0         1       966
         4      4119         2         3         9         8         1         8         1         1      1259
         4      4119         2         3        10         4         4         4         1         0       997
         4      4119         2         3        11         4         2         4         1         0      1369
         4      4119         2         3        12         3         4         3         1         0      3789
         4      4119         2         3        13         9         2         9         1         0      1074
         4      4119         2         3        14         7         2         7         1         0      1748
         4      4119         2         3        15         2         2         2         1         0      1050
         4      4119         2         3        16         7         4         7         1         0      3068
         4      4119         2         3        17         2         1         2         1         1      1006
         4      4119         2         3        18         2         4         2         1         0       643
         4      4119         2         3        19         1         3         1         1         0      1125
         4      4119         2         3        20         5         2         5         1         0      1220
         4      4119         2         3        21         6         3         6         1         0       928
         4      4119         2         3        22        10         1         0         1         1      1269
         4      4119         2         3        23         5         4         5         1         0      1262
         4      4119         2         3        24         5         3         5         1         0      1496
         4      4119         2         3        25         7         3         7         1         0      3401
         4      4119         2         3        26         8         2         8         1         0      1629
         4      4119         2         3        27         9         4         9         1         0      1033
         4      4119         2         3        28         3         3         3         1         0      1275
         4      4119         2         3        29         6         2         6         1         0      1797
         4      4119         2         3        30         5         1         5         1         1      1593
         4      4119         2         3        31         7         1         7         1         1      1142
         4      4119         2         3        32        10         2         0         1         0      1094
         4      4119         2         3        33         8         3         7         0         0      3288
         4      4119         2         3        34         8         4         7         0         0       672
         4      4119         2         3        35         6         1         6         1         1      1040
         4      4119         2         3        36         1         1         1         1         1      1187
         4      4119         2         3        37         3         2         3         1         0      1199
         4      4119         2         3        38         2         3         2         1         0       940
         4      4119         2         3        39         9         1         9         1         1      1043
         4      4119         2         3        40         6         4         6         1         0      2678
         4      4119         2         4         1        10         2         0         1         1      1380
         4      4119         2         4         2         8         2         8         1         1      5897
         4      4119         2         4         3         2         4         2         1         0      1401
         4      4119         2         4         4         8         1         8         1         0      2381
         4      4119         2         4         5         8         4         7         0         0      3033
         4      4119         2         4         6         1         1         1         1         0      1116
         4      4119         2         4         7         3         4         3         1         0      1099
         4      4119         2         4         8         9         2         9         1         1      1082
         4      4119         2         4         9         1         3         1         1         0      1050
         4      4119         2         4        10         7         2         7         1         1      1308
         4      4119         2         4        11         6         1         6         1         0      1060
         4      4119         2         4        12         4         4         4         1         0      1669
         4      4119         2         4        13         5         2         5         1         1      1182
         4      4119         2         4        14         4         3         4         1         0      1370
         4      4119         2         4        15         1         4         1         1         0      1167
         4      4119         2         4        16        10         1         0         1         0       955
         4      4119         2         4        17         7         4         8         0         0      2880
         4      4119         2         4        18         3         3         3         1         0      1224
         4      4119         2         4        19         2         1         2         1         0       964
         4      4119         2         4        20         7         1         7         1         0       986
         4      4119         2         4        21         3         1         3         1         0      2766
         4      4119         2         4        22         5         1         5         1         0      1052
         4      4119         2         4        23         6         3         6         1         0       670
         4      4119         2         4        24         9         4         9         1         0      1023
         4      4119         2         4        25         4         2         4         1         1      1219
         4      4119         2         4        26         2         3         2         1         0      1103
         4      4119         2         4        27         9         3         9         1         0       927
         4      4119         2         4        28         6         4         6         1         0      1287
         4      4119         2         4        29        10         3         8         0         0      4590
         4      4119         2         4        30         2         2         2         1         1       980
         4      4119         2         4        31         5         4         5         1         0      1112
         4      4119         2         4        32         5         3         5         1         0       999
         4      4119         2         4        33         1         2         1         1         1       988
         4      4119         2         4        34         6         2         6         1         1      1249
         4      4119         2         4        35         8         3         7         0         0      2636
         4      4119         2         4        36        10         4         8         0         0      1456
         4      4119         2         4        37         7         3         7         1         0      1666
         4      4119         2         4        38         9         1         9         1         0      1004
         4      4119         2         4        39         4         1         4         1         0      1103
         4      4119         2         4        40         3         2         3         1         1      1438
