Condition Subject Session Block Trial Subtype Token Response Correct Feedback RT 
         1      1016         1         1         1         5         2         6         0         1     24335
         1      1016         1         1         2         5         1         1         0         1      8333
         1      1016         1         1         3         5         1         5         1         1      2121
         1      1016         1         1         4         6         1         4         0         1     11680
         1      1016         1         1         5         8         1         1         0         1      4678
         1      1016         1         1         6         6         1         6         1         1      4310
         1      1016         1         1         7         2         2         3         0         1      2886
         1      1016         1         1         8         9         2         1         0         1      1806
         1      1016         1         1         9         7         1         9         0         1      3762
         1      1016         1         1        10         5         2         6         0         1      3287
         1      1016         1         1        11         3         1         5         0         1      1087
         1      1016         1         1        12         1         2         1         1         1      1504
         1      1016         1         1        13         1         1         1         1         1      1100
         1      1016         1         1        14         3         2         3         1         1      4444
         1      1016         1         1        15         1         1         1         1         1      1285
         1      1016         1         1        16         2         1         6         0         1      3054
         1      1016         1         1        17         4         1         2         0         1      1456
         1      1016         1         1        18         4         1         4         1         1      1170
         1      1016         1         1        19         1         2         5         0         1       590
         1      1016         1         1        20         9         1         3         0         1       418
         1      1016         1         1        21        10         2         7         0         1       365
         1      1016         1         1        22        10         1         5         0         1       297
         1      1016         1         1        23         8         2         4         0         1       393
         1      1016         1         1        24         4         2         1         0         1      1205
         1      1016         1         1        25         8         2         2         0         1       864
         1      1016         1         1        26         7         1         3         0         1       698
         1      1016         1         1        27         7         2         6         0         1      4506
         1      1016         1         1        28        10         2         1         0         1      1586
         1      1016         1         1        29         7         2         3         0         1      1198
         1      1016         1         1        30         9         2         4         0         1       441
         1      1016         1         1        31         8         1         3         0         1       307
         1      1016         1         1        32         6         2         6         1         1       274
         1      1016         1         1        33        10         1         1         0         1      1521
         1      1016         1         1        34         6         2         6         1         1      2591
         1      1016         1         1        35         3         2         1         0         1      1236
         1      1016         1         1        36         2         2         4         0         1      3407
         1      1016         1         1        37         9         1         2         0         1      1937
         1      1016         1         1        38         3         1         2         0         1      1359
         1      1016         1         1        39         4         2         3         0         1       355
         1      1016         1         1        40         2         1         4         0         1       593
         1      1016         1         2         1         8         1         1         0         1      2434
         1      1016         1         2         2         9         1         9         1         1      3227
         1      1016         1         2         3         5         1         1         0         1      1526
         1      1016         1         2         4         7         2         3         0         1      2436
         1      1016         1         2         5         6         1         6         1         1      1727
         1      1016         1         2         6         9         2         3         0         1      1654
         1      1016         1         2         7         6         1         6         1         1     14927
         1      1016         1         2         8         5         1         1         0         1      1285
         1      1016         1         2         9         1         1         1         1         1      1037
         1      1016         1         2        10         2         1         1         0         1      6782
         1      1016         1         2        11         7         2         3         0         1      4458
         1      1016         1         2        12         4         1         2         0         1      2917
         1      1016         1         2        13         1         1         1         1         1      8875
         1      1016         1         2        14         2         2         2         1         1      1508
         1      1016         1         2        15         8         1         8         1         1      5235
         1      1016         1         2        16         3         2         3         1         1      3981
         1      1016         1         2        17         3         1         3         1         1       650
         1      1016         1         2        18        10         2         1         0         1      3820
         1      1016         1         2        19         6         2         6         1         1      1374
         1      1016         1         2        20         8         2         1         0         1      5539
         1      1016         1         2        21         8         2         8         1         1      3585
         1      1016         1         2        22        10         1         1         0         1      1885
         1      1016         1         2        23         7         1         3         0         1     13933
         1      1016         1         2        24         1         2         1         1         1      1580
         1      1016         1         2        25         5         2         3         0         1      3240
         1      1016         1         2        26         7         1         1         0         1      4915
         1      1016         1         2        27         2         2         2         1         1      2474
         1      1016         1         2        28         5         2         3         0         1      2547
         1      1016         1         2        29         3         2         1         0         1       937
         1      1016         1         2        30         1         2         1         1         1      1119
         1      1016         1         2        31         4         2         2         0         1      8684
         1      1016         1         2        32         2         1         1         0         1      1276
         1      1016         1         2        33         9         2         2         0         1       917
         1      1016         1         2        34        10         1         0         1         1      6091
         1      1016         1         2        35         4         2         0         0         1      1250
         1      1016         1         2        36         4         1         4         1         1      1564
         1      1016         1         2        37         9         1         9         1         1      1960
         1      1016         1         2        38         6         2         6         1         1      1508
         1      1016         1         2        39        10         2         0         1         1      5556
         1      1016         1         2        40         3         1         3         1         1      2066
         1      1016         1         3         1         7         1         7         1         1      9956
         1      1016         1         3         2         5         1         3         0         1      2674
         1      1016         1         3         3         2         1         5         0         1      4915
         1      1016         1         3         4         7         2         4         0         1      6570
         1      1016         1         3         5         5         2         3         0         1      1903
         1      1016         1         3         6         8         1         8         1         1      2398
         1      1016         1         3         7         4         1         2         0         1      3226
         1      1016         1         3         8         3         1         1         0         1      1893
         1      1016         1         3         9         5         2         4         0         1      6709
         1      1016         1         3        10         6         1         5         0         1       341
         1      1016         1         3        11         2         2         2         1         1      1315
         1      1016         1         3        12        10         2         0         1         1      2938
         1      1016         1         3        13         1         2         0         0         1      2032
         1      1016         1         3        14         7         2         7         1         1      8250
         1      1016         1         3        15         5         1         3         0         1      8267
         1      1016         1         3        16         9         2         9         1         1      1852
         1      1016         1         3        17        10         1         0         1         1      3596
         1      1016         1         3        18         3         1         3         1         1      1945
         1      1016         1         3        19         8         2         5         0         1     11062
         1      1016         1         3        20         4         2         2         0         1      2406
         1      1016         1         3        21         7         1         7         1         1      2850
         1      1016         1         3        22         9         1         9         1         1      1706
         1      1016         1         3        23         3         2         3         1         1      3282
         1      1016         1         3        24         6         2         6         1         1      1530
         1      1016         1         3        25         6         1         6         1         1      4376
         1      1016         1         3        26         8         2         8         1         1      3477
         1      1016         1         3        27         1         1         1         1         1      1860
         1      1016         1         3        28        10         2         0         1         1      2454
         1      1016         1         3        29        10         1         0         1         1      3246
         1      1016         1         3        30         9         1         9         1         1      1686
         1      1016         1         3        31         4         1         2         0         1      2016
         1      1016         1         3        32         3         2         3         1         1      2587
         1      1016         1         3        33         2         2         2         1         1      5103
         1      1016         1         3        34         2         1         2         1         1      3567
         1      1016         1         3        35         1         2         1         1         1      1517
         1      1016         1         3        36         1         1         1         1         1      2875
         1      1016         1         3        37         8         1         8         1         1      2355
         1      1016         1         3        38         9         2         9         1         1     21616
         1      1016         1         3        39         6         2         6         1         1      1435
         1      1016         1         3        40         4         2         2         0         1      2205
         1      1016         1         4         1         6         1         6         1         1      2367
         1      1016         1         4         2         2         2         2         1         1      3450
         1      1016         1         4         3         8         2         8         1         1      3582
         1      1016         1         4         4         3         2         3         1         1      2187
         1      1016         1         4         5         3         1         3         1         1      2256
         1      1016         1         4         6         8         1         8         1         1      2403
         1      1016         1         4         7         4         1         2         0         1      1775
         1      1016         1         4         8         9         2         9         1         1      2180
         1      1016         1         4         9         7         1         8         0         1      4858
         1      1016         1         4        10         2         2         2         1         1     15619
         1      1016         1         4        11         7         2         8         0         1      7583
         1      1016         1         4        12         1         2         1         1         1      1356
         1      1016         1         4        13         9         1         9         1         1      1920
         1      1016         1         4        14        10         1         0         1         1      4446
         1      1016         1         4        15         6         2         6         1         1      1383
         1      1016         1         4        16         5         1         3         0         1      4763
         1      1016         1         4        17         4         2         2         0         1      1432
         1      1016         1         4        18         9         2         9         1         1      1483
         1      1016         1         4        19         7         1         9         0         1      1516
         1      1016         1         4        20         5         2         2         0         1      3275
         1      1016         1         4        21        10         1         0         1         1      1859
         1      1016         1         4        22         1         2         5         0         1      1621
         1      1016         1         4        23         3         1         5         0         1      2112
         1      1016         1         4        24         5         2         5         1         1      3031
         1      1016         1         4        25         6         1         6         1         1      1450
         1      1016         1         4        26         7         2         8         0         1      2331
         1      1016         1         4        27         2         1         5         0         1      3082
         1      1016         1         4        28         4         2         5         0         1      2138
         1      1016         1         4        29         5         1         5         1         1      7169
         1      1016         1         4        30         4         1         2         0         1      1631
         1      1016         1         4        31         6         2         6         1         1      1209
         1      1016         1         4        32         3         2         3         1         1      2533
         1      1016         1         4        33         1         1         1         1         1      1642
         1      1016         1         4        34         8         1         8         1         1      3380
         1      1016         1         4        35         8         2         7         0         1      2681
         1      1016         1         4        36         1         1         1         1         1      1080
         1      1016         1         4        37         9         1         9         1         1      1959
         1      1016         1         4        38        10         2         0         1         1      2870
         1      1016         1         4        39        10         2         0         1         1      2368
         1      1016         1         4        40         2         1         2         1         1      2013
         1      1016         1         5         1        10         2         0         1         1      4998
         1      1016         1         5         2         9         2         8         0         1      1466
         1      1016         1         5         3        10         1         0         1         1      2010
         1      1016         1         5         4         3         2         3         1         1      4070
         1      1016         1         5         5         8         2         8         1         1      2431
         1      1016         1         5         6         1         2         1         1         1      1881
         1      1016         1         5         7         7         1         7         1         1      7049
         1      1016         1         5         8         1         1         1         1         1      3674
         1      1016         1         5         9         2         2         2         1         1      2068
         1      1016         1         5        10         8         2         8         1         1      3069
         1      1016         1         5        11         7         1         7         1         1      9295
         1      1016         1         5        12         6         2         6         1         1      1574
         1      1016         1         5        13         2         1         2         1         1      1731
         1      1016         1         5        14        10         1         0         1         1      1689
         1      1016         1         5        15         6         1         6         1         1      2178
         1      1016         1         5        16         5         1         3         0         1      3302
         1      1016         1         5        17        10         2         0         1         1      1295
         1      1016         1         5        18         9         1         9         1         1      1717
         1      1016         1         5        19         5         2         5         1         1      2732
         1      1016         1         5        20         2         2         2         1         1      3627
         1      1016         1         5        21         7         2         7         1         1      3382
         1      1016         1         5        22         8         1         8         1         1      7337
         1      1016         1         5        23         9         2         9         1         1      1808
         1      1016         1         5        24         4         1         2         0         1      1413
         1      1016         1         5        25         3         2         3         1         1      1544
         1      1016         1         5        26         9         1         9         1         1      1892
         1      1016         1         5        27         6         1         6         1         1      1254
         1      1016         1         5        28         4         1         4         1         1      3807
         1      1016         1         5        29         3         1         5         0         1      2996
         1      1016         1         5        30         1         2         1         1         1      1447
         1      1016         1         5        31         6         2         6         1         1     10392
         1      1016         1         5        32         5         1         5         1         1      2629
         1      1016         1         5        33         4         2         2         0         1      1847
         1      1016         1         5        34         8         1         8         1         1      1881
         1      1016         1         5        35         2         1         2         1         1      3530
         1      1016         1         5        36         4         2         4         1         1     12551
         1      1016         1         5        37         1         1         1         1         1      1356
         1      1016         1         5        38         3         1         3         1         1      2051
         1      1016         1         5        39         7         2         7         1         1      4589
         1      1016         1         5        40         5         2         5         1         1      1778
         1      1016         1         6         1         8         1         8         1         1      1655
         1      1016         1         6         2        10         1         0         1         1      1855
         1      1016         1         6         3         7         1         7         1         1      1619
         1      1016         1         6         4         6         2         6         1         1      1053
         1      1016         1         6         5         1         1         1         1         1      1245
         1      1016         1         6         6         2         2         2         1         1      2519
         1      1016         1         6         7         3         1         3         1         1      2318
         1      1016         1         6         8         4         1         2         0         1      2078
         1      1016         1         6         9         3         2         3         1         1      2183
         1      1016         1         6        10         5         1         5         1         1     10970
         1      1016         1         6        11         3         1         3         1         1      2000
         1      1016         1         6        12         6         1         6         1         1      1724
         1      1016         1         6        13         1         1         1         1         1      1410
         1      1016         1         6        14         2         1         4         0         1      3973
         1      1016         1         6        15         1         2         1         1         1      1346
         1      1016         1         6        16         6         1         6         1         1      3304
         1      1016         1         6        17         2         2         2         1         1      2191
         1      1016         1         6        18         5         1         5         1         1      5333
         1      1016         1         6        19         7         2         7         1         1      2028
         1      1016         1         6        20         9         2         9         1         1      2246
         1      1016         1         6        21         8         2         8         1         1      2456
         1      1016         1         6        22        10         1         0         1         1      2081
         1      1016         1         6        23         9         1         9         1         1      1960
         1      1016         1         6        24         3         2         3         1         1      1750
         1      1016         1         6        25         9         2         9         1         1      1723
         1      1016         1         6        26         6         2         6         1         1      1234
         1      1016         1         6        27         8         1         8         1         1      1644
         1      1016         1         6        28         4         2         2         0         1      2341
         1      1016         1         6        29         9         1         9         1         1      2162
         1      1016         1         6        30        10         2         0         1         1      1896
         1      1016         1         6        31         7         2         7         1         1      3607
         1      1016         1         6        32         8         2         8         1         1     24002
         1      1016         1         6        33         4         1         4         1         1      4479
         1      1016         1         6        34         2         1         2         1         1      2200
         1      1016         1         6        35         1         2         1         1         1      1900
         1      1016         1         6        36         5         2         5         1         1      6652
         1      1016         1         6        37         5         2         5         1         1      1646
         1      1016         1         6        38        10         2         0         1         1      1401
         1      1016         1         6        39         4         2         2         0         1      2076
         1      1016         1         6        40         7         1         7         1         1      2182
         1      1016         2         1         1         4         3         4         1         0      6339
         1      1016         2         1         2         6         3         6         1         0      2043
         1      1016         2         1         3         5         3         5         1         0      2789
         1      1016         2         1         4         3         1         3         1         1      3793
         1      1016         2         1         5         9         3         9         1         0      4051
         1      1016         2         1         6         1         4         5         0         0      2084
         1      1016         2         1         7         8         1         8         1         1      1404
         1      1016         2         1         8         5         4         5         1         0      8606
         1      1016         2         1         9         2         1         2         1         1      1810
         1      1016         2         1        10         9         1         9         1         1      1477
         1      1016         2         1        11         6         1         6         1         1      1285
         1      1016         2         1        12         3         3         5         0         0      3406
         1      1016         2         1        13         2         4         4         0         0     27439
         1      1016         2         1        14        10         2         0         1         0      1507
         1      1016         2         1        15         8         2         7         0         0      2227
         1      1016         2         1        16         3         2         3         1         0      1430
         1      1016         2         1        17         5         1         5         1         1      1816
         1      1016         2         1        18         2         2         2         1         0      1451
         1      1016         2         1        19         2         3         2         1         0      2252
         1      1016         2         1        20         4         1         4         1         1      3166
         1      1016         2         1        21         5         2         5         1         0      1564
         1      1016         2         1        22         4         4         5         0         0      5623
         1      1016         2         1        23         4         2         2         0         0      2433
         1      1016         2         1        24         1         1         1         1         1      1258
         1      1016         2         1        25         7         3         6         0         0      9043
         1      1016         2         1        26         6         2         6         1         0      1397
         1      1016         2         1        27         7         4         7         1         0      7032
         1      1016         2         1        28         6         4         6         1         0       951
         1      1016         2         1        29         3         4         3         1         0      3707
         1      1016         2         1        30         7         2         7         1         0      2018
         1      1016         2         1        31         1         3         3         0         0      2347
         1      1016         2         1        32         9         2         9         1         0      4121
         1      1016         2         1        33         7         1         9         0         1      1361
         1      1016         2         1        34         8         4         4         0         0     10356
         1      1016         2         1        35         8         3         8         1         0      3266
         1      1016         2         1        36         1         2         2         0         0      1307
         1      1016         2         1        37        10         1         0         1         1      1314
         1      1016         2         1        38        10         3         1         0         0     10149
         1      1016         2         1        39         9         4         9         1         0      2170
         1      1016         2         1        40        10         4         9         0         0     11823
         1      1016         2         2         1         8         4         4         0         0     14061
         1      1016         2         2         2         6         4         6         1         0      1269
         1      1016         2         2         3        10         3         5         0         0      6860
         1      1016         2         2         4         5         3         5         1         0     21669
         1      1016         2         2         5         5         4         5         1         0      1902
         1      1016         2         2         6         4         4         2         0         0      4590
         1      1016         2         2         7         1         1         1         1         0       929
         1      1016         2         2         8        10         1         0         1         0      1190
         1      1016         2         2         9         6         1         6         1         0      1266
         1      1016         2         2        10         1         2         4         0         1      8476
         1      1016         2         2        11         7         1         7         1         0      1942
         1      1016         2         2        12         8         3         5         0         0      8692
         1      1016         2         2        13         2         4         9         0         0      3268
         1      1016         2         2        14         7         2         7         1         1      1582
         1      1016         2         2        15        10         2         0         1         1      3322
         1      1016         2         2        16         7         3         7         1         0      7889
         1      1016         2         2        17         4         3         4         1         0      5075
         1      1016         2         2        18         6         2         6         1         1      1428
         1      1016         2         2        19         8         1         8         1         0      2102
         1      1016         2         2        20         1         3         3         0         0      2206
         1      1016         2         2        21         5         2         5         1         1      1394
         1      1016         2         2        22         9         2         9         1         1      1910
         1      1016         2         2        23         9         4         9         1         0      1494
         1      1016         2         2        24         9         1         9         1         0      2037
         1      1016         2         2        25         1         4         5         0         0      3023
         1      1016         2         2        26         2         3         9         0         0      1713
         1      1016         2         2        27         3         3         5         0         0     20728
         1      1016         2         2        28         8         2         8         1         1      1719
         1      1016         2         2        29         4         1         4         1         0      2479
         1      1016         2         2        30         4         2         2         0         1      1479
         1      1016         2         2        31         3         1         3         1         0      3127
         1      1016         2         2        32         3         4         3         1         0      2406
         1      1016         2         2        33         9         3         8         0         0      1313
         1      1016         2         2        34        10         4         9         0         0      1336
         1      1016         2         2        35         3         2         3         1         1      1087
         1      1016         2         2        36         2         2         2         1         1      1376
         1      1016         2         2        37         6         3         6         1         0      1268
         1      1016         2         2        38         5         1         5         1         0      2414
         1      1016         2         2        39         7         4         7         1         0      2665
         1      1016         2         2        40         2         1         2         1         0      1866
         1      1016         2         3         1         9         3         9         1         0      1999
         1      1016         2         3         2         2         3         2         1         0      3483
         1      1016         2         3         3         3         1         3         1         1      2172
         1      1016         2         3         4         5         4         5         1         0      2128
         1      1016         2         3         5         4         2         2         0         0      1462
         1      1016         2         3         6         6         3         6         1         0      1271
         1      1016         2         3         7         5         1         5         1         1      1569
         1      1016         2         3         8         6         1         6         1         1      1102
         1      1016         2         3         9         8         4         4         0         0      4445
         1      1016         2         3        10         8         3         5         0         0      5303
         1      1016         2         3        11         6         4         6         1         0      1005
         1      1016         2         3        12         3         3         5         0         0      4465
         1      1016         2         3        13         4         3         4         1         0      3563
         1      1016         2         3        14         3         4         3         1         0      1896
         1      1016         2         3        15         5         3         5         1         0      2584
         1      1016         2         3        16         6         2         6         1         0      1196
         1      1016         2         3        17         2         4         2         1         0      3607
         1      1016         2         3        18        10         3         8         0         0      6643
         1      1016         2         3        19         1         2         1         1         0      2469
         1      1016         2         3        20         1         1         1         1         1       877
         1      1016         2         3        21         7         4         1         0         0      2054
         1      1016         2         3        22         5         2         5         1         0      4431
         1      1016         2         3        23        10         4         9         0         0      3418
         1      1016         2         3        24         3         2         3         1         0      1213
         1      1016         2         3        25         4         1         4         1         1      4073
         1      1016         2         3        26        10         1         0         1         1      8689
         1      1016         2         3        27         8         2         8         1         0      1794
         1      1016         2         3        28         4         4         2         0         0      2870
         1      1016         2         3        29         8         1         8         1         1      1503
         1      1016         2         3        30         7         2         7         1         0      3870
         1      1016         2         3        31         9         4         9         1         0      1312
         1      1016         2         3        32         7         3         0         0         0     24214
         1      1016         2         3        33         1         4         1         1         0      2762
         1      1016         2         3        34         1         3         2         0         0      1847
         1      1016         2         3        35         2         2         2         1         0      1241
         1      1016         2         3        36         9         1         9         1         1      1619
         1      1016         2         3        37         9         2         9         1         0      1294
         1      1016         2         3        38        10         2         0         1         0      2118
         1      1016         2         3        39         7         1         7         1         1      1822
         1      1016         2         3        40         2         1         2         1         1      1426
         1      1016         2         4         1         2         4         2         1         0      5023
         1      1016         2         4         2         8         3         5         0         0      2658
         1      1016         2         4         3        10         3         0         1         0      7251
         1      1016         2         4         4         2         2         2         1         1      1165
         1      1016         2         4         5         3         4         3         1         0      2138
         1      1016         2         4         6        10         2         0         1         1      1665
         1      1016         2         4         7         9         4         9         1         0      1178
         1      1016         2         4         8         2         3         9         0         0      3366
         1      1016         2         4         9         7         1         7         1         0      1676
         1      1016         2         4        10         6         4         6         1         0      1348
         1      1016         2         4        11         5         4         5         1         0      1433
         1      1016         2         4        12         8         1         8         1         0      2059
         1      1016         2         4        13         3         1         3         1         0      1637
         1      1016         2         4        14         4         1         4         1         0      3616
         1      1016         2         4        15         1         3         3         0         0      4043
         1      1016         2         4        16         4         2         2         0         1      4673
         1      1016         2         4        17         8         4         4         0         0      4884
         1      1016         2         4        18         9         2         9         1         1      1245
         1      1016         2         4        19         1         4         5         0         0      2566
         1      1016         2         4        20         7         3         6         0         0      5675
         1      1016         2         4        21         7         4         1         0         0      1972
         1      1016         2         4        22        10         1         1         0         0      1824
         1      1016         2         4        23         4         3         4         1         0      7044
         1      1016         2         4        24         6         3         6         1         0      1270
         1      1016         2         4        25         9         3         9         1         0      1326
         1      1016         2         4        26         3         2         3         1         1      1973
         1      1016         2         4        27         4         4         2         0         0      2195
         1      1016         2         4        28         1         1         1         1         0      1254
         1      1016         2         4        29         6         2         6         1         1      1183
         1      1016         2         4        30         9         1         9         1         0      1402
         1      1016         2         4        31         7         2         7         1         1      9374
         1      1016         2         4        32        10         4         9         0         0      1571
         1      1016         2         4        33         5         2         5         1         1      1617
         1      1016         2         4        34         5         3         5         1         0      2251
         1      1016         2         4        35         6         1         6         1         0      1357
         1      1016         2         4        36         3         3         5         0         0      9315
         1      1016         2         4        37         8         2         8         1         1      4347
         1      1016         2         4        38         5         1         5         1         0      3865
         1      1016         2         4        39         2         1         2         1         0      2538
         1      1016         2         4        40         1         2         1         1         1      7552
