Condition Subject Session Block Trial Subtype Token Response Correct Feedback RT 
         4      4009         1         1         1         3         2         6         0         1     21595
         4      4009         1         1         2         2         2         0         0         1     13399
         4      4009         1         1         3         4         1         0         0         1      2282
         4      4009         1         1         4         7         2         1         0         1     49816
         4      4009         1         1         5         6         1         5         0         1     17001
         4      4009         1         1         6         2         1         3         0         1      5853
         4      4009         1         1         7         5         1         3         0         1     20894
         4      4009         1         1         8         1         1         7         0         1     16693
         4      4009         1         1         9         6         1         6         1         1     11715
         4      4009         1         1        10         9         1         4         0         1     12265
         4      4009         1         1        11        10         1         0         1         1      3657
         4      4009         1         1        12         5         1         5         1         1      6467
         4      4009         1         1        13         7         2         7         1         1      5772
         4      4009         1         1        14        10         2         8         0         1      5282
         4      4009         1         1        15         4         2         2         0         1      4746
         4      4009         1         1        16         8         1         0         0         1     21400
         4      4009         1         1        17         6         2         6         1         1     22843
         4      4009         1         1        18         8         2         9         0         1      5461
         4      4009         1         1        19         8         1         8         1         1     17814
         4      4009         1         1        20         3         1         7         0         1      8713
         4      4009         1         1        21        10         1         0         1         1     11814
         4      4009         1         1        22         1         2         6         0         1     11097
         4      4009         1         1        23         3         1         3         1         1      9033
         4      4009         1         1        24         9         2         9         1         1      4171
         4      4009         1         1        25         6         2         6         1         1      1727
         4      4009         1         1        26         4         1         4         1         1      7476
         4      4009         1         1        27         2         1         2         1         1      4165
         4      4009         1         1        28         7         1         2         0         1     20571
         4      4009         1         1        29         1         2         1         1         1      8832
         4      4009         1         1        30         3         2         5         0         1     13322
         4      4009         1         1        31         9         2         9         1         1      7568
         4      4009         1         1        32         5         2         3         0         1      7453
         4      4009         1         1        33         9         1         9         1         1      9790
         4      4009         1         1        34         8         2         7         0         1      4659
         4      4009         1         1        35         4         2         4         1         1     19684
         4      4009         1         1        36         5         2         5         1         1      4012
         4      4009         1         1        37         2         2         2         1         1      7175
         4      4009         1         1        38         1         1         1         1         1      5428
         4      4009         1         1        39         7         1         7         1         1     12183
         4      4009         1         1        40        10         2         0         1         1      2332
         4      4009         1         2         1         1         2         1         1         1      9085
         4      4009         1         2         2         8         2         8         1         1      5550
         4      4009         1         2         3         6         2         6         1         1      1932
         4      4009         1         2         4         9         1         9         1         1      1595
         4      4009         1         2         5         3         1         3         1         1      3510
         4      4009         1         2         6         5         1         5         1         1      4726
         4      4009         1         2         7         1         1         7         0         1      6404
         4      4009         1         2         8         7         1         7         1         1      9440
         4      4009         1         2         9         1         2         1         1         1      2195
         4      4009         1         2        10         8         1         7         0         1      8838
         4      4009         1         2        11        10         1         0         1         1     14798
         4      4009         1         2        12         5         1         5         1         1      3515
         4      4009         1         2        13         6         2         6         1         1      1482
         4      4009         1         2        14         4         2         4         1         1      7610
         4      4009         1         2        15         7         2         7         1         1      7365
         4      4009         1         2        16         8         1         8         1         1      5770
         4      4009         1         2        17         3         2         3         1         1      9102
         4      4009         1         2        18         8         2         8         1         1     10158
         4      4009         1         2        19         6         1         6         1         1      1890
         4      4009         1         2        20         5         2         5         1         1      3474
         4      4009         1         2        21         2         1         2         1         1      4674
         4      4009         1         2        22         3         1         3         1         1      4147
         4      4009         1         2        23         6         1         6         1         1      1191
         4      4009         1         2        24         7         1         8         0         1      3283
         4      4009         1         2        25        10         2         0         1         1      1245
         4      4009         1         2        26         4         1         4         1         1      7029
         4      4009         1         2        27         9         1         8         0         1      1143
         4      4009         1         2        28         2         2         2         1         1      3094
         4      4009         1         2        29         9         2         9         1         1      1317
         4      4009         1         2        30         2         2         2         1         1      1916
         4      4009         1         2        31         7         2         7         1         1      3468
         4      4009         1         2        32         3         2         3         1         1      4124
         4      4009         1         2        33         2         1         2         1         1      1554
         4      4009         1         2        34         4         2         4         1         1      2720
         4      4009         1         2        35         1         1         1         1         1      1936
         4      4009         1         2        36         5         2         7         0         1      4014
         4      4009         1         2        37        10         1         0         1         1      1192
         4      4009         1         2        38         9         2         9         1         1      1043
         4      4009         1         2        39        10         2         0         1         1      3350
         4      4009         1         2        40         4         1         4         1         1      1850
         4      4009         1         3         1         8         1         8         1         1     19532
         4      4009         1         3         2         8         2         7         0         1      4219
         4      4009         1         3         3         6         2         6         1         1      5470
         4      4009         1         3         4         1         2         1         1         1      4032
         4      4009         1         3         5         4         1         4         1         1      1625
         4      4009         1         3         6        10         1         0         1         1      1265
         4      4009         1         3         7         7         1         8         0         1      4443
         4      4009         1         3         8        10         2         0         1         1      6438
         4      4009         1         3         9         3         1         3         1         1      4672
         4      4009         1         3        10         9         1         9         1         1      1153
         4      4009         1         3        11         2         2         2         1         1      2143
         4      4009         1         3        12         4         2         4         1         1      1589
         4      4009         1         3        13         9         1         9         1         1      1169
         4      4009         1         3        14         3         2         3         1         1      5901
         4      4009         1         3        15         6         1         6         1         1      1436
         4      4009         1         3        16         6         2         6         1         1      2207
         4      4009         1         3        17         1         1         1         1         1      2018
         4      4009         1         3        18         7         1         7         1         1      5534
         4      4009         1         3        19         4         2         4         1         1      1116
         4      4009         1         3        20         5         2         5         1         1      2971
         4      4009         1         3        21         2         2         2         1         1      1601
         4      4009         1         3        22         6         1         6         1         1      1099
         4      4009         1         3        23         1         2         1         1         1      1371
         4      4009         1         3        24         8         2         7         0         1      5569
         4      4009         1         3        25         2         1         2         1         1      9502
         4      4009         1         3        26         5         1         5         1         1      1983
         4      4009         1         3        27         1         1         1         1         1      1164
         4      4009         1         3        28         3         1         3         1         1      2665
         4      4009         1         3        29        10         2         0         1         1      1259
         4      4009         1         3        30         5         1         5         1         1      1701
         4      4009         1         3        31         2         1         2         1         1      1166
         4      4009         1         3        32         7         2         7         1         1      3931
         4      4009         1         3        33         4         1         4         1         1      1000
         4      4009         1         3        34         8         1         7         0         1      3723
         4      4009         1         3        35         3         2         3         1         1      4993
         4      4009         1         3        36        10         1         0         1         1      1123
         4      4009         1         3        37         9         2         9         1         1      1201
         4      4009         1         3        38         9         2         9         1         1      1532
         4      4009         1         3        39         7         2         7         1         1      2267
         4      4009         1         3        40         5         2         5         1         1      2156
         4      4009         1         4         1         7         2         7         1         1      2072
         4      4009         1         4         2         6         2         6         1         1       961
         4      4009         1         4         3         2         2         2         1         1      1046
         4      4009         1         4         4         2         2         2         1         1       921
         4      4009         1         4         5         2         1         2         1         1      1041
         4      4009         1         4         6         3         1         3         1         1      1731
         4      4009         1         4         7         4         2         4         1         1      1305
         4      4009         1         4         8         5         2         5         1         1      1217
         4      4009         1         4         9         8         1         8         1         1      1884
         4      4009         1         4        10         4         1         4         1         1      1163
         4      4009         1         4        11         1         2         1         1         1      2104
         4      4009         1         4        12        10         1         0         1         1      1103
         4      4009         1         4        13         3         2         3         1         1      1422
         4      4009         1         4        14         3         1         3         1         1      1984
         4      4009         1         4        15         5         1         5         1         1      1134
         4      4009         1         4        16         7         1         8         0         1      2189
         4      4009         1         4        17        10         1         0         1         1      6287
         4      4009         1         4        18         9         1         9         1         1      1055
         4      4009         1         4        19         7         1         7         1         1      1266
         4      4009         1         4        20         9         2         9         1         1       986
         4      4009         1         4        21         6         2         6         1         1      1246
         4      4009         1         4        22         6         1         6         1         1      1079
         4      4009         1         4        23         7         2         7         1         1      2407
         4      4009         1         4        24         9         1         9         1         1      1058
         4      4009         1         4        25         8         2         8         1         1      2788
         4      4009         1         4        26         6         1         6         1         1      1279
         4      4009         1         4        27         5         2         5         1         1      1064
         4      4009         1         4        28         3         2         3         1         1      1032
         4      4009         1         4        29         1         2         1         1         1      1035
         4      4009         1         4        30         5         1         5         1         1      1149
         4      4009         1         4        31         4         1         4         1         1       938
         4      4009         1         4        32         9         2         9         1         1      1216
         4      4009         1         4        33        10         2         0         1         1      1132
         4      4009         1         4        34         1         1         1         1         1      1515
         4      4009         1         4        35         8         2         7         0         1      8795
         4      4009         1         4        36        10         2         0         1         1      1944
         4      4009         1         4        37         1         1         1         1         1      1462
         4      4009         1         4        38         4         2         4         1         1      9734
         4      4009         1         4        39         8         1         8         1         1      3565
         4      4009         1         4        40         2         1         2         1         1      1355
         4      4009         1         5         1         4         2         4         1         1    109833
         4      4009         1         5         2         4         1         4         1         1      1370
         4      4009         1         5         3         8         1         8         1         1      2719
         4      4009         1         5         4         6         2         6         1         1      1087
         4      4009         1         5         5         1         2         1         1         1      1375
         4      4009         1         5         6         4         2         4         1         1      1619
         4      4009         1         5         7         5         1         5         1         1      1182
         4      4009         1         5         8         5         2         5         1         1      1514
         4      4009         1         5         9         6         1         6         1         1      1192
         4      4009         1         5        10         1         2         1         1         1      1492
         4      4009         1         5        11         3         1         3         1         1      1731
         4      4009         1         5        12         2         2         2         1         1      1018
         4      4009         1         5        13         3         1         3         1         1      3500
         4      4009         1         5        14        10         1         0         1         1      1210
         4      4009         1         5        15         4         1         4         1         1      1124
         4      4009         1         5        16         7         1         7         1         1      5315
         4      4009         1         5        17         2         1         2         1         1      1434
         4      4009         1         5        18        10         1         0         1         1      1147
         4      4009         1         5        19        10         2         0         1         1      1849
         4      4009         1         5        20         9         1         9         1         1      1051
         4      4009         1         5        21         8         2         8         1         1      2701
         4      4009         1         5        22         7         2         7         1         1      3053
         4      4009         1         5        23         8         2         8         1         1      5246
         4      4009         1         5        24         2         2         2         1         1       968
         4      4009         1         5        25         6         2         6         1         1      1101
         4      4009         1         5        26         9         2         9         1         1      1084
         4      4009         1         5        27         7         2         7         1         1      3533
         4      4009         1         5        28         2         1         2         1         1      1083
         4      4009         1         5        29         1         1         1         1         1      1467
         4      4009         1         5        30         9         2         9         1         1      1244
         4      4009         1         5        31         6         1         6         1         1      1300
         4      4009         1         5        32         1         1         1         1         1      1052
         4      4009         1         5        33         5         1         5         1         1      1133
         4      4009         1         5        34         5         2         5         1         1      1803
         4      4009         1         5        35        10         2         0         1         1      1648
         4      4009         1         5        36         7         1         7         1         1      1818
         4      4009         1         5        37         3         2         3         1         1      1020
         4      4009         1         5        38         3         2         3         1         1      1358
         4      4009         1         5        39         9         1         9         1         1      1154
         4      4009         1         5        40         8         1         8         1         1      2496
         4      4009         1         6         1         9         1         9         1         1      1580
         4      4009         1         6         2         1         2         1         1         1      1224
         4      4009         1         6         3         4         2         4         1         1      2466
         4      4009         1         6         4         2         1         2         1         1      1115
         4      4009         1         6         5         8         2         8         1         1      1403
         4      4009         1         6         6         4         2         4         1         1       974
         4      4009         1         6         7         8         1         8         1         1      1202
         4      4009         1         6         8        10         2         0         1         1      1118
         4      4009         1         6         9         3         2         3         1         1      1181
         4      4009         1         6        10         3         2         3         1         1      1432
         4      4009         1         6        11         2         1         2         1         1      1035
         4      4009         1         6        12         3         1         3         1         1      3741
         4      4009         1         6        13         9         1         9         1         1      1571
         4      4009         1         6        14        10         1         0         1         1      1502
         4      4009         1         6        15         9         2         9         1         1      1484
         4      4009         1         6        16         5         2         5         1         1      1820
         4      4009         1         6        17         1         1         1         1         1      3199
         4      4009         1         6        18         4         1         4         1         1      4361
         4      4009         1         6        19         1         2         1         1         1      1510
         4      4009         1         6        20         2         2         2         1         1      1445
         4      4009         1         6        21         7         2         7         1         1      3943
         4      4009         1         6        22         6         2         6         1         1      1892
         4      4009         1         6        23         8         1         7         0         1      3187
         4      4009         1         6        24         9         2         9         1         1      3471
         4      4009         1         6        25         7         2         7         1         1      1008
         4      4009         1         6        26         6         2         6         1         1       898
         4      4009         1         6        27         2         2         2         1         1       954
         4      4009         1         6        28         5         1         5         1         1      3744
         4      4009         1         6        29         1         1         1         1         1       966
         4      4009         1         6        30         7         1         7         1         1      1355
         4      4009         1         6        31         7         1         7         1         1      1537
         4      4009         1         6        32         4         1         4         1         1      6686
         4      4009         1         6        33         3         1         3         1         1      6766
         4      4009         1         6        34         8         2         8         1         1     10283
         4      4009         1         6        35        10         2         0         1         1      1148
         4      4009         1         6        36         5         2         5         1         1      1993
         4      4009         1         6        37        10         1         0         1         1      1011
         4      4009         1         6        38         6         1         6         1         1      1077
         4      4009         1         6        39         5         1         5         1         1      2085
         4      4009         1         6        40         6         1         6         1         1       924
         4      4009         2         1         1         7         2         7         1         0      2455
         4      4009         2         1         2         6         4         7         0         0     14511
         4      4009         2         1         3         6         1         6         1         1      1045
         4      4009         2         1         4         5         3         5         1         0      1655
         4      4009         2         1         5         1         3         1         1         0      5648
         4      4009         2         1         6         2         4         2         1         0      1530
         4      4009         2         1         7         2         3         2         1         0      2344
         4      4009         2         1         8         3         1         3         1         1      5109
         4      4009         2         1         9         9         2         9         1         0      2259
         4      4009         2         1        10         5         4         5         1         0      3235
         4      4009         2         1        11         7         3         8         0         0      6333
         4      4009         2         1        12         5         2         5         1         0      1419
         4      4009         2         1        13         1         4         1         1         0      2077
         4      4009         2         1        14        10         1         0         1         1      1267
         4      4009         2         1        15        10         3         0         1         0      1579
         4      4009         2         1        16         1         1         1         1         1      1335
         4      4009         2         1        17        10         4         0         1         0      2366
         4      4009         2         1        18         8         1         8         1         1      3419
         4      4009         2         1        19         9         4         9         1         0      1485
         4      4009         2         1        20         4         2         4         1         0      1245
         4      4009         2         1        21         6         3         6         1         0      6198
         4      4009         2         1        22         4         3         4         1         0      1257
         4      4009         2         1        23         8         4         7         0         0      7666
         4      4009         2         1        24         7         1         7         1         1      1915
         4      4009         2         1        25        10         2         0         1         0      1291
         4      4009         2         1        26         1         2         1         1         0      1266
         4      4009         2         1        27         4         1         4         1         1      1273
         4      4009         2         1        28         2         2         2         1         0      1122
         4      4009         2         1        29         8         3         7         0         0      1922
         4      4009         2         1        30         4         4         4         1         0      1856
         4      4009         2         1        31         9         1         9         1         1      1170
         4      4009         2         1        32         8         2         8         1         0      5168
         4      4009         2         1        33         2         1         2         1         1      1101
         4      4009         2         1        34         7         4         7         1         0      2092
         4      4009         2         1        35         3         2         3         1         0      1762
         4      4009         2         1        36         3         4         3         1         0      1286
         4      4009         2         1        37         5         1         5         1         1      1182
         4      4009         2         1        38         3         3         3         1         0      2169
         4      4009         2         1        39         6         2         6         1         0      1182
         4      4009         2         1        40         9         3         9         1         0      1258
         4      4009         2         2         1         5         1         5         1         0      1184
         4      4009         2         2         2         6         2         6         1         1      1020
         4      4009         2         2         3         6         3         6         1         0      1023
         4      4009         2         2         4         2         1         2         1         0       945
         4      4009         2         2         5         8         4         7         0         0      4871
         4      4009         2         2         6         4         3         4         1         0       991
         4      4009         2         2         7         9         3         9         1         0      2739
         4      4009         2         2         8        10         3         8         0         0     10479
         4      4009         2         2         9         9         1         9         1         0      1031
         4      4009         2         2        10         1         1         1         1         0      1290
         4      4009         2         2        11         4         1         4         1         0      1024
         4      4009         2         2        12        10         2         0         1         1      1108
         4      4009         2         2        13         7         2         7         1         1      2226
         4      4009         2         2        14         8         2         8         1         1      2228
         4      4009         2         2        15         4         2         4         1         1      1046
         4      4009         2         2        16         4         4         4         1         0      1543
         4      4009         2         2        17         7         3         7         1         0      3973
         4      4009         2         2        18        10         4         0         1         0      1746
         4      4009         2         2        19         3         4         3         1         0       982
         4      4009         2         2        20         3         1         3         1         0      1178
         4      4009         2         2        21         2         4         2         1         0      1111
         4      4009         2         2        22         2         2         2         1         1       902
         4      4009         2         2        23         3         2         3         1         1      1533
         4      4009         2         2        24         1         3         4         0         0      2011
         4      4009         2         2        25         7         1         7         1         0      1302
         4      4009         2         2        26         9         2         9         1         1      1069
         4      4009         2         2        27         8         1         8         1         0      1230
         4      4009         2         2        28         9         4         9         1         0      1032
         4      4009         2         2        29         7         4         7         1         0      2362
         4      4009         2         2        30         6         1         6         1         0       966
         4      4009         2         2        31         5         4         5         1         0      1018
         4      4009         2         2        32         5         3         5         1         0      4093
         4      4009         2         2        33        10         1         0         1         0      1315
         4      4009         2         2        34         1         4         1         1         0      3241
         4      4009         2         2        35         8         3         8         1         0      2292
         4      4009         2         2        36         5         2         5         1         1      1603
         4      4009         2         2        37         1         2         1         1         1      3631
         4      4009         2         2        38         3         3         3         1         0      1353
         4      4009         2         2        39         2         3         2         1         0      1632
         4      4009         2         2        40         6         4         7         0         0      3802
         4      4009         2         3         1         4         3         4         1         0      1136
         4      4009         2         3         2         9         2         9         1         0      1101
         4      4009         2         3         3         7         3         7         1         0      4829
         4      4009         2         3         4         5         4         5         1         0      1127
         4      4009         2         3         5         8         3         8         1         0      3254
         4      4009         2         3         6         9         1         9         1         1      1216
         4      4009         2         3         7         3         1         3         1         1      1210
         4      4009         2         3         8         5         3         5         1         0      3109
         4      4009         2         3         9        10         1         0         1         1      1025
         4      4009         2         3        10         5         2         5         1         0      1107
         4      4009         2         3        11        10         4         0         1         0      2387
         4      4009         2         3        12         4         2         4         1         0      1119
         4      4009         2         3        13         5         1         5         1         1      1150
         4      4009         2         3        14         7         4         7         1         0      2299
         4      4009         2         3        15         6         2         6         1         0      1482
         4      4009         2         3        16         2         3         2         1         0      1307
         4      4009         2         3        17         1         3         1         1         0      1969
         4      4009         2         3        18         2         4         2         1         0      1118
         4      4009         2         3        19         7         2         7         1         0      2413
         4      4009         2         3        20         1         2         1         1         0      1256
         4      4009         2         3        21         4         4         4         1         0      1600
         4      4009         2         3        22         8         4         7         0         0      3131
         4      4009         2         3        23         2         1         2         1         1      1370
         4      4009         2         3        24         2         2         2         1         0      1103
         4      4009         2         3        25         9         3         9         1         0      1247
         4      4009         2         3        26         7         1         7         1         1      1593
         4      4009         2         3        27        10         3         2         0         0      5715
         4      4009         2         3        28        10         2         0         1         0      1195
         4      4009         2         3        29         9         4         9         1         0      1175
         4      4009         2         3        30         3         2         3         1         0      1026
         4      4009         2         3        31         3         4         3         1         0      1154
         4      4009         2         3        32         1         1         1         1         1      4736
         4      4009         2         3        33         6         3         6         1         0      1262
         4      4009         2         3        34         6         1         6         1         1      1558
         4      4009         2         3        35         8         2         8         1         0      1859
         4      4009         2         3        36         4         1         4         1         1       947
         4      4009         2         3        37         8         1         8         1         1      1224
         4      4009         2         3        38         3         3         3         1         0      1298
         4      4009         2         3        39         6         4         7         0         0     18313
         4      4009         2         3        40         1         4         1         1         0      2615
         4      4009         2         4         1         1         1         1         1         0      1661
         4      4009         2         4         2         2         1         2         1         0      1142
         4      4009         2         4         3         3         3         3         1         0       915
         4      4009         2         4         4        10         1         0         1         0      2616
         4      4009         2         4         5        10         2         0         1         1      1340
         4      4009         2         4         6         4         3         4         1         0      1041
         4      4009         2         4         7         7         2         7         1         1      1011
         4      4009         2         4         8        10         4         0         1         0      1255
         4      4009         2         4         9         6         3         6         1         0      1233
         4      4009         2         4        10         6         2         6         1         1      1066
         4      4009         2         4        11         4         2         4         1         1       988
         4      4009         2         4        12         2         3         2         1         0      1056
         4      4009         2         4        13         9         2         9         1         1      1441
         4      4009         2         4        14         1         3         1         1         0      1347
         4      4009         2         4        15         9         1         9         1         0      1161
         4      4009         2         4        16         3         2         3         1         1      1733
         4      4009         2         4        17         6         1         6         1         0      1114
         4      4009         2         4        18         6         4         6         1         0      2121
         4      4009         2         4        19         9         4         9         1         0      1424
         4      4009         2         4        20         5         1         5         1         0      1091
         4      4009         2         4        21         2         4         2         1         0      1027
         4      4009         2         4        22         3         4         3         1         0       772
         4      4009         2         4        23         7         3         7         1         0      2433
         4      4009         2         4        24        10         3         0         1         0      1130
         4      4009         2         4        25         9         3         9         1         0       969
         4      4009         2         4        26         7         4         7         1         0      2158
         4      4009         2         4        27         8         2         8         1         1      1492
         4      4009         2         4        28         5         2         5         1         1      1027
         4      4009         2         4        29         3         1         3         1         0       997
         4      4009         2         4        30         1         2         1         1         1       921
         4      4009         2         4        31         8         4         7         0         0      2848
         4      4009         2         4        32         1         4         7         0         0      1513
         4      4009         2         4        33         8         3         7         0         0      1978
         4      4009         2         4        34         8         1         8         1         0       774
         4      4009         2         4        35         2         2         2         1         1       691
         4      4009         2         4        36         7         1         7         1         0      1364
         4      4009         2         4        37         5         4         5         1         0      1256
         4      4009         2         4        38         4         4         4         1         0      1186
         4      4009         2         4        39         5         3         5         1         0      1807
         4      4009         2         4        40         4         1         4         1         0       993
