Condition Subject Session Block Trial Subtype Token Response Correct Feedback RT 
         1      1046         1         1         1         7         1         2         0         1     22056
         1      1046         1         1         2        10         2         5         0         1      4483
         1      1046         1         1         3         3         1         8         0         1      4540
         1      1046         1         1         4         1         1         6         0         1      2178
         1      1046         1         1         5         5         1         5         1         1      4326
         1      1046         1         1         6         9         2         9         1         1      2085
         1      1046         1         1         7         6         2         6         1         1      4013
         1      1046         1         1         8        10         2         2         0         1      4121
         1      1046         1         1         9         8         1         2         0         1      4576
         1      1046         1         1        10         8         2         4         0         1      4725
         1      1046         1         1        11         3         2         8         0         1      2230
         1      1046         1         1        12         4         1         4         1         1     12344
         1      1046         1         1        13         8         2         8         1         1      2775
         1      1046         1         1        14         3         2         9         0         1      4500
         1      1046         1         1        15         5         2         5         1         1      5996
         1      1046         1         1        16         5         1         7         0         1      7128
         1      1046         1         1        17         3         1         7         0         1      2646
         1      1046         1         1        18         9         1         9         1         1      2664
         1      1046         1         1        19        10         1         5         0         1      2585
         1      1046         1         1        20         4         2         1         0         1      3804
         1      1046         1         1        21         6         1         6         1         1      1921
         1      1046         1         1        22         5         2         5         1         1      1568
         1      1046         1         1        23         1         2         8         0         1      4621
         1      1046         1         1        24         4         1         8         0         1      1313
         1      1046         1         1        25         7         1         0         0         1      2489
         1      1046         1         1        26         7         2         2         0         1      4098
         1      1046         1         1        27         9         2         9         1         1      2042
         1      1046         1         1        28         6         1         6         1         1      1908
         1      1046         1         1        29         1         2         3         0         1      5684
         1      1046         1         1        30         2         2         0         0         1     16781
         1      1046         1         1        31         9         1         9         1         1      1672
         1      1046         1         1        32         8         1         7         0         1      5329
         1      1046         1         1        33         4         2         2         0         1      2327
         1      1046         1         1        34         2         1         4         0         1      1110
         1      1046         1         1        35         6         2         6         1         1      1221
         1      1046         1         1        36         7         2         1         0         1      3984
         1      1046         1         1        37         2         2         2         1         1     14029
         1      1046         1         1        38         1         1         8         0         1      5798
         1      1046         1         1        39         2         1         3         0         1      4121
         1      1046         1         1        40        10         1         3         0         1      1615
         1      1046         1         2         1         2         1         2         1         1      2261
         1      1046         1         2         2         1         2         1         1         1      3638
         1      1046         1         2         3         8         1         8         1         1      3024
         1      1046         1         2         4         1         2         1         1         1      1812
         1      1046         1         2         5        10         2         5         0         1      2407
         1      1046         1         2         6         5         2         5         1         1       963
         1      1046         1         2         7         3         2         7         0         1      3721
         1      1046         1         2         8         9         1         9         1         1      1744
         1      1046         1         2         9         5         1         4         0         1      6262
         1      1046         1         2        10         6         1         6         1         1      1495
         1      1046         1         2        11         4         2         4         1         1      5446
         1      1046         1         2        12         3         2         3         1         1      4633
         1      1046         1         2        13        10         1         0         1         1      3002
         1      1046         1         2        14         8         2         8         1         1      2174
         1      1046         1         2        15         7         1         3         0         1      8100
         1      1046         1         2        16         9         2         9         1         1      2460
         1      1046         1         2        17         6         1         6         1         1      1590
         1      1046         1         2        18         2         2         2         1         1      4610
         1      1046         1         2        19         7         2         3         0         1      9333
         1      1046         1         2        20         9         2         9         1         1      1420
         1      1046         1         2        21         2         1         4         0         1      4703
         1      1046         1         2        22         4         2         4         1         1      1262
         1      1046         1         2        23         7         2         7         1         1      2488
         1      1046         1         2        24         1         1         3         0         1      5199
         1      1046         1         2        25         5         1         3         0         1      4938
         1      1046         1         2        26         6         2         6         1         1      1296
         1      1046         1         2        27         4         1         0         0         1      6521
         1      1046         1         2        28        10         2         0         1         1      5344
         1      1046         1         2        29         6         2         6         1         1      1046
         1      1046         1         2        30         1         1         1         1         1      2247
         1      1046         1         2        31         5         2         5         1         1      2105
         1      1046         1         2        32         8         2         8         1         1      2432
         1      1046         1         2        33         3         1         3         1         1     12348
         1      1046         1         2        34         8         1         8         1         1      1722
         1      1046         1         2        35        10         1         0         1         1      3840
         1      1046         1         2        36         2         2         2         1         1     16434
         1      1046         1         2        37         3         1         3         1         1      1902
         1      1046         1         2        38         9         1         9         1         1      1420
         1      1046         1         2        39         7         1         7         1         1      2048
         1      1046         1         2        40         4         1         4         1         1      2107
         1      1046         1         3         1         3         1         3         1         1      1563
         1      1046         1         3         2         7         2         7         1         1      5432
         1      1046         1         3         3        10         2         0         1         1      2187
         1      1046         1         3         4         9         2         9         1         1      1216
         1      1046         1         3         5         7         2         7         1         1      4202
         1      1046         1         3         6         1         1         1         1         1      1229
         1      1046         1         3         7         2         2         2         1         1      6807
         1      1046         1         3         8        10         1         0         1         1      1971
         1      1046         1         3         9         1         2         3         0         1      5328
         1      1046         1         3        10         7         1         3         0         1      1448
         1      1046         1         3        11         2         1         4         0         1      1657
         1      1046         1         3        12         5         1         3         0         1      1507
         1      1046         1         3        13         4         1         4         1         1      2436
         1      1046         1         3        14         6         1         6         1         1      1134
         1      1046         1         3        15         5         1         5         1         1      1581
         1      1046         1         3        16         6         1         6         1         1      1129
         1      1046         1         3        17         5         2         5         1         1      2744
         1      1046         1         3        18         8         1         8         1         1      2022
         1      1046         1         3        19         8         1         8         1         1      2881
         1      1046         1         3        20         9         1         9         1         1      1801
         1      1046         1         3        21         2         2         2         1         1      1933
         1      1046         1         3        22         3         2         3         1         1      2091
         1      1046         1         3        23         3         2         3         1         1      1253
         1      1046         1         3        24         5         2         5         1         1      1550
         1      1046         1         3        25        10         1         0         1         1     12251
         1      1046         1         3        26         8         2         8         1         1      3213
         1      1046         1         3        27         9         1         9         1         1      1176
         1      1046         1         3        28         6         2         6         1         1      3797
         1      1046         1         3        29         3         1         3         1         1      3993
         1      1046         1         3        30         4         2         2         0         1      1573
         1      1046         1         3        31         1         1         1         1         1       977
         1      1046         1         3        32         2         1         2         1         1      1558
         1      1046         1         3        33         4         2         4         1         1      1299
         1      1046         1         3        34         4         1         4         1         1      1116
         1      1046         1         3        35         8         2         8         1         1      1883
         1      1046         1         3        36         9         2         9         1         1      1292
         1      1046         1         3        37         6         2         6         1         1      3107
         1      1046         1         3        38         1         2         3         0         1      3700
         1      1046         1         3        39         7         1         7         1         1      6428
         1      1046         1         3        40        10         2         0         1         1      1688
         1      1046         1         4         1         3         1         3         1         1      7428
         1      1046         1         4         2         7         1         7         1         1      1287
         1      1046         1         4         3         1         1         1         1         1      1055
         1      1046         1         4         4         5         2         5         1         1      1729
         1      1046         1         4         5         8         1         8         1         1      1239
         1      1046         1         4         6         8         2         8         1         1      1569
         1      1046         1         4         7         1         1         1         1         1      1694
         1      1046         1         4         8         2         2         2         1         1      1687
         1      1046         1         4         9         1         2         3         0         1      1423
         1      1046         1         4        10         9         2         9         1         1      1523
         1      1046         1         4        11         1         2         1         1         1       994
         1      1046         1         4        12         4         2         3         0         1      1205
         1      1046         1         4        13         7         1         7         1         1      1585
         1      1046         1         4        14         6         2         6         1         1      1117
         1      1046         1         4        15         2         2         2         1         1      1197
         1      1046         1         4        16         7         2         7         1         1      4904
         1      1046         1         4        17         6         1         6         1         1      1088
         1      1046         1         4        18         3         2         3         1         1      3489
         1      1046         1         4        19         4         1         4         1         1      3795
         1      1046         1         4        20         8         2         8         1         1      1271
         1      1046         1         4        21         8         1         8         1         1      1200
         1      1046         1         4        22        10         2         0         1         1      1885
         1      1046         1         4        23         9         1         9         1         1      1852
         1      1046         1         4        24         6         2         6         1         1      2477
         1      1046         1         4        25         3         2         4         0         1      4630
         1      1046         1         4        26         5         1         5         1         1      2456
         1      1046         1         4        27        10         1         0         1         1      1809
         1      1046         1         4        28         4         2         4         1         1      1860
         1      1046         1         4        29         2         1         2         1         1      1270
         1      1046         1         4        30         4         1         4         1         1      1616
         1      1046         1         4        31         9         2         9         1         1      1067
         1      1046         1         4        32         9         1         9         1         1      1387
         1      1046         1         4        33         7         2         7         1         1      4719
         1      1046         1         4        34         2         1         2         1         1      1502
         1      1046         1         4        35        10         1         0         1         1      9245
         1      1046         1         4        36         5         1         5         1         1      1527
         1      1046         1         4        37         6         1         6         1         1       982
         1      1046         1         4        38         3         1         3         1         1      2491
         1      1046         1         4        39        10         2         0         1         1      1812
         1      1046         1         4        40         5         2         5         1         1      3016
         1      1046         1         5         1         6         2         6         1         1      1359
         1      1046         1         5         2         1         2         1         1         1      1925
         1      1046         1         5         3         9         2         9         1         1      1429
         1      1046         1         5         4         5         2         5         1         1      1960
         1      1046         1         5         5         3         1         3         1         1      5030
         1      1046         1         5         6         2         1         2         1         1      1096
         1      1046         1         5         7         6         1         6         1         1      1113
         1      1046         1         5         8         8         2         8         1         1      1464
         1      1046         1         5         9         1         1         1         1         1      1353
         1      1046         1         5        10         6         2         6         1         1      1518
         1      1046         1         5        11         5         1         5         1         1      1597
         1      1046         1         5        12         9         1         9         1         1      1288
         1      1046         1         5        13         8         2         8         1         1      1489
         1      1046         1         5        14         1         1         1         1         1      1281
         1      1046         1         5        15         4         2         4         1         1      2137
         1      1046         1         5        16        10         1         0         1         1      2126
         1      1046         1         5        17         2         2         2         1         1      1766
         1      1046         1         5        18         9         1         9         1         1      1675
         1      1046         1         5        19        10         2         0         1         1      3381
         1      1046         1         5        20         5         1         5         1         1      1625
         1      1046         1         5        21        10         1         0         1         1      1572
         1      1046         1         5        22         3         2         3         1         1      2609
         1      1046         1         5        23         7         1         7         1         1      1334
         1      1046         1         5        24         7         2         7         1         1      1628
         1      1046         1         5        25        10         2         0         1         1      1863
         1      1046         1         5        26         5         2         5         1         1      1497
         1      1046         1         5        27         2         1         2         1         1      1272
         1      1046         1         5        28         9         2         9         1         1      1170
         1      1046         1         5        29         4         1         4         1         1      1872
         1      1046         1         5        30         4         2         4         1         1      5727
         1      1046         1         5        31         3         1         3         1         1      2646
         1      1046         1         5        32         7         2         7         1         1      3800
         1      1046         1         5        33         1         2         1         1         1      1628
         1      1046         1         5        34         6         1         6         1         1      1159
         1      1046         1         5        35         8         1         8         1         1      1125
         1      1046         1         5        36         4         1         4         1         1      2085
         1      1046         1         5        37         7         1         7         1         1      1134
         1      1046         1         5        38         3         2         3         1         1      3933
         1      1046         1         5        39         2         2         2         1         1      1627
         1      1046         1         5        40         8         1         8         1         1      1223
         1      1046         1         6         1         6         2         6         1         1      2897
         1      1046         1         6         2         5         1         5         1         1      1641
         1      1046         1         6         3         6         2         6         1         1       931
         1      1046         1         6         4         7         2         7         1         1      2058
         1      1046         1         6         5         1         1         1         1         1      1203
         1      1046         1         6         6         2         1         2         1         1      1375
         1      1046         1         6         7        10         2         0         1         1      1364
         1      1046         1         6         8         4         1         4         1         1      3866
         1      1046         1         6         9         2         2         2         1         1      5643
         1      1046         1         6        10        10         1         0         1         1      1845
         1      1046         1         6        11         6         1         6         1         1      1654
         1      1046         1         6        12         8         1         8         1         1      1360
         1      1046         1         6        13         9         2         9         1         1      2005
         1      1046         1         6        14        10         1         0         1         1      1729
         1      1046         1         6        15         2         1         2         1         1      2551
         1      1046         1         6        16         4         2         4         1         1      1676
         1      1046         1         6        17         9         1         9         1         1      1637
         1      1046         1         6        18         7         2         7         1         1      4607
         1      1046         1         6        19        10         2         0         1         1      1364
         1      1046         1         6        20         3         1         3         1         1      2490
         1      1046         1         6        21         1         1         1         1         1      1442
         1      1046         1         6        22         3         2         3         1         1      1509
         1      1046         1         6        23         1         2         1         1         1      1701
         1      1046         1         6        24         7         1         7         1         1      1229
         1      1046         1         6        25         1         2         1         1         1      1112
         1      1046         1         6        26         5         2         5         1         1      4359
         1      1046         1         6        27         3         1         3         1         1      1733
         1      1046         1         6        28         8         1         8         1         1      1131
         1      1046         1         6        29         5         2         5         1         1      1722
         1      1046         1         6        30         4         2         4         1         1      5440
         1      1046         1         6        31         4         1         4         1         1      4595
         1      1046         1         6        32         8         2         8         1         1      2279
         1      1046         1         6        33         6         1         6         1         1      1848
         1      1046         1         6        34         9         1         9         1         1      1689
         1      1046         1         6        35         7         1         7         1         1      2610
         1      1046         1         6        36         2         2         2         1         1      2646
         1      1046         1         6        37         9         2         9         1         1      2168
         1      1046         1         6        38         5         1         5         1         1      9533
         1      1046         1         6        39         8         2         8         1         1      1691
         1      1046         1         6        40         3         2         3         1         1      2084
         1      1046         2         1         1         3         4         3         1         0      3937
         1      1046         2         1         2         8         2         8         1         0      2495
         1      1046         2         1         3        10         4         0         1         0      4040
         1      1046         2         1         4         3         1         3         1         1      1731
         1      1046         2         1         5         2         1         2         1         1      1514
         1      1046         2         1         6         7         1         7         1         1      1242
         1      1046         2         1         7         6         2         6         1         0      1044
         1      1046         2         1         8         5         4         5         1         0      2901
         1      1046         2         1         9         5         1         5         1         1      1965
         1      1046         2         1        10         4         2         4         1         0      1626
         1      1046         2         1        11         2         2         2         1         0      1381
         1      1046         2         1        12         8         3         8         1         0      1657
         1      1046         2         1        13         9         1         9         1         1      1234
         1      1046         2         1        14        10         1         0         1         1      1868
         1      1046         2         1        15         6         4         6         1         0      1068
         1      1046         2         1        16         9         4         9         1         0      2364
         1      1046         2         1        17         5         2         5         1         0      2634
         1      1046         2         1        18         1         1         1         1         1      1179
         1      1046         2         1        19         7         2         7         1         0      1544
         1      1046         2         1        20         3         2         3         1         0      1477
         1      1046         2         1        21         8         1         8         1         1      1255
         1      1046         2         1        22         2         3         2         1         0      3137
         1      1046         2         1        23         5         3         5         1         0      1584
         1      1046         2         1        24        10         2         0         1         0      2332
         1      1046         2         1        25         6         1         6         1         1      1179
         1      1046         2         1        26         4         3         4         1         0      7480
         1      1046         2         1        27         3         3         3         1         0      2633
         1      1046         2         1        28         7         4         7         1         0      3035
         1      1046         2         1        29         8         4         8         1         0      1597
         1      1046         2         1        30         6         3         6         1         0      2025
         1      1046         2         1        31         9         3         9         1         0      2163
         1      1046         2         1        32         2         4         9         0         0      4792
         1      1046         2         1        33        10         3         3         0         0      3828
         1      1046         2         1        34         4         1         4         1         1      1687
         1      1046         2         1        35         4         4         2         0         0      2895
         1      1046         2         1        36         1         2         1         1         0      1767
         1      1046         2         1        37         9         2         9         1         0      1467
         1      1046         2         1        38         7         3         7         1         0      4877
         1      1046         2         1        39         1         3         3         0         0      7173
         1      1046         2         1        40         1         4         1         1         0      1891
         1      1046         2         2         1         3         1         3         1         0      5489
         1      1046         2         2         2         9         3         9         1         0      1505
         1      1046         2         2         3         5         4         5         1         0      1792
         1      1046         2         2         4         1         3         3         0         0      2501
         1      1046         2         2         5        10         4         0         1         0      3486
         1      1046         2         2         6         8         2         8         1         1      1358
         1      1046         2         2         7         6         1         6         1         0      1140
         1      1046         2         2         8         8         4         8         1         0      1378
         1      1046         2         2         9         9         4         9         1         0      1367
         1      1046         2         2        10         7         2         7         1         1      1644
         1      1046         2         2        11         1         1         1         1         0      1189
         1      1046         2         2        12         9         2         9         1         1      1090
         1      1046         2         2        13         7         1         7         1         0      1379
         1      1046         2         2        14         6         4         6         1         0      1110
         1      1046         2         2        15         9         1         9         1         0      1189
         1      1046         2         2        16         8         3         8         1         0      1282
         1      1046         2         2        17         3         2         3         1         1      1450
         1      1046         2         2        18        10         3         3         0         0      2939
         1      1046         2         2        19         1         4         1         1         0      1170
         1      1046         2         2        20         5         2         5         1         1      1327
         1      1046         2         2        21         1         2         1         1         1      1158
         1      1046         2         2        22         6         2         6         1         1      1123
         1      1046         2         2        23         3         4         3         1         0      1538
         1      1046         2         2        24         3         3         3         1         0      3409
         1      1046         2         2        25         5         3         5         1         0      2022
         1      1046         2         2        26        10         1         0         1         0      1264
         1      1046         2         2        27        10         2         0         1         1      1306
         1      1046         2         2        28         4         3         4         1         0      2210
         1      1046         2         2        29         5         1         5         1         0      1334
         1      1046         2         2        30         2         3         2         1         0      1804
         1      1046         2         2        31         7         3         7         1         0      1440
         1      1046         2         2        32         6         3         6         1         0      1411
         1      1046         2         2        33         2         2         2         1         1      1670
         1      1046         2         2        34         4         4         2         0         0      1312
         1      1046         2         2        35         7         4         7         1         0      1495
         1      1046         2         2        36         4         2         4         1         1     10501
         1      1046         2         2        37         2         4         2         1         0      4988
         1      1046         2         2        38         2         1         2         1         0      2385
         1      1046         2         2        39         8         1         8         1         0      1198
         1      1046         2         2        40         4         1         4         1         0      1867
         1      1046         2         3         1         2         2         2         1         0      2690
         1      1046         2         3         2         8         3         8         1         0      1171
         1      1046         2         3         3         5         1         5         1         1      1360
         1      1046         2         3         4         4         4         2         0         0      1062
         1      1046         2         3         5        10         1         0         1         1      1479
         1      1046         2         3         6         4         3         4         1         0      4599
         1      1046         2         3         7         5         3         5         1         0      1626
         1      1046         2         3         8         2         4         2         1         0      1589
         1      1046         2         3         9         6         1         6         1         1      1970
         1      1046         2         3        10         7         4         7         1         0      1295
         1      1046         2         3        11         1         3         3         0         0      2135
         1      1046         2         3        12         8         2         8         1         0      1213
         1      1046         2         3        13         4         1         4         1         1      1273
         1      1046         2         3        14         9         4         9         1         0      1378
         1      1046         2         3        15         9         3         0         0         0     12726
         1      1046         2         3        16         6         2         6         1         0      1141
         1      1046         2         3        17         7         2         7         1         0      1252
         1      1046         2         3        18         7         3         7         1         0      1390
         1      1046         2         3        19         3         4         3         1         0      1458
         1      1046         2         3        20         9         2         9         1         0      1316
         1      1046         2         3        21         6         4         6         1         0      1322
         1      1046         2         3        22         2         3         2         1         0      3457
         1      1046         2         3        23         5         4         5         1         0      1507
         1      1046         2         3        24         7         1         7         1         1      1348
         1      1046         2         3        25         3         1         3         1         1      1451
         1      1046         2         3        26         1         2         1         1         0      1836
         1      1046         2         3        27         1         1         1         1         1      1166
         1      1046         2         3        28         6         3         6         1         0      1818
         1      1046         2         3        29         3         3         3         1         0      1534
         1      1046         2         3        30         8         4         8         1         0      1707
         1      1046         2         3        31         4         2         4         1         0     19378
         1      1046         2         3        32        10         3         3         0         0      1526
         1      1046         2         3        33        10         4         0         1         0      1701
         1      1046         2         3        34         5         2         5         1         0      1533
         1      1046         2         3        35         8         1         8         1         1      1067
         1      1046         2         3        36         3         2         3         1         0      1308
         1      1046         2         3        37        10         2         0         1         0      3909
         1      1046         2         3        38         9         1         9         1         1      1428
         1      1046         2         3        39         1         4         1         1         0      1415
         1      1046         2         3        40         2         1         2         1         1      1375
         1      1046         2         4         1         3         2         3         1         1      1742
         1      1046         2         4         2         6         3         6         1         0      1221
         1      1046         2         4         3         8         4         8         1         0      1456
         1      1046         2         4         4         9         4         9         1         0      1586
         1      1046         2         4         5         1         1         1         1         0      1245
         1      1046         2         4         6         8         1         8         1         0      1239
         1      1046         2         4         7        10         4         0         1         0      1282
         1      1046         2         4         8        10         1         0         1         0      5098
         1      1046         2         4         9        10         3         3         0         0      1241
         1      1046         2         4        10         2         3         2         1         0      1011
         1      1046         2         4        11         3         1         3         1         0      1879
         1      1046         2         4        12         7         4         7         1         0      3015
         1      1046         2         4        13         2         4         1         0         0      1114
         1      1046         2         4        14         8         3         8         1         0      1338
         1      1046         2         4        15         2         2         2         1         1      1616
         1      1046         2         4        16         7         1         7         1         0      1388
         1      1046         2         4        17         4         3         4         1         0      2097
         1      1046         2         4        18         5         2         5         1         1      1497
         1      1046         2         4        19         1         4         1         1         0      1256
         1      1046         2         4        20         8         2         8         1         1      1522
         1      1046         2         4        21         6         2         6         1         1      2033
         1      1046         2         4        22        10         2         0         1         1      1532
         1      1046         2         4        23         2         1         2         1         0      3642
         1      1046         2         4        24         6         4         6         1         0      5331
         1      1046         2         4        25         9         2         9         1         1      2137
         1      1046         2         4        26         5         3         5         1         0      1503
         1      1046         2         4        27         6         1         6         1         0      2735
         1      1046         2         4        28         9         3         9         1         0      1342
         1      1046         2         4        29         5         4         5         1         0      1507
         1      1046         2         4        30         1         2         1         1         1      1219
         1      1046         2         4        31         5         1         5         1         0      1247
         1      1046         2         4        32         9         1         9         1         0      1095
         1      1046         2         4        33         7         2         7         1         1      1479
         1      1046         2         4        34         3         3         3         1         0      1384
         1      1046         2         4        35         4         2         4         1         1      3388
         1      1046         2         4        36         4         4         4         1         0      1632
         1      1046         2         4        37         4         1         4         1         0       987
         1      1046         2         4        38         3         4         3         1         0      1327
         1      1046         2         4        39         7         3         7         1         0      1158
         1      1046         2         4        40         1         3         3         0         0      1443
