Condition Subject Session Block Trial Subtype Token Response Correct Feedback RT 
         2      2115         1         1         1         9         2         8         0         1      4850
         2      2115         1         1         2         2         2         7         0         1      4654
         2      2115         1         1         3         8         1         5         0         1      3567
         2      2115         1         1         4         1         1         0         0         1      5210
         2      2115         1         1         5         6         2         2         0         1      4756
         2      2115         1         1         6        10         1         0         1         1      2161
         2      2115         1         1         7         7         2         3         0         1      3925
         2      2115         1         1         8         4         1         3         0         1      2610
         2      2115         1         1         9         9         2         1         0         1     13414
         2      2115         1         1        10         1         1         4         0         1      4713
         2      2115         1         1        11         8         2         4         0         1      9909
         2      2115         1         1        12         5         1         5         1         1      2178
         2      2115         1         1        13         6         1         6         1         1      5319
         2      2115         1         1        14         6         2         9         0         1      7038
         2      2115         1         1        15         3         2         3         1         1      4671
         2      2115         1         1        16         5         2         8         0         1      3663
         2      2115         1         1        17         3         2         4         0         1      4264
         2      2115         1         1        18         1         2         2         0         1      5863
         2      2115         1         1        19         2         1         5         0         1      2183
         2      2115         1         1        20         1         2         1         1         1      2234
         2      2115         1         1        21         8         1         8         1         1      3149
         2      2115         1         1        22         9         1         7         0         1      3914
         2      2115         1         1        23         2         1         2         1         1      2872
         2      2115         1         1        24         3         1         9         0         1      4432
         2      2115         1         1        25         5         1         5         1         1      2585
         2      2115         1         1        26         6         1         6         1         1      5342
         2      2115         1         1        27         4         2         9         0         1      3907
         2      2115         1         1        28         4         2         4         1         1      3699
         2      2115         1         1        29        10         2         0         1         1      2826
         2      2115         1         1        30         7         2         2         0         1      2469
         2      2115         1         1        31        10         1         0         1         1      1423
         2      2115         1         1        32        10         2         0         1         1     11331
         2      2115         1         1        33         3         1         3         1         1      3673
         2      2115         1         1        34         5         2         8         0         1      3794
         2      2115         1         1        35         4         1         6         0         1      2742
         2      2115         1         1        36         7         1         4         0         1      6003
         2      2115         1         1        37         9         1         2         0         1      4735
         2      2115         1         1        38         7         1         7         1         1      3230
         2      2115         1         1        39         8         2         8         1         1      5495
         2      2115         1         1        40         2         2         6         0         1      2519
         2      2115         1         2         1         2         2         2         1         1      3585
         2      2115         1         2         2         8         1         8         1         1      2974
         2      2115         1         2         3         3         1         7         0         1     10067
         2      2115         1         2         4         7         2         6         0         1      2717
         2      2115         1         2         5         5         1         5         1         1      2331
         2      2115         1         2         6         8         2         8         1         1      4217
         2      2115         1         2         7         2         1         2         1         1      3836
         2      2115         1         2         8         6         1         6         1         1     12335
         2      2115         1         2         9         5         2         4         0         1      6413
         2      2115         1         2        10        10         1         0         1         1      1706
         2      2115         1         2        11         9         1         1         0         1      5137
         2      2115         1         2        12         2         1         2         1         1      4161
         2      2115         1         2        13         7         1         9         0         1      7238
         2      2115         1         2        14         1         2         1         1         1      6000
         2      2115         1         2        15         4         1         4         1         1      3643
         2      2115         1         2        16         2         2         2         1         1      4052
         2      2115         1         2        17         1         1         9         0         1      6366
         2      2115         1         2        18         6         2         2         0         1      7403
         2      2115         1         2        19         6         2         6         1         1      2464
         2      2115         1         2        20         3         2         3         1         1      9817
         2      2115         1         2        21         9         2         1         0         1      4557
         2      2115         1         2        22         9         1         1         0         1      3010
         2      2115         1         2        23         9         2         9         1         1      2726
         2      2115         1         2        24         7         1         7         1         1      3076
         2      2115         1         2        25         3         2         6         0         1     21524
         2      2115         1         2        26         8         1         8         1         1      2692
         2      2115         1         2        27         4         2         1         0         1      3011
         2      2115         1         2        28        10         1         0         1         1      1368
         2      2115         1         2        29         6         1         3         0         1      5853
         2      2115         1         2        30        10         2         0         1         1      1968
         2      2115         1         2        31         5         2         8         0         1      3276
         2      2115         1         2        32         1         1         1         1         1      3700
         2      2115         1         2        33         4         1         2         0         1      1756
         2      2115         1         2        34         3         1         5         0         1      3186
         2      2115         1         2        35         4         2         6         0         1      6142
         2      2115         1         2        36         7         2         7         1         1      3653
         2      2115         1         2        37        10         2         0         1         1      1728
         2      2115         1         2        38         5         1         5         1         1      2405
         2      2115         1         2        39         1         2         1         1         1      2336
         2      2115         1         2        40         8         2         8         1         1      3149
         2      2115         1         3         1         7         1         4         0         1      9512
         2      2115         1         3         2         2         1         1         0         1      5784
         2      2115         1         3         3         1         2         9         0         1      6508
         2      2115         1         3         4        10         1         0         1         1      1188
         2      2115         1         3         5        10         1         0         1         1      1266
         2      2115         1         3         6         6         1         9         0         1      2171
         2      2115         1         3         7         2         2         2         1         1      2031
         2      2115         1         3         8         4         2         4         1         1      8314
         2      2115         1         3         9         7         2         2         0         1      2170
         2      2115         1         3        10         1         1         1         1         1      2734
         2      2115         1         3        11         3         1         9         0         1      3181
         2      2115         1         3        12         1         1         1         1         1      1881
         2      2115         1         3        13         8         2         8         1         1      2280
         2      2115         1         3        14         9         2         7         0         1      3306
         2      2115         1         3        15         1         2         3         0         1      4465
         2      2115         1         3        16         9         2         9         1         1      3771
         2      2115         1         3        17         2         2         1         0         1      3696
         2      2115         1         3        18         4         1         1         0         1      3527
         2      2115         1         3        19         3         2         3         1         1      4981
         2      2115         1         3        20         6         1         6         1         1      2970
         2      2115         1         3        21         5         1         5         1         1      2222
         2      2115         1         3        22         8         1         8         1         1      3168
         2      2115         1         3        23         3         2         9         0         1      7597
         2      2115         1         3        24         6         2         7         0         1      3817
         2      2115         1         3        25         4         2         4         1         1      3180
         2      2115         1         3        26         5         2         5         1         1      4681
         2      2115         1         3        27        10         2         0         1         1      1642
         2      2115         1         3        28         9         1         2         0         1      2709
         2      2115         1         3        29         4         1         2         0         1      2372
         2      2115         1         3        30         6         2         3         0         1      5216
         2      2115         1         3        31         9         1         2         0         1      2140
         2      2115         1         3        32         5         1         4         0         1      6433
         2      2115         1         3        33        10         2         0         1         1      1308
         2      2115         1         3        34         7         1         2         0         1      4372
         2      2115         1         3        35         3         1         4         0         1      5441
         2      2115         1         3        36         2         1         7         0         1      2932
         2      2115         1         3        37         8         2         8         1         1      3882
         2      2115         1         3        38         5         2         5         1         1      2522
         2      2115         1         3        39         8         1         8         1         1      3249
         2      2115         1         3        40         7         2         2         0         1      2492
         2      2115         1         4         1         2         2         7         0         1      3467
         2      2115         1         4         2         9         2         6         0         1      2077
         2      2115         1         4         3         1         1         1         1         1      3253
         2      2115         1         4         4         4         1         4         1         1      3855
         2      2115         1         4         5         7         1         9         0         1      5665
         2      2115         1         4         6         4         1         2         0         1      2378
         2      2115         1         4         7         1         1         1         1         1      3494
         2      2115         1         4         8        10         2         0         1         1      1399
         2      2115         1         4         9         4         2         4         1         1      2475
         2      2115         1         4        10         6         1         6         1         1      2195
         2      2115         1         4        11        10         2         0         1         1      1239
         2      2115         1         4        12         5         1         5         1         1      4047
         2      2115         1         4        13         5         2         5         1         1      2137
         2      2115         1         4        14         3         2         9         0         1      3984
         2      2115         1         4        15         3         2         3         1         1      3388
         2      2115         1         4        16         7         2         7         1         1      3266
         2      2115         1         4        17         7         2         7         1         1      1340
         2      2115         1         4        18         3         1         8         0         1      3586
         2      2115         1         4        19         5         1         5         1         1      2253
         2      2115         1         4        20         6         2         6         1         1      2368
         2      2115         1         4        21         3         1         3         1         1      4766
         2      2115         1         4        22         2         1         2         1         1      1771
         2      2115         1         4        23         1         2         1         1         1      2064
         2      2115         1         4        24         8         1         8         1         1      2714
         2      2115         1         4        25         4         2         5         0         1      2745
         2      2115         1         4        26         9         1         7         0         1      3080
         2      2115         1         4        27         2         2         2         1         1      1768
         2      2115         1         4        28         9         1         4         0         1      3038
         2      2115         1         4        29         8         2         8         1         1      2416
         2      2115         1         4        30         9         2         7         0         1      5948
         2      2115         1         4        31        10         1         0         1         1      1419
         2      2115         1         4        32         8         1         8         1         1      3119
         2      2115         1         4        33         6         1         6         1         1      2926
         2      2115         1         4        34        10         1         0         1         1      1558
         2      2115         1         4        35         7         1         9         0         1      3092
         2      2115         1         4        36         5         2         5         1         1      2564
         2      2115         1         4        37         6         2         6         1         1      2361
         2      2115         1         4        38         2         1         3         0         1      2103
         2      2115         1         4        39         1         2         1         1         1      1087
         2      2115         1         4        40         8         2         8         1         1      2542
         2      2115         1         5         1         2         2         2         1         1      1843
         2      2115         1         5         2         8         2         8         1         1      2197
         2      2115         1         5         3         5         2         5         1         1      2041
         2      2115         1         5         4         4         1         1         0         1      1426
         2      2115         1         5         5         5         1         5         1         1      4708
         2      2115         1         5         6         2         1         2         1         1      1508
         2      2115         1         5         7         7         2         7         1         1      2387
         2      2115         1         5         8         7         2         7         1         1      1137
         2      2115         1         5         9        10         1         0         1         1      1344
         2      2115         1         5        10         9         2         9         1         1      1894
         2      2115         1         5        11         9         2         9         1         1      1144
         2      2115         1         5        12         4         2         4         1         1      1830
         2      2115         1         5        13         5         2         5         1         1      1737
         2      2115         1         5        14         6         2         6         1         1      2032
         2      2115         1         5        15         3         1         4         0         1      7387
         2      2115         1         5        16         2         2         2         1         1      1358
         2      2115         1         5        17         1         1         1         1         1       963
         2      2115         1         5        18         1         2         1         1         1      1544
         2      2115         1         5        19         4         2         4         1         1      1845
         2      2115         1         5        20         3         2         3         1         1      1751
         2      2115         1         5        21         8         2         8         1         1      1580
         2      2115         1         5        22         6         2         6         1         1      2521
         2      2115         1         5        23         7         1         3         0         1      2513
         2      2115         1         5        24        10         1         0         1         1      1193
         2      2115         1         5        25         5         1         5         1         1      1875
         2      2115         1         5        26         7         1         7         1         1      2148
         2      2115         1         5        27         3         2         3         1         1      2330
         2      2115         1         5        28        10         2         0         1         1      1256
         2      2115         1         5        29         6         1         6         1         1      1954
         2      2115         1         5        30         3         1         3         1         1      1968
         2      2115         1         5        31         6         1         6         1         1      1741
         2      2115         1         5        32         2         1         2         1         1      1380
         2      2115         1         5        33         9         1         2         0         1      2041
         2      2115         1         5        34         8         1         8         1         1      2003
         2      2115         1         5        35         4         1         1         0         1      1614
         2      2115         1         5        36         1         1         1         1         1      1097
         2      2115         1         5        37         9         1         9         1         1      3801
         2      2115         1         5        38         1         2         1         1         1      1132
         2      2115         1         5        39         8         1         8         1         1      1482
         2      2115         1         5        40        10         2         0         1         1      1212
         2      2115         1         6         1         1         1         1         1         1      3416
         2      2115         1         6         2         1         1         1         1         1       603
         2      2115         1         6         3         7         2         7         1         1      2224
         2      2115         1         6         4         4         2         4         1         1      2034
         2      2115         1         6         5         3         1         3         1         1      1470
         2      2115         1         6         6         8         1         8         1         1      1568
         2      2115         1         6         7         5         1         5         1         1      2668
         2      2115         1         6         8         4         2         4         1         1      2813
         2      2115         1         6         9         8         2         8         1         1      2344
         2      2115         1         6        10         8         2         8         1         1       661
         2      2115         1         6        11         6         2         6         1         1      2503
         2      2115         1         6        12         7         1         9         0         1      2591
         2      2115         1         6        13         9         2         9         1         1      1635
         2      2115         1         6        14         3         2         3         1         1      1822
         2      2115         1         6        15         5         2         5         1         1      1809
         2      2115         1         6        16        10         1         0         1         1      1190
         2      2115         1         6        17         6         1         6         1         1      2034
         2      2115         1         6        18         8         1         8         1         1      2156
         2      2115         1         6        19         3         1         3         1         1      1730
         2      2115         1         6        20         1         2         1         1         1      5143
         2      2115         1         6        21         6         2         6         1         1      1798
         2      2115         1         6        22        10         2         0         1         1      1307
         2      2115         1         6        23         5         1         5         1         1      2737
         2      2115         1         6        24         9         1         7         0         1     12512
         2      2115         1         6        25        10         2         0         1         1      1080
         2      2115         1         6        26         4         1         4         1         1      2344
         2      2115         1         6        27         2         2         2         1         1      2102
         2      2115         1         6        28         2         1         2         1         1      1742
         2      2115         1         6        29         3         2         3         1         1      1444
         2      2115         1         6        30         5         2         5         1         1      1622
         2      2115         1         6        31         1         2         1         1         1      1631
         2      2115         1         6        32         9         1         9         1         1      2010
         2      2115         1         6        33         2         2         2         1         1      1044
         2      2115         1         6        34         6         1         6         1         1      1653
         2      2115         1         6        35         4         1         4         1         1      2191
         2      2115         1         6        36         9         2         9         1         1      2020
         2      2115         1         6        37         7         1         7         1         1      2544
         2      2115         1         6        38         7         2         7         1         1      2310
         2      2115         1         6        39        10         1         0         1         1      1159
         2      2115         1         6        40         2         1         2         1         1      1445
         2      2115         2         1         1        10         2         0         1         0      1455
         2      2115         2         1         2         2         3         2         1         0      8160
         2      2115         2         1         3         8         3         8         1         0      2003
         2      2115         2         1         4         2         1         2         1         1      1039
         2      2115         2         1         5         7         1         7         1         1      2162
         2      2115         2         1         6         3         2         3         1         0      1223
         2      2115         2         1         7         6         1         6         1         1      2354
         2      2115         2         1         8         9         1         9         1         1      1952
         2      2115         2         1         9         3         4         4         0         0      2717
         2      2115         2         1        10         3         3         7         0         0      2045
         2      2115         2         1        11         7         2         7         1         0      2167
         2      2115         2         1        12         5         2         5         1         0      2604
         2      2115         2         1        13         1         2         1         1         0      1808
         2      2115         2         1        14         8         4         8         1         0      2050
         2      2115         2         1        15         5         4         3         0         0      4379
         2      2115         2         1        16         9         4         7         0         0      4982
         2      2115         2         1        17         4         2         4         1         0      2235
         2      2115         2         1        18         1         4         1         1         0      2941
         2      2115         2         1        19         5         1         5         1         1      3857
         2      2115         2         1        20         9         3         7         0         0      3187
         2      2115         2         1        21        10         3         0         1         0      1374
         2      2115         2         1        22         3         1         3         1         1      2179
         2      2115         2         1        23         1         1         1         1         1      1352
         2      2115         2         1        24         8         1         8         1         1      1598
         2      2115         2         1        25         2         4         2         1         0      2167
         2      2115         2         1        26        10         4         0         1         0      1164
         2      2115         2         1        27         4         4         1         0         0      5094
         2      2115         2         1        28         7         3         1         0         0      4661
         2      2115         2         1        29         6         2         3         0         0      1671
         2      2115         2         1        30         7         4         7         1         0      8544
         2      2115         2         1        31        10         1         0         1         1      1142
         2      2115         2         1        32         9         2         9         1         0      1732
         2      2115         2         1        33         2         2         2         1         0      1130
         2      2115         2         1        34         4         3         4         1         0      2504
         2      2115         2         1        35         5         3         5         1         0      5277
         2      2115         2         1        36         1         3         4         0         0      4358
         2      2115         2         1        37         6         3         6         1         0      2961
         2      2115         2         1        38         4         1         4         1         1      2647
         2      2115         2         1        39         6         4         6         1         0      7880
         2      2115         2         1        40         8         2         8         1         0      2728
         2      2115         2         2         1         2         1         2         1         0      2242
         2      2115         2         2         2         1         4         1         1         0      2548
         2      2115         2         2         3         3         3         7         0         0      4860
         2      2115         2         2         4         7         3         4         0         0      3558
         2      2115         2         2         5         9         4         2         0         0      3218
         2      2115         2         2         6         6         3         6         1         0      2558
         2      2115         2         2         7         5         4         3         0         0      2963
         2      2115         2         2         8         1         3         4         0         0      2041
         2      2115         2         2         9         5         1         5         1         0      2369
         2      2115         2         2        10         5         2         5         1         1      5662
         2      2115         2         2        11        10         4         0         1         0      1575
         2      2115         2         2        12         3         4         2         0         0      5780
         2      2115         2         2        13         3         1         3         1         0      2505
         2      2115         2         2        14         1         1         1         1         0      2944
         2      2115         2         2        15         8         1         8         1         0      2262
         2      2115         2         2        16         2         4         2         1         0      1415
         2      2115         2         2        17         5         3         3         0         0      3354
         2      2115         2         2        18         3         2         3         1         1      5423
         2      2115         2         2        19         9         2         9         1         1      1635
         2      2115         2         2        20         7         2         7         1         1      3166
         2      2115         2         2        21         4         4         1         0         0      6617
         2      2115         2         2        22        10         2         0         1         1      1501
         2      2115         2         2        23         8         4         8         1         0      7614
         2      2115         2         2        24         4         2         4         1         1      4648
         2      2115         2         2        25         9         3         9         1         0      2491
         2      2115         2         2        26        10         3         0         1         0      1044
         2      2115         2         2        27         9         1         9         1         0      2023
         2      2115         2         2        28         8         3         8         1         0      3041
         2      2115         2         2        29         6         2         6         1         1      1843
         2      2115         2         2        30         4         1         4         1         0      2373
         2      2115         2         2        31         7         4         7         1         0      8801
         2      2115         2         2        32        10         1         0         1         0      1214
         2      2115         2         2        33         2         2         2         1         1      2105
         2      2115         2         2        34         1         2         1         1         1      1392
         2      2115         2         2        35         6         4         6         1         0      2355
         2      2115         2         2        36         8         2         8         1         1      1440
         2      2115         2         2        37         6         1         8         0         0      1297
         2      2115         2         2        38         7         1         7         1         0      6521
         2      2115         2         2        39         2         3         2         1         0      1680
         2      2115         2         2        40         4         3         4         1         0      2313
         2      2115         2         3         1         6         2         6         1         0      1976
         2      2115         2         3         2         6         3         6         1         0      2277
         2      2115         2         3         3         3         4         3         1         0      6390
         2      2115         2         3         4         7         2         7         1         0      2691
         2      2115         2         3         5         8         4         6         0         0      1859
         2      2115         2         3         6         3         3         7         0         0      6902
         2      2115         2         3         7         5         3         3         0         0      1901
         2      2115         2         3         8         9         3         7         0         0      6477
         2      2115         2         3         9         5         2         5         1         0      2085
         2      2115         2         3        10         9         2         9         1         0      1711
         2      2115         2         3        11         4         4         4         1         0      2803
         2      2115         2         3        12         2         4         2         1         0      1598
         2      2115         2         3        13        10         3         0         1         0      1435
         2      2115         2         3        14         1         4         1         1         0      2174
         2      2115         2         3        15         7         4         7         1         0      3475
         2      2115         2         3        16         7         3         1         0         0      2148
         2      2115         2         3        17         7         1         7         1         1      2426
         2      2115         2         3        18         1         3         4         0         0      2454
         2      2115         2         3        19         9         4         2         0         0      1680
         2      2115         2         3        20         5         1         3         0         1     12871
         2      2115         2         3        21         4         2         4         1         0      2192
         2      2115         2         3        22         2         2         2         1         0      1924
         2      2115         2         3        23         4         1         1         0         1      1202
         2      2115         2         3        24         8         2         8         1         0      2478
         2      2115         2         3        25         1         1         1         1         1      1718
         2      2115         2         3        26        10         2         0         1         0      1437
         2      2115         2         3        27         3         1         3         1         1      1536
         2      2115         2         3        28         2         3         2         1         0      1423
         2      2115         2         3        29         1         2         1         1         0      1408
         2      2115         2         3        30         2         1         2         1         1       916
         2      2115         2         3        31         6         1         6         1         1      2059
         2      2115         2         3        32         3         2         3         1         0      2724
         2      2115         2         3        33         6         4         4         0         0      2867
         2      2115         2         3        34         9         1         7         0         1      3533
         2      2115         2         3        35        10         1         0         1         1      1148
         2      2115         2         3        36         8         1         8         1         1      2282
         2      2115         2         3        37         5         4         3         0         0      2059
         2      2115         2         3        38         8         3         8         1         0      1716
         2      2115         2         3        39         4         3         4         1         0      4843
         2      2115         2         3        40        10         4         0         1         0      1173
         2      2115         2         4         1        10         4         0         1         0      1986
         2      2115         2         4         2         6         1         6         1         0      1934
         2      2115         2         4         3         2         3         2         1         0      1885
         2      2115         2         4         4         1         2         1         1         1      1549
         2      2115         2         4         5         3         2         3         1         1      2555
         2      2115         2         4         6         6         3         6         1         0      2400
         2      2115         2         4         7         1         4         1         1         0      3085
         2      2115         2         4         8         8         4         8         1         0      2254
         2      2115         2         4         9         1         1         1         1         0      4303
         2      2115         2         4        10         5         1         5         1         0      2349
         2      2115         2         4        11         9         4         2         0         0      1723
         2      2115         2         4        12         4         1         4         1         0      2162
         2      2115         2         4        13         7         1         7         1         0      3879
         2      2115         2         4        14        10         2         0         1         1      1784
         2      2115         2         4        15         3         4         3         1         0      4589
         2      2115         2         4        16         5         4         3         0         0      2049
         2      2115         2         4        17        10         3         0         1         0      1164
         2      2115         2         4        18         6         4         6         1         0      2345
         2      2115         2         4        19         2         4         2         1         0      1367
         2      2115         2         4        20         4         4         4         1         0      4411
         2      2115         2         4        21         7         3         7         1         0      2839
         2      2115         2         4        22         2         1         2         1         0       978
         2      2115         2         4        23         5         2         5         1         1      2534
         2      2115         2         4        24         8         2         8         1         1      2043
         2      2115         2         4        25         7         4         7         1         0      4533
         2      2115         2         4        26         6         2         6         1         1      1548
         2      2115         2         4        27         4         2         4         1         1      5178
         2      2115         2         4        28         9         2         9         1         1      1559
         2      2115         2         4        29         8         1         8         1         0      2709
         2      2115         2         4        30         3         3         7         0         0      4422
         2      2115         2         4        31         2         2         2         1         1      1073
         2      2115         2         4        32         3         1         3         1         0      6562
         2      2115         2         4        33         9         3         9         1         0      2152
         2      2115         2         4        34         7         2         7         1         1      1726
         2      2115         2         4        35         4         3         4         1         0      1638
         2      2115         2         4        36         1         3         4         0         0      2865
         2      2115         2         4        37         9         1         9         1         0      3371
         2      2115         2         4        38         8         3         8         1         0      2079
         2      2115         2         4        39        10         1         0         1         0      1225
         2      2115         2         4        40         5         3         5         1         0      4691
