Condition Subject Session Block Trial Subtype Token Response Correct Feedback RT 
         1      1043         1         1         1         6         1         6         1         1     14820
         1      1043         1         1         2        10         1         2         0         1      6246
         1      1043         1         1         3         7         2         1         0         1      9655
         1      1043         1         1         4         3         1         2         0         1      2065
         1      1043         1         1         5         9         1         9         1         1      2489
         1      1043         1         1         6         5         2         5         1         1      2129
         1      1043         1         1         7         9         2         2         0         1      3735
         1      1043         1         1         8         2         2         1         0         1      2909
         1      1043         1         1         9         5         1         8         0         1      4804
         1      1043         1         1        10         8         1         4         0         1      2927
         1      1043         1         1        11        10         2         3         0         1      5206
         1      1043         1         1        12         5         2         7         0         1     13538
         1      1043         1         1        13         9         2         0         0         1      4576
         1      1043         1         1        14         8         2         3         0         1      2773
         1      1043         1         1        15         3         1         5         0         1      3090
         1      1043         1         1        16         2         1         1         0         1      5538
         1      1043         1         1        17         2         1         2         1         1      1264
         1      1043         1         1        18         5         1         5         1         1      2169
         1      1043         1         1        19         1         1         1         1         1      3773
         1      1043         1         1        20         1         1         1         1         1      1025
         1      1043         1         1        21         4         2         2         0         1      3363
         1      1043         1         1        22         3         2         5         0         1      2999
         1      1043         1         1        23         3         2         3         1         1      2283
         1      1043         1         1        24         4         1         2         0         1      3901
         1      1043         1         1        25         8         2         9         0         1      5596
         1      1043         1         1        26         9         1         9         1         1      3271
         1      1043         1         1        27         7         1         7         1         1      4992
         1      1043         1         1        28         7         1         7         1         1       726
         1      1043         1         1        29         7         2         0         0         1      7508
         1      1043         1         1        30         6         2         6         1         1      1699
         1      1043         1         1        31         8         1         8         1         1      5914
         1      1043         1         1        32         1         2         5         0         1      2297
         1      1043         1         1        33         4         1         4         1         1      5945
         1      1043         1         1        34         2         2         4         0         1       711
         1      1043         1         1        35         4         2         7         0         1      3813
         1      1043         1         1        36        10         2         3         0         1      3001
         1      1043         1         1        37         1         2         5         0         1      1997
         1      1043         1         1        38         6         1         6         1         1      1432
         1      1043         1         1        39        10         1         2         0         1      5977
         1      1043         1         1        40         6         2         6         1         1      1093
         1      1043         1         2         1         8         2         3         0         1      4623
         1      1043         1         2         2         5         1         5         1         1      2371
         1      1043         1         2         3         2         2         7         0         1      6064
         1      1043         1         2         4         1         2         5         0         1      3050
         1      1043         1         2         5         5         1         5         1         1      2684
         1      1043         1         2         6         4         2         4         1         1      3660
         1      1043         1         2         7        10         1         0         1         1      2644
         1      1043         1         2         8         9         1         3         0         1      2645
         1      1043         1         2         9         1         2         1         1         1      2423
         1      1043         1         2        10         2         1         4         0         1      2034
         1      1043         1         2        11         9         1         9         1         1      3212
         1      1043         1         2        12         9         2         8         0         1      7464
         1      1043         1         2        13        10         2         8         0         1      5946
         1      1043         1         2        14         6         2         6         1         1      1079
         1      1043         1         2        15         6         1         6         1         1       552
         1      1043         1         2        16         8         1         8         1         1      4941
         1      1043         1         2        17         7         2         7         1         1      6692
         1      1043         1         2        18         7         1         8         0         1      8788
         1      1043         1         2        19         9         2         9         1         1      3538
         1      1043         1         2        20         8         2         3         0         1      2945
         1      1043         1         2        21        10         1         0         1         1      3781
         1      1043         1         2        22         8         1         8         1         1      3754
         1      1043         1         2        23         5         2         5         1         1      2672
         1      1043         1         2        24         4         1         2         0         1      5954
         1      1043         1         2        25         2         2         2         1         1       480
         1      1043         1         2        26         3         1         1         0         1      6744
         1      1043         1         2        27         6         1         6         1         1       919
         1      1043         1         2        28         4         2         4         1         1      4797
         1      1043         1         2        29         1         1         1         1         1      5480
         1      1043         1         2        30         3         1         3         1         1      2713
         1      1043         1         2        31         3         2         5         0         1      1544
         1      1043         1         2        32         7         2         7         1         1      5014
         1      1043         1         2        33         3         2         3         1         1      1994
         1      1043         1         2        34         5         2         5         1         1      1606
         1      1043         1         2        35         4         1         2         0         1      2930
         1      1043         1         2        36         6         2         6         1         1      1033
         1      1043         1         2        37         2         1         2         1         1      3147
         1      1043         1         2        38         1         1         1         1         1      1048
         1      1043         1         2        39        10         2         9         0         1      3466
         1      1043         1         2        40         7         1         7         1         1      2892
         1      1043         1         3         1         8         1         8         1         1      1578
         1      1043         1         3         2         2         1         2         1         1      1334
         1      1043         1         3         3        10         2         0         1         1      1693
         1      1043         1         3         4         9         1         9         1         1      2373
         1      1043         1         3         5         1         1         1         1         1      1010
         1      1043         1         3         6         5         2         5         1         1      1142
         1      1043         1         3         7         1         2         1         1         1      4804
         1      1043         1         3         8         6         2         6         1         1      1936
         1      1043         1         3         9         8         1         7         0         1      1166
         1      1043         1         3        10         3         1         3         1         1      2363
         1      1043         1         3        11         5         1         5         1         1      1545
         1      1043         1         3        12         5         1         5         1         1      1158
         1      1043         1         3        13         8         2         8         1         1      6660
         1      1043         1         3        14         9         1         9         1         1      2997
         1      1043         1         3        15         7         1         7         1         1      4825
         1      1043         1         3        16         2         2         4         0         1      2661
         1      1043         1         3        17         6         1         6         1         1      1094
         1      1043         1         3        18         7         2         7         1         1      3221
         1      1043         1         3        19         2         2         2         1         1      3025
         1      1043         1         3        20         3         2         1         0         1      8532
         1      1043         1         3        21         1         1         1         1         1      1113
         1      1043         1         3        22         7         2         7         1         1      1337
         1      1043         1         3        23         4         1         4         1         1      2528
         1      1043         1         3        24         1         2         7         0         1      4791
         1      1043         1         3        25         9         2         9         1         1      1939
         1      1043         1         3        26         8         2         0         0         1      2914
         1      1043         1         3        27         3         1         3         1         1      2746
         1      1043         1         3        28        10         1         0         1         1      2358
         1      1043         1         3        29         6         2         6         1         1      1091
         1      1043         1         3        30         7         1         1         0         1      1460
         1      1043         1         3        31         5         2         5         1         1      3926
         1      1043         1         3        32         3         2         1         0         1      2710
         1      1043         1         3        33        10         2         0         1         1      2774
         1      1043         1         3        34         4         1         2         0         1      1747
         1      1043         1         3        35         2         1         2         1         1      1385
         1      1043         1         3        36         9         2         9         1         1      2014
         1      1043         1         3        37         4         2         4         1         1      1833
         1      1043         1         3        38         4         2         4         1         1      1099
         1      1043         1         3        39         6         1         6         1         1      1067
         1      1043         1         3        40        10         1         0         1         1      5099
         1      1043         1         4         1         3         2         3         1         1      2308
         1      1043         1         4         2         1         1         1         1         1       931
         1      1043         1         4         3         8         1         8         1         1      1290
         1      1043         1         4         4         3         1         3         1         1      1650
         1      1043         1         4         5         3         1         3         1         1       413
         1      1043         1         4         6         4         1         4         1         1      2137
         1      1043         1         4         7         4         2         2         0         1      4447
         1      1043         1         4         8        10         1         0         1         1      1319
         1      1043         1         4         9        10         1         0         1         1       989
         1      1043         1         4        10         4         2         4         1         1       578
         1      1043         1         4        11         2         2         2         1         1      1206
         1      1043         1         4        12         6         1         6         1         1      1554
         1      1043         1         4        13         7         1         7         1         1      4609
         1      1043         1         4        14        10         2         9         0         1      8229
         1      1043         1         4        15         6         1         6         1         1      1272
         1      1043         1         4        16         5         1         5         1         1      1297
         1      1043         1         4        17         2         1         4         0         1      1593
         1      1043         1         4        18        10         2         0         1         1      1334
         1      1043         1         4        19         9         1         9         1         1      1307
         1      1043         1         4        20         2         1         2         1         1      2819
         1      1043         1         4        21         9         2         9         1         1      1183
         1      1043         1         4        22         4         1         2         0         1       828
         1      1043         1         4        23         5         1         5         1         1      1063
         1      1043         1         4        24         8         2         7         0         1      5000
         1      1043         1         4        25         8         1         8         1         1      1115
         1      1043         1         4        26         1         1         1         1         1      1082
         1      1043         1         4        27         2         2         2         1         1      1914
         1      1043         1         4        28         9         1         9         1         1      1176
         1      1043         1         4        29         5         2         3         0         1      5174
         1      1043         1         4        30         8         2         8         1         1      3010
         1      1043         1         4        31         9         2         9         1         1      1237
         1      1043         1         4        32         7         1         7         1         1      2560
         1      1043         1         4        33         5         2         5         1         1      1238
         1      1043         1         4        34         1         2         7         0         1      3728
         1      1043         1         4        35         3         2         3         1         1      6727
         1      1043         1         4        36         6         2         6         1         1      1045
         1      1043         1         4        37         1         2         1         1         1      1143
         1      1043         1         4        38         7         2         7         1         1      1942
         1      1043         1         4        39         6         2         6         1         1      1012
         1      1043         1         4        40         7         2         7         1         1      1447
         1      1043         1         5         1         7         1         1         0         1      1102
         1      1043         1         5         2         2         2         2         1         1      1293
         1      1043         1         5         3         1         1         1         1         1       965
         1      1043         1         5         4         7         2         7         1         1      1162
         1      1043         1         5         5         9         1         9         1         1      1239
         1      1043         1         5         6         8         2         8         1         1      3041
         1      1043         1         5         7         8         2         8         1         1       468
         1      1043         1         5         8         9         1         9         1         1      1229
         1      1043         1         5         9        10         1         0         1         1      2503
         1      1043         1         5        10        10         1         0         1         1      1150
         1      1043         1         5        11         6         1         6         1         1      1084
         1      1043         1         5        12         8         1         8         1         1      1019
         1      1043         1         5        13         6         2         6         1         1      1134
         1      1043         1         5        14         1         1         1         1         1      1067
         1      1043         1         5        15         9         2         9         1         1      1373
         1      1043         1         5        16         6         1         6         1         1       865
         1      1043         1         5        17         8         1         8         1         1      1034
         1      1043         1         5        18         5         1         5         1         1      1293
         1      1043         1         5        19         1         2         1         1         1      2821
         1      1043         1         5        20         7         1         7         1         1      2961
         1      1043         1         5        21         3         1         3         1         1      1799
         1      1043         1         5        22         5         2         5         1         1      1563
         1      1043         1         5        23         3         1         3         1         1      1321
         1      1043         1         5        24         2         1         2         1         1      2256
         1      1043         1         5        25         4         1         4         1         1      1779
         1      1043         1         5        26         4         2         4         1         1      1126
         1      1043         1         5        27         4         1         2         0         1      1911
         1      1043         1         5        28         1         2         1         1         1      3430
         1      1043         1         5        29         9         2         9         1         1      1288
         1      1043         1         5        30        10         2         0         1         1      1522
         1      1043         1         5        31         5         1         5         1         1      1201
         1      1043         1         5        32         5         2         5         1         1      1453
         1      1043         1         5        33         3         2         3         1         1      2496
         1      1043         1         5        34         7         2         7         1         1      3112
         1      1043         1         5        35         2         1         2         1         1      2039
         1      1043         1         5        36         3         2         3         1         1      1409
         1      1043         1         5        37         4         2         4         1         1      1493
         1      1043         1         5        38         2         2         2         1         1      1430
         1      1043         1         5        39        10         2         0         1         1      2185
         1      1043         1         5        40         6         2         6         1         1      1453
         1      1043         1         6         1         1         1         1         1         1      1120
         1      1043         1         6         2         2         2         2         1         1       975
         1      1043         1         6         3         4         2         3         0         1      1124
         1      1043         1         6         4        10         1         0         1         1      2386
         1      1043         1         6         5         6         2         6         1         1       989
         1      1043         1         6         6         1         2         1         1         1      1537
         1      1043         1         6         7         7         1         7         1         1      1649
         1      1043         1         6         8        10         2         0         1         1      1260
         1      1043         1         6         9         9         1         9         1         1      1477
         1      1043         1         6        10         5         1         5         1         1      1126
         1      1043         1         6        11         3         1         3         1         1      2118
         1      1043         1         6        12         3         1         3         1         1       526
         1      1043         1         6        13         6         1         6         1         1      1237
         1      1043         1         6        14         7         2         7         1         1      1168
         1      1043         1         6        15         5         2         5         1         1      1741
         1      1043         1         6        16         8         1         8         1         1      1155
         1      1043         1         6        17        10         1         0         1         1      1360
         1      1043         1         6        18         7         2         7         1         1      1109
         1      1043         1         6        19         3         2         3         1         1      1862
         1      1043         1         6        20         6         2         6         1         1      1079
         1      1043         1         6        21         1         1         1         1         1       966
         1      1043         1         6        22         8         1         8         1         1      1115
         1      1043         1         6        23         5         2         5         1         1      1338
         1      1043         1         6        24         4         1         4         1         1      1025
         1      1043         1         6        25         7         1         7         1         1      2005
         1      1043         1         6        26         2         1         2         1         1      1329
         1      1043         1         6        27         9         2         9         1         1      1336
         1      1043         1         6        28         4         2         4         1         1      1454
         1      1043         1         6        29        10         2         0         1         1      1137
         1      1043         1         6        30         1         2         1         1         1      1631
         1      1043         1         6        31         8         2         8         1         1      2842
         1      1043         1         6        32         9         1         9         1         1      1187
         1      1043         1         6        33         2         2         2         1         1      1040
         1      1043         1         6        34         2         1         4         0         1      3507
         1      1043         1         6        35         3         2         3         1         1      1347
         1      1043         1         6        36         8         2         8         1         1      1337
         1      1043         1         6        37         5         1         5         1         1      1328
         1      1043         1         6        38         4         1         2         0         1      1671
         1      1043         1         6        39         9         2         9         1         1      1264
         1      1043         1         6        40         6         1         6         1         1      1162
         1      1043         2         1         1         7         4         5         0         0     13043
         1      1043         2         1         2         6         2         6         1         0      1189
         1      1043         2         1         3         4         1         4         1         1      3698
         1      1043         2         1         4         4         2         4         1         0      1081
         1      1043         2         1         5         1         2         1         1         0      1353
         1      1043         2         1         6         2         2         2         1         0      1327
         1      1043         2         1         7        10         3         0         1         0      7813
         1      1043         2         1         8         2         1         2         1         1      3800
         1      1043         2         1         9         4         3         3         0         0      2333
         1      1043         2         1        10         6         1         6         1         1      1100
         1      1043         2         1        11         2         3         2         1         0      2875
         1      1043         2         1        12         2         4         4         0         0      5908
         1      1043         2         1        13        10         2         0         1         0      1445
         1      1043         2         1        14         7         3         7         1         0      8247
         1      1043         2         1        15         5         4         1         0         0      9400
         1      1043         2         1        16         9         3         9         1         0      1549
         1      1043         2         1        17         9         1         9         1         1      1114
         1      1043         2         1        18        10         1         0         1         1      4872
         1      1043         2         1        19         9         2         9         1         0      1457
         1      1043         2         1        20         1         1         1         1         1      1058
         1      1043         2         1        21         3         2         3         1         0      2485
         1      1043         2         1        22         3         1         3         1         1      3789
         1      1043         2         1        23        10         4         7         0         0     11314
         1      1043         2         1        24         5         1         5         1         1      1273
         1      1043         2         1        25         8         2         8         1         0      3538
         1      1043         2         1        26         8         1         8         1         1      1777
         1      1043         2         1        27         5         3         5         1         0      3317
         1      1043         2         1        28         8         3         8         1         0      1901
         1      1043         2         1        29         1         3         7         0         0      6381
         1      1043         2         1        30         8         4         8         1         0      4424
         1      1043         2         1        31         3         3         9         0         0      2756
         1      1043         2         1        32         4         4         2         0         0      2834
         1      1043         2         1        33         9         4         4         0         0      2957
         1      1043         2         1        34         5         2         5         1         0      4035
         1      1043         2         1        35         6         4         6         1         0      1180
         1      1043         2         1        36         3         4         5         0         0      2361
         1      1043         2         1        37         1         4         1         1         0      8902
         1      1043         2         1        38         6         3         6         1         0      1182
         1      1043         2         1        39         7         1         7         1         1      2891
         1      1043         2         1        40         7         2         7         1         0       836
         1      1043         2         2         1        10         3         7         0         0      3637
         1      1043         2         2         2         3         2         3         1         1      2064
         1      1043         2         2         3         2         3         2         1         0      1993
         1      1043         2         2         4         7         1         7         1         0      1494
         1      1043         2         2         5         6         3         6         1         0      1350
         1      1043         2         2         6         1         3         1         1         0      6300
         1      1043         2         2         7         2         2         2         1         1      1197
         1      1043         2         2         8         3         4         3         1         0      3688
         1      1043         2         2         9         5         4         8         0         0      3568
         1      1043         2         2        10         3         1         3         1         0      2623
         1      1043         2         2        11         5         3         5         1         0      1442
         1      1043         2         2        12         8         3         8         1         0      1300
         1      1043         2         2        13         8         2         8         1         1      1372
         1      1043         2         2        14         7         3         5         0         0      2961
         1      1043         2         2        15         4         3         4         1         0      4390
         1      1043         2         2        16         8         1         8         1         0      1139
         1      1043         2         2        17         2         4         2         1         0      1120
         1      1043         2         2        18         4         1         4         1         0      2768
         1      1043         2         2        19         1         4         1         1         0      4942
         1      1043         2         2        20         6         4         6         1         0       995
         1      1043         2         2        21         1         2         1         1         1      2247
         1      1043         2         2        22         8         4         8         1         0      3288
         1      1043         2         2        23         5         1         5         1         0      1377
         1      1043         2         2        24         5         2         5         1         1      1590
         1      1043         2         2        25         7         4         5         0         0       899
         1      1043         2         2        26         6         1         6         1         0      1035
         1      1043         2         2        27         9         2         9         1         1      1614
         1      1043         2         2        28        10         4         8         0         0      7178
         1      1043         2         2        29        10         1         0         1         0      2533
         1      1043         2         2        30         7         2         7         1         1      1403
         1      1043         2         2        31         6         2         6         1         1      1039
         1      1043         2         2        32         3         3         9         0         0      4626
         1      1043         2         2        33         9         1         9         1         0       805
         1      1043         2         2        34         9         3         9         1         0       785
         1      1043         2         2        35        10         2         0         1         1      1502
         1      1043         2         2        36         4         4         2         0         0      4174
         1      1043         2         2        37         1         1         1         1         0       978
         1      1043         2         2        38         9         4         9         1         0      9670
         1      1043         2         2        39         2         1         2         1         0      1807
         1      1043         2         2        40         4         2         4         1         1      1490
         1      1043         2         3         1         1         4         8         0         0      6610
         1      1043         2         3         2         8         1         8         1         1       950
         1      1043         2         3         3         4         1         4         1         1      2029
         1      1043         2         3         4         3         1         3         1         1      1575
         1      1043         2         3         5        10         1         0         1         1      1539
         1      1043         2         3         6         6         1         6         1         1      1122
         1      1043         2         3         7         2         3         2         1         0      2561
         1      1043         2         3         8         5         4         9         0         0      2390
         1      1043         2         3         9         8         3         9         0         0      1010
         1      1043         2         3        10         4         2         4         1         0      1301
         1      1043         2         3        11         8         4         8         1         0      1548
         1      1043         2         3        12         6         3         6         1         0      1770
         1      1043         2         3        13        10         4         8         0         0      2752
         1      1043         2         3        14         2         2         2         1         0      1197
         1      1043         2         3        15         9         2         9         1         0      1289
         1      1043         2         3        16         6         2         6         1         0      1137
         1      1043         2         3        17        10         3         8         0         0      2286
         1      1043         2         3        18         4         4         2         0         0      1647
         1      1043         2         3        19         3         3         9         0         0      1897
         1      1043         2         3        20         7         4         5         0         0      1048
         1      1043         2         3        21         5         3         5         1         0      1210
         1      1043         2         3        22         3         2         3         1         0      1158
         1      1043         2         3        23         9         1         9         1         1      1298
         1      1043         2         3        24         1         1         1         1         1      1194
         1      1043         2         3        25         9         3         9         1         0      1718
         1      1043         2         3        26         2         1         2         1         1      2109
         1      1043         2         3        27         2         4         2         1         0      1349
         1      1043         2         3        28         8         2         8         1         0      2123
         1      1043         2         3        29         7         2         7         1         0       898
         1      1043         2         3        30         9         4         9         1         0      5050
         1      1043         2         3        31        10         2         0         1         0      1069
         1      1043         2         3        32         6         4         6         1         0      1149
         1      1043         2         3        33         1         3         8         0         0      2363
         1      1043         2         3        34         3         4         5         0         0      1336
         1      1043         2         3        35         4         3         4         1         0      4495
         1      1043         2         3        36         7         1         7         1         1      2119
         1      1043         2         3        37         7         3         5         0         0      1439
         1      1043         2         3        38         5         1         5         1         1      1121
         1      1043         2         3        39         5         2         5         1         0       560
         1      1043         2         3        40         1         2         1         1         0      2405
         1      1043         2         4         1         3         2         3         1         1      1639
         1      1043         2         4         2         1         4         8         0         0      3121
         1      1043         2         4         3         4         3         4         1         0      2081
         1      1043         2         4         4         8         1         8         1         0      1257
         1      1043         2         4         5        10         3         7         0         0      8482
         1      1043         2         4         6         2         3         2         1         0      2091
         1      1043         2         4         7         8         3         8         1         0      1428
         1      1043         2         4         8         2         2         2         1         1       999
         1      1043         2         4         9         5         2         5         1         1      1450
         1      1043         2         4        10         6         1         6         1         0      1309
         1      1043         2         4        11         3         1         3         1         0      1412
         1      1043         2         4        12         4         4         2         0         0      1304
         1      1043         2         4        13         2         1         2         1         0      1824
         1      1043         2         4        14         5         1         5         1         0      1955
         1      1043         2         4        15         7         4         5         0         0       753
         1      1043         2         4        16         7         3         5         0         0       639
         1      1043         2         4        17         4         2         4         1         1      1393
         1      1043         2         4        18        10         4         8         0         0      3926
         1      1043         2         4        19         9         1         9         1         0      1220
         1      1043         2         4        20        10         2         0         1         1      1136
         1      1043         2         4        21         5         4         5         1         0      1230
         1      1043         2         4        22         9         2         9         1         1      1352
         1      1043         2         4        23         9         4         9         1         0      2445
         1      1043         2         4        24         8         2         8         1         1      2232
         1      1043         2         4        25         3         4         5         0         0      1386
         1      1043         2         4        26         1         1         1         1         0      1102
         1      1043         2         4        27         1         3         8         0         0      7645
         1      1043         2         4        28         6         3         6         1         0      1559
         1      1043         2         4        29         9         3         9         1         0      1508
         1      1043         2         4        30         6         4         6         1         0      1011
         1      1043         2         4        31         3         3         9         0         0      2710
         1      1043         2         4        32         7         1         7         1         0      3143
         1      1043         2         4        33         4         1         4         1         0      1813
         1      1043         2         4        34         1         2         1         1         1      1896
         1      1043         2         4        35         2         4         2         1         0      1975
         1      1043         2         4        36        10         1         0         1         0      1667
         1      1043         2         4        37         7         2         7         1         1      1659
         1      1043         2         4        38         6         2         6         1         1      1189
         1      1043         2         4        39         8         4         8         1         0      2032
         1      1043         2         4        40         5         3         5         1         0      1307
