Condition Subject Session Block Trial Subtype Token Response Correct Feedback RT 
         2      2118         1         1         1         4         2         3         0         1     19508
         2      2118         1         1         2         1         1         3         0         1     11173
         2      2118         1         1         3         6         1         5         0         1      3074
         2      2118         1         1         4        10         1         9         0         1      4292
         2      2118         1         1         5         1         2         3         0         1     15571
         2      2118         1         1         6         5         1         5         1         1      2143
         2      2118         1         1         7         2         2         4         0         1      6756
         2      2118         1         1         8         6         2         5         0         1      2674
         2      2118         1         1         9         2         2         2         1         1      6547
         2      2118         1         1        10         3         1         6         0         1      3129
         2      2118         1         1        11         6         1         6         1         1      2408
         2      2118         1         1        12         3         2         5         0         1      2276
         2      2118         1         1        13         4         1         3         0         1      2565
         2      2118         1         1        14         8         1         3         0         1      2522
         2      2118         1         1        15         1         2         1         1         1      6416
         2      2118         1         1        16         1         1         1         1         1      5418
         2      2118         1         1        17         6         2         3         0         1      2509
         2      2118         1         1        18        10         1         0         1         1      3078
         2      2118         1         1        19         3         1         3         1         1      1943
         2      2118         1         1        20         7         1         8         0         1      3862
         2      2118         1         1        21         9         1         1         0         1      3303
         2      2118         1         1        22         5         1         5         1         1      1278
         2      2118         1         1        23         9         2         4         0         1      3831
         2      2118         1         1        24         2         1         9         0         1     10617
         2      2118         1         1        25         5         2         5         1         1      1708
         2      2118         1         1        26         4         2         2         0         1      3684
         2      2118         1         1        27         9         1         1         0         1      2045
         2      2118         1         1        28        10         2         0         1         1      2200
         2      2118         1         1        29         8         2         5         0         1      1595
         2      2118         1         1        30         5         2         5         1         1      1030
         2      2118         1         1        31         8         1         6         0         1      3289
         2      2118         1         1        32         8         2         8         1         1      2817
         2      2118         1         1        33         2         1         2         1         1      2797
         2      2118         1         1        34         3         2         6         0         1      3592
         2      2118         1         1        35         9         2         9         1         1      4198
         2      2118         1         1        36         7         2         7         1         1      5834
         2      2118         1         1        37         7         2         7         1         1      2940
         2      2118         1         1        38         4         1         2         0         1      3027
         2      2118         1         1        39         7         1         2         0         1      3558
         2      2118         1         1        40        10         2         0         1         1      2468
         2      2118         1         2         1         9         1         1         0         1      6247
         2      2118         1         2         2         6         2         3         0         1      2810
         2      2118         1         2         3         9         2         2         0         1      2391
         2      2118         1         2         4         3         2         6         0         1      3683
         2      2118         1         2         5         1         2         1         1         1      1690
         2      2118         1         2         6         1         1         1         1         1      1570
         2      2118         1         2         7         1         2         1         1         1       974
         2      2118         1         2         8         7         1         7         1         1      2611
         2      2118         1         2         9         8         1         6         0         1      5879
         2      2118         1         2        10        10         2         9         0         1      3416
         2      2118         1         2        11         3         2         6         0         1      3515
         2      2118         1         2        12         3         1         3         1         1      2075
         2      2118         1         2        13         1         1         1         1         1      1859
         2      2118         1         2        14         8         2         6         0         1      2708
         2      2118         1         2        15         4         1         9         0         1      2948
         2      2118         1         2        16         7         1         7         1         1      2793
         2      2118         1         2        17         5         2         5         1         1      1398
         2      2118         1         2        18         7         2         7         1         1      2138
         2      2118         1         2        19         9         2         9         1         1      7329
         2      2118         1         2        20         4         2         4         1         1      4408
         2      2118         1         2        21         5         2         5         1         1      1732
         2      2118         1         2        22         4         2         4         1         1      2554
         2      2118         1         2        23         8         1         3         0         1      2880
         2      2118         1         2        24         2         1         2         1         1      2073
         2      2118         1         2        25        10         1         0         1         1      3315
         2      2118         1         2        26         2         2         2         1         1      2233
         2      2118         1         2        27         5         1         5         1         1      1738
         2      2118         1         2        28         6         1         6         1         1      3457
         2      2118         1         2        29         2         1         2         1         1      1860
         2      2118         1         2        30         6         1         6         1         1      2246
         2      2118         1         2        31         7         2         7         1         1      1544
         2      2118         1         2        32         4         1         4         1         1      5110
         2      2118         1         2        33        10         1         0         1         1      1543
         2      2118         1         2        34         5         1         5         1         1      1253
         2      2118         1         2        35         9         1         1         0         1      3343
         2      2118         1         2        36         2         2         2         1         1      1382
         2      2118         1         2        37        10         2         0         1         1      1132
         2      2118         1         2        38         8         2         8         1         1      2745
         2      2118         1         2        39         3         1         3         1         1      1480
         2      2118         1         2        40         6         2         6         1         1      5113
         2      2118         1         3         1         5         2         5         1         1      1452
         2      2118         1         3         2         9         1         1         0         1      3007
         2      2118         1         3         3         4         1         4         1         1      2995
         2      2118         1         3         4         2         1         2         1         1      1383
         2      2118         1         3         5         7         2         7         1         1      1500
         2      2118         1         3         6         1         2         1         1         1      2379
         2      2118         1         3         7        10         1         0         1         1      1304
         2      2118         1         3         8         8         1         8         1         1      3009
         2      2118         1         3         9         6         2         6         1         1      2933
         2      2118         1         3        10         5         2         5         1         1      3388
         2      2118         1         3        11         9         1         9         1         1      2848
         2      2118         1         3        12         7         2         7         1         1      2603
         2      2118         1         3        13         7         1         7         1         1      2927
         2      2118         1         3        14        10         1         0         1         1      1495
         2      2118         1         3        15         2         2         2         1         1      2279
         2      2118         1         3        16         3         1         3         1         1      2537
         2      2118         1         3        17         9         2         7         0         1      6321
         2      2118         1         3        18         1         2         1         1         1       927
         2      2118         1         3        19         3         1         3         1         1      1270
         2      2118         1         3        20         1         1         1         1         1      1247
         2      2118         1         3        21         5         1         5         1         1      1352
         2      2118         1         3        22         2         2         2         1         1       766
         2      2118         1         3        23         3         2         6         0         1      3596
         2      2118         1         3        24         2         1         2         1         1       889
         2      2118         1         3        25         9         2         9         1         1      5971
         2      2118         1         3        26         6         1         6         1         1      2560
         2      2118         1         3        27         5         1         5         1         1      1220
         2      2118         1         3        28        10         2         0         1         1      1681
         2      2118         1         3        29         7         1         7         1         1      1306
         2      2118         1         3        30         3         2         3         1         1      3186
         2      2118         1         3        31         4         1         4         1         1      3231
         2      2118         1         3        32        10         2         0         1         1      1131
         2      2118         1         3        33         8         2         7         0         1      3257
         2      2118         1         3        34         6         1         6         1         1      2771
         2      2118         1         3        35         8         1         8         1         1      2577
         2      2118         1         3        36         4         2         4         1         1      3143
         2      2118         1         3        37         4         2         4         1         1      2806
         2      2118         1         3        38         1         1         1         1         1      1058
         2      2118         1         3        39         8         2         8         1         1      2899
         2      2118         1         3        40         6         2         6         1         1      4060
         2      2118         1         4         1         4         2         4         1         1      1602
         2      2118         1         4         2         5         2         5         1         1      1422
         2      2118         1         4         3        10         1         0         1         1      1298
         2      2118         1         4         4         4         2         4         1         1      1051
         2      2118         1         4         5         4         1         4         1         1      2925
         2      2118         1         4         6         5         2         5         1         1      1172
         2      2118         1         4         7         6         1         6         1         1      1857
         2      2118         1         4         8         6         1         6         1         1      1283
         2      2118         1         4         9         8         1         8         1         1      2028
         2      2118         1         4        10         1         1         1         1         1       823
         2      2118         1         4        11        10         2         0         1         1       963
         2      2118         1         4        12         3         1         3         1         1      1161
         2      2118         1         4        13         9         1         9         1         1      6375
         2      2118         1         4        14         9         2         7         0         1      3717
         2      2118         1         4        15         1         2         1         1         1      1307
         2      2118         1         4        16         8         2         8         1         1      2755
         2      2118         1         4        17         6         2         6         1         1      1794
         2      2118         1         4        18         7         2         7         1         1      1863
         2      2118         1         4        19         4         1         4         1         1      1480
         2      2118         1         4        20         7         2         7         1         1      1146
         2      2118         1         4        21         3         2         3         1         1      3143
         2      2118         1         4        22         3         1         3         1         1      1654
         2      2118         1         4        23         7         1         7         1         1      3904
         2      2118         1         4        24         2         2         2         1         1      1423
         2      2118         1         4        25         9         2         9         1         1      3028
         2      2118         1         4        26         1         2         1         1         1       902
         2      2118         1         4        27         6         2         6         1         1      1486
         2      2118         1         4        28         8         1         8         1         1      2240
         2      2118         1         4        29         2         1         2         1         1       915
         2      2118         1         4        30         5         1         5         1         1      1113
         2      2118         1         4        31         9         1         2         0         1      1673
         2      2118         1         4        32         1         1         1         1         1      1378
         2      2118         1         4        33         5         1         5         1         1      1141
         2      2118         1         4        34         8         2         8         1         1      2436
         2      2118         1         4        35         2         1         2         1         1       943
         2      2118         1         4        36         3         2         3         1         1      1574
         2      2118         1         4        37         2         2         2         1         1       931
         2      2118         1         4        38        10         2         0         1         1      1259
         2      2118         1         4        39        10         1         0         1         1       950
         2      2118         1         4        40         7         1         7         1         1      1293
         2      2118         1         5         1         1         1         1         1         1      1207
         2      2118         1         5         2        10         2         0         1         1      2419
         2      2118         1         5         3         7         1         7         1         1      1423
         2      2118         1         5         4         7         2         7         1         1       898
         2      2118         1         5         5         5         1         5         1         1       953
         2      2118         1         5         6         4         2         4         1         1       974
         2      2118         1         5         7         8         2         8         1         1      2883
         2      2118         1         5         8         9         1         9         1         1      3292
         2      2118         1         5         9         3         2         3         1         1      1748
         2      2118         1         5        10        10         2         0         1         1      1019
         2      2118         1         5        11         6         2         6         1         1      1294
         2      2118         1         5        12         4         2         4         1         1       935
         2      2118         1         5        13         9         1         9         1         1      2637
         2      2118         1         5        14         5         1         5         1         1       991
         2      2118         1         5        15         2         2         2         1         1      1091
         2      2118         1         5        16        10         1         0         1         1      1012
         2      2118         1         5        17         2         1         2         1         1      2760
         2      2118         1         5        18         5         2         5         1         1      1269
         2      2118         1         5        19        10         1         0         1         1      1070
         2      2118         1         5        20         2         1         2         1         1       959
         2      2118         1         5        21         3         1         3         1         1      1237
         2      2118         1         5        22         2         2         2         1         1       959
         2      2118         1         5        23         1         2         1         1         1      1044
         2      2118         1         5        24         9         2         9         1         1      2759
         2      2118         1         5        25         8         2         8         1         1      3556
         2      2118         1         5        26         1         1         1         1         1      2689
         2      2118         1         5        27         4         1         4         1         1      2642
         2      2118         1         5        28         8         1         8         1         1      3828
         2      2118         1         5        29         9         2         9         1         1      1815
         2      2118         1         5        30         6         2         6         1         1      1979
         2      2118         1         5        31         6         1         6         1         1      2759
         2      2118         1         5        32         1         2         1         1         1      1267
         2      2118         1         5        33         3         2         3         1         1      2348
         2      2118         1         5        34         6         1         6         1         1      1610
         2      2118         1         5        35         3         1         3         1         1      1286
         2      2118         1         5        36         7         2         7         1         1      1055
         2      2118         1         5        37         5         2         5         1         1      1504
         2      2118         1         5        38         8         1         8         1         1      2033
         2      2118         1         5        39         7         1         7         1         1      3339
         2      2118         1         5        40         4         1         4         1         1      3537
         2      2118         1         6         1         3         1         3         1         1      2569
         2      2118         1         6         2         1         1         1         1         1      1437
         2      2118         1         6         3         8         1         8         1         1      2352
         2      2118         1         6         4        10         1         0         1         1      1119
         2      2118         1         6         5         7         1         7         1         1      1342
         2      2118         1         6         6         9         1         9         1         1      2437
         2      2118         1         6         7         4         2         4         1         1      1104
         2      2118         1         6         8         4         1         4         1         1      1136
         2      2118         1         6         9         2         1         2         1         1      1151
         2      2118         1         6        10         3         1         3         1         1      1388
         2      2118         1         6        11         6         2         6         1         1      2769
         2      2118         1         6        12         8         2         8         1         1      1646
         2      2118         1         6        13         9         1         9         1         1      1335
         2      2118         1         6        14         6         2         6         1         1      2047
         2      2118         1         6        15         9         2         9         1         1      2025
         2      2118         1         6        16        10         1         0         1         1       981
         2      2118         1         6        17        10         2         0         1         1      1066
         2      2118         1         6        18         5         1         5         1         1      1114
         2      2118         1         6        19         2         1         2         1         1      1081
         2      2118         1         6        20         8         1         8         1         1      5130
         2      2118         1         6        21         5         2         5         1         1      1080
         2      2118         1         6        22         3         2         3         1         1      2072
         2      2118         1         6        23         7         2         7         1         1      1266
         2      2118         1         6        24        10         2         0         1         1      1420
         2      2118         1         6        25         4         1         4         1         1      1391
         2      2118         1         6        26         7         2         7         1         1      1268
         2      2118         1         6        27         1         1         1         1         1      1005
         2      2118         1         6        28         6         1         6         1         1      1232
         2      2118         1         6        29         4         2         4         1         1      1211
         2      2118         1         6        30         2         2         2         1         1       950
         2      2118         1         6        31         5         1         5         1         1      1034
         2      2118         1         6        32         1         2         1         1         1       876
         2      2118         1         6        33         1         2         1         1         1      1700
         2      2118         1         6        34         2         2         2         1         1      1147
         2      2118         1         6        35         9         2         9         1         1      2634
         2      2118         1         6        36         5         2         5         1         1      1068
         2      2118         1         6        37         3         2         3         1         1      1549
         2      2118         1         6        38         7         1         7         1         1      2251
         2      2118         1         6        39         8         2         8         1         1      2172
         2      2118         1         6        40         6         1         6         1         1      1330
         2      2118         2         1         1         8         3         8         1         0      5731
         2      2118         2         1         2         8         1         8         1         1      1755
         2      2118         2         1         3         3         3         3         1         0     24401
         2      2118         2         1         4         3         1         3         1         1      2702
         2      2118         2         1         5         5         1         5         1         1      2125
         2      2118         2         1         6         1         3         1         1         0     13766
         2      2118         2         1         7        10         3         0         1         0      1644
         2      2118         2         1         8         2         3         2         1         0      1238
         2      2118         2         1         9         4         1         4         1         1      1585
         2      2118         2         1        10         4         2         4         1         0      1198
         2      2118         2         1        11         9         4         2         0         0      2842
         2      2118         2         1        12         6         1         6         1         1      2165
         2      2118         2         1        13         6         2         6         1         0      5898
         2      2118         2         1        14         9         1         9         1         1      2363
         2      2118         2         1        15         1         2         1         1         0      1432
         2      2118         2         1        16         2         4         2         1         0      1194
         2      2118         2         1        17         9         3         2         0         0      1607
         2      2118         2         1        18         5         4         7         0         0     11667
         2      2118         2         1        19         1         1         1         1         1      2108
         2      2118         2         1        20         7         2         7         1         0      3860
         2      2118         2         1        21         8         2         8         1         0      1750
         2      2118         2         1        22         9         2         9         1         0      1853
         2      2118         2         1        23         8         4         8         1         0      5119
         2      2118         2         1        24         6         4         6         1         0      5199
         2      2118         2         1        25         5         3         5         1         0      5274
         2      2118         2         1        26         1         4         1         1         0      1796
         2      2118         2         1        27         4         4         4         1         0     15478
         2      2118         2         1        28         2         1         2         1         1      1175
         2      2118         2         1        29         3         2         3         1         0      1956
         2      2118         2         1        30         6         3         6         1         0      8450
         2      2118         2         1        31         2         2         2         1         0      1068
         2      2118         2         1        32         3         4         1         0         0      2574
         2      2118         2         1        33        10         4         0         1         0      1427
         2      2118         2         1        34         7         1         7         1         1      1782
         2      2118         2         1        35         7         4         7         1         0      4443
         2      2118         2         1        36         4         3         7         0         0      2662
         2      2118         2         1        37        10         2         0         1         0      2105
         2      2118         2         1        38         5         2         5         1         0      1632
         2      2118         2         1        39         7         3         0         0         0      3036
         2      2118         2         1        40        10         1         0         1         1      1200
         2      2118         2         2         1         6         2         6         1         1      5135
         2      2118         2         2         2         9         3         2         0         0      2910
         2      2118         2         2         3         3         2         3         1         1      1574
         2      2118         2         2         4         2         2         2         1         1       787
         2      2118         2         2         5         7         2         7         1         1      2112
         2      2118         2         2         6         1         1         1         1         0      1111
         2      2118         2         2         7         8         3         8         1         0      8118
         2      2118         2         2         8         6         3         6         1         0      3949
         2      2118         2         2         9         6         1         6         1         0      1339
         2      2118         2         2        10         3         1         3         1         0      1378
         2      2118         2         2        11         4         4         4         1         0      3253
         2      2118         2         2        12         4         1         4         1         0      1743
         2      2118         2         2        13         5         3         8         0         0      8598
         2      2118         2         2        14        10         4         0         1         0      1226
         2      2118         2         2        15         1         4         1         1         0      1350
         2      2118         2         2        16         9         4         2         0         0      1580
         2      2118         2         2        17         1         3         1         1         0      4154
         2      2118         2         2        18         5         4         5         1         0      3552
         2      2118         2         2        19         6         4         6         1         0      6270
         2      2118         2         2        20         2         4         2         1         0       959
         2      2118         2         2        21        10         3         0         1         0      2950
         2      2118         2         2        22         5         1         5         1         0      1227
         2      2118         2         2        23         4         2         4         1         1      1654
         2      2118         2         2        24         7         4         7         1         0      4816
         2      2118         2         2        25         7         3         7         1         0      5644
         2      2118         2         2        26         4         3         7         0         0      5111
         2      2118         2         2        27         8         1         8         1         0      2487
         2      2118         2         2        28         9         2         9         1         1      1664
         2      2118         2         2        29         8         4         8         1         0      7674
         2      2118         2         2        30         1         2         1         1         1      1042
         2      2118         2         2        31         2         3         2         1         0       982
         2      2118         2         2        32         2         1         2         1         0       955
         2      2118         2         2        33         3         4         3         1         0     11777
         2      2118         2         2        34        10         1         0         1         0      1127
         2      2118         2         2        35        10         2         0         1         1      1096
         2      2118         2         2        36         3         3         3         1         0      3048
         2      2118         2         2        37         8         2         8         1         1      1978
         2      2118         2         2        38         9         1         2         0         0      1240
         2      2118         2         2        39         5         2         5         1         1      1410
         2      2118         2         2        40         7         1         7         1         0      2294
         2      2118         2         3         1         9         3         2         0         0      2119
         2      2118         2         3         2        10         3         0         1         0      1823
         2      2118         2         3         3         4         3         7         0         0      1986
         2      2118         2         3         4         2         4         2         1         0      1039
         2      2118         2         3         5        10         1         0         1         1      1042
         2      2118         2         3         6         9         4         2         0         0      2196
         2      2118         2         3         7        10         4         0         1         0       983
         2      2118         2         3         8         5         3         6         0         0      6523
         2      2118         2         3         9         6         2         6         1         0      1826
         2      2118         2         3        10         6         4         6         1         0      1909
         2      2118         2         3        11         2         2         2         1         0      1045
         2      2118         2         3        12         2         1         2         1         1      1047
         2      2118         2         3        13         7         3         4         0         0      4633
         2      2118         2         3        14         2         3         2         1         0      1068
         2      2118         2         3        15         8         3         8         1         0      2412
         2      2118         2         3        16         7         4         7         1         0     10759
         2      2118         2         3        17         6         1         6         1         1      1668
         2      2118         2         3        18         1         4         1         1         0      2061
         2      2118         2         3        19         9         1         9         1         1      2439
         2      2118         2         3        20         1         2         1         1         0      1056
         2      2118         2         3        21        10         2         0         1         0      1155
         2      2118         2         3        22         3         4         4         0         0      8272
         2      2118         2         3        23         9         2         9         1         0      1873
         2      2118         2         3        24         7         1         7         1         1      2467
         2      2118         2         3        25         1         1         1         1         1      1179
         2      2118         2         3        26         4         2         4         1         0      1176
         2      2118         2         3        27         8         2         8         1         0      3748
         2      2118         2         3        28         3         1         3         1         1      2283
         2      2118         2         3        29         4         1         4         1         1      3051
         2      2118         2         3        30         5         4         5         1         0      4973
         2      2118         2         3        31         4         4         4         1         0      3872
         2      2118         2         3        32         5         1         5         1         1      1200
         2      2118         2         3        33         7         2         7         1         0      1420
         2      2118         2         3        34         6         3         6         1         0      4448
         2      2118         2         3        35         1         3         9         0         0     10314
         2      2118         2         3        36         3         2         3         1         0      2489
         2      2118         2         3        37         8         1         8         1         1      3283
         2      2118         2         3        38         8         4         8         1         0      4395
         2      2118         2         3        39         5         2         5         1         0      2727
         2      2118         2         3        40         3         3         3         1         0      3254
         2      2118         2         4         1         3         4         3         1         0      7791
         2      2118         2         4         2         5         4         5         1         0      4131
         2      2118         2         4         3         4         2         4         1         1      2554
         2      2118         2         4         4         8         1         8         1         0      2336
         2      2118         2         4         5         1         4         1         1         0      1423
         2      2118         2         4         6         6         3         6         1         0      2290
         2      2118         2         4         7         7         3         4         0         0      4178
         2      2118         2         4         8         8         4         8         1         0      1704
         2      2118         2         4         9         9         4         2         0         0      1584
         2      2118         2         4        10         3         2         3         1         1      1484
         2      2118         2         4        11         7         1         7         1         0      1582
         2      2118         2         4        12        10         2         0         1         1      1131
         2      2118         2         4        13         9         1         9         1         0      3034
         2      2118         2         4        14         6         4         6         1         0      3038
         2      2118         2         4        15         9         2         9         1         1      1714
         2      2118         2         4        16         6         1         6         1         0      1209
         2      2118         2         4        17         5         3         5         1         0      3700
         2      2118         2         4        18        10         4         0         1         0      1069
         2      2118         2         4        19         8         3         8         1         0      1646
         2      2118         2         4        20         4         4         9         0         0      7718
         2      2118         2         4        21         8         2         8         1         1      2397
         2      2118         2         4        22         7         4         7         1         0      3865
         2      2118         2         4        23         9         3         9         1         0      1578
         2      2118         2         4        24         2         2         2         1         1      1079
         2      2118         2         4        25         7         2         7         1         1      1240
         2      2118         2         4        26         2         1         2         1         0       996
         2      2118         2         4        27         4         1         4         1         0      1480
         2      2118         2         4        28         3         1         3         1         0      1257
         2      2118         2         4        29         1         3         9         0         0      3556
         2      2118         2         4        30         3         3         3         1         0      3795
         2      2118         2         4        31         6         2         6         1         1      1480
         2      2118         2         4        32         1         2         1         1         1      1032
         2      2118         2         4        33         4         3         7         0         0      3211
         2      2118         2         4        34         2         3         2         1         0      1079
         2      2118         2         4        35        10         3         0         1         0       921
         2      2118         2         4        36         2         4         2         1         0      1024
         2      2118         2         4        37         5         2         5         1         1      1123
         2      2118         2         4        38        10         1         0         1         0      1027
         2      2118         2         4        39         5         1         5         1         0      1029
         2      2118         2         4        40         1         1         1         1         0       983
