Condition Subject Session Block Trial Subtype Token Response Correct Feedback RT 
         2      2029         1         1         1         4         2         1         0         1     17495
         2      2029         1         1         2         8         2         1         0         1      4170
         2      2029         1         1         3         6         2         6         1         1      8927
         2      2029         1         1         4         3         1         6         0         1      2549
         2      2029         1         1         5         4         1         1         0         1      7290
         2      2029         1         1         6        10         2         0         1         1      6515
         2      2029         1         1         7         5         1         8         0         1      3609
         2      2029         1         1         8         3         2         6         0         1      4451
         2      2029         1         1         9         2         1         2         1         1      6141
         2      2029         1         1        10        10         1         0         1         1      2211
         2      2029         1         1        11         6         1         7         0         1      3478
         2      2029         1         1        12         8         1         8         1         1      9606
         2      2029         1         1        13         4         1         1         0         1      3489
         2      2029         1         1        14         6         1         7         0         1      3217
         2      2029         1         1        15         9         2         2         0         1      2941
         2      2029         1         1        16         1         2         7         0         1      2194
         2      2029         1         1        17         1         1         1         1         1      2725
         2      2029         1         1        18         3         1         4         0         1      6163
         2      2029         1         1        19         2         1         2         1         1      2105
         2      2029         1         1        20         8         1         6         0         1      4386
         2      2029         1         1        21         5         1         5         1         1      2157
         2      2029         1         1        22         9         1         2         0         1     10579
         2      2029         1         1        23         4         2         0         0         1      2599
         2      2029         1         1        24        10         2         0         1         1       940
         2      2029         1         1        25         1         1         2         0         1      2097
         2      2029         1         1        26         7         1         7         1         1      5017
         2      2029         1         1        27         9         1         9         1         1      5500
         2      2029         1         1        28         7         1         8         0         1      6573
         2      2029         1         1        29         2         2         9         0         1      4913
         2      2029         1         1        30         3         2         4         0         1      2264
         2      2029         1         1        31         5         2         2         0         1      2745
         2      2029         1         1        32         2         2         2         1         1      1831
         2      2029         1         1        33         6         2         3         0         1      2650
         2      2029         1         1        34         7         2         8         0         1      5644
         2      2029         1         1        35        10         1         0         1         1      2615
         2      2029         1         1        36         8         2         1         0         1      4826
         2      2029         1         1        37         9         2         2         0         1      2517
         2      2029         1         1        38         1         2         6         0         1      5306
         2      2029         1         1        39         5         2         8         0         1      5138
         2      2029         1         1        40         7         2         7         1         1      3665
         2      2029         1         2         1         2         2         9         0         1      9466
         2      2029         1         2         2         6         1         6         1         1      3131
         2      2029         1         2         3         6         2         3         0         1      3833
         2      2029         1         2         4         6         2         6         1         1      2525
         2      2029         1         2         5         5         2         5         1         1      2275
         2      2029         1         2         6         7         1         7         1         1      3364
         2      2029         1         2         7         7         2         6         0         1      8234
         2      2029         1         2         8         7         2         7         1         1      2333
         2      2029         1         2         9         4         1         3         0         1      8523
         2      2029         1         2        10         4         2         0         0         1      3681
         2      2029         1         2        11         9         2         9         1         1      8810
         2      2029         1         2        12         1         2         3         0         1      4021
         2      2029         1         2        13         8         2         8         1         1      3327
         2      2029         1         2        14         9         1         8         0         1      7878
         2      2029         1         2        15         8         1         1         0         1      2600
         2      2029         1         2        16         7         1         6         0         1      5420
         2      2029         1         2        17         9         1         7         0         1      2431
         2      2029         1         2        18        10         1         0         1         1      1371
         2      2029         1         2        19         5         1         5         1         1      1646
         2      2029         1         2        20         4         1         3         0         1      3176
         2      2029         1         2        21         8         1         8         1         1      2310
         2      2029         1         2        22         1         1         8         0         1      1124
         2      2029         1         2        23         9         2         9         1         1      5091
         2      2029         1         2        24         5         2         5         1         1      6467
         2      2029         1         2        25         1         1         8         0         1      3867
         2      2029         1         2        26         2         1         9         0         1      1917
         2      2029         1         2        27         5         1         5         1         1      1403
         2      2029         1         2        28        10         1         0         1         1      1521
         2      2029         1         2        29         3         1         4         0         1      3696
         2      2029         1         2        30         1         2         4         0         1      1944
         2      2029         1         2        31         2         2         1         0         1      1493
         2      2029         1         2        32         8         2         8         1         1      7813
         2      2029         1         2        33         6         1         6         1         1      2632
         2      2029         1         2        34        10         2         0         1         1      1979
         2      2029         1         2        35         3         2         4         0         1      2007
         2      2029         1         2        36         2         1         1         0         1      1715
         2      2029         1         2        37        10         2         0         1         1      1867
         2      2029         1         2        38         4         2         6         0         1      7788
         2      2029         1         2        39         3         2         3         1         1      2496
         2      2029         1         2        40         3         1         3         1         1      2008
         2      2029         1         3         1         1         1         8         0         1     12510
         2      2029         1         3         2         5         1         5         1         1      1523
         2      2029         1         3         3         5         2         5         1         1      6194
         2      2029         1         3         4         7         2         6         0         1      2278
         2      2029         1         3         5         9         2         9         1         1      2663
         2      2029         1         3         6         7         1         7         1         1      2712
         2      2029         1         3         7         9         1         2         0         1      3320
         2      2029         1         3         8        10         1         0         1         1      1248
         2      2029         1         3         9        10         2         0         1         1      1291
         2      2029         1         3        10         6         2         4         0         1      3636
         2      2029         1         3        11         2         2         2         1         1      1998
         2      2029         1         3        12         9         1         1         0         1      5739
         2      2029         1         3        13         3         2         3         1         1      1921
         2      2029         1         3        14        10         1         0         1         1      1057
         2      2029         1         3        15         3         1         3         1         1      2099
         2      2029         1         3        16         8         1         8         1         1      2955
         2      2029         1         3        17         7         1         7         1         1      3666
         2      2029         1         3        18         6         1         6         1         1      1659
         2      2029         1         3        19         6         2         7         0         1      8997
         2      2029         1         3        20         6         1         6         1         1       969
         2      2029         1         3        21         3         1         4         0         1      2191
         2      2029         1         3        22         4         2         7         0         1      4514
         2      2029         1         3        23         4         1         6         0         1      2794
         2      2029         1         3        24         1         2         2         0         1      4276
         2      2029         1         3        25         9         2         2         0         1      2069
         2      2029         1         3        26         7         2         7         1         1      4511
         2      2029         1         3        27         8         2         8         1         1      1750
         2      2029         1         3        28         8         1         8         1         1      1740
         2      2029         1         3        29         5         2         5         1         1      1665
         2      2029         1         3        30         1         2         1         1         1      3049
         2      2029         1         3        31        10         2         0         1         1      1451
         2      2029         1         3        32         2         1         2         1         1      2606
         2      2029         1         3        33         4         1         3         0         1      3761
         2      2029         1         3        34         4         2         4         1         1      4934
         2      2029         1         3        35         2         2         2         1         1      3084
         2      2029         1         3        36         2         1         2         1         1      1229
         2      2029         1         3        37         8         2         8         1         1      1799
         2      2029         1         3        38         3         2         3         1         1      1979
         2      2029         1         3        39         1         1         1         1         1      7191
         2      2029         1         3        40         5         1         5         1         1      2065
         2      2029         1         4         1        10         2         0         1         1      1717
         2      2029         1         4         2         1         2         1         1         1      1420
         2      2029         1         4         3         7         2         6         0         1      1871
         2      2029         1         4         4         4         2         4         1         1      4017
         2      2029         1         4         5         9         1         2         0         1      2412
         2      2029         1         4         6         3         1         3         1         1      1976
         2      2029         1         4         7         4         2         4         1         1      1780
         2      2029         1         4         8         4         1         3         0         1      2009
         2      2029         1         4         9         5         1         5         1         1      1602
         2      2029         1         4        10         9         2         9         1         1     10974
         2      2029         1         4        11         2         1         2         1         1      1364
         2      2029         1         4        12         5         1         5         1         1      1575
         2      2029         1         4        13        10         1         0         1         1      1445
         2      2029         1         4        14         6         2         3         0         1      3431
         2      2029         1         4        15         7         1         7         1         1      1946
         2      2029         1         4        16         1         1         1         1         1      2614
         2      2029         1         4        17         3         2         3         1         1      1530
         2      2029         1         4        18         3         1         3         1         1      3305
         2      2029         1         4        19         8         1         8         1         1      1825
         2      2029         1         4        20         6         1         6         1         1      1892
         2      2029         1         4        21         4         1         3         0         1      2932
         2      2029         1         4        22         8         2         8         1         1      1402
         2      2029         1         4        23         7         2         7         1         1      1950
         2      2029         1         4        24         8         2         8         1         1      1083
         2      2029         1         4        25         1         2         1         1         1      1435
         2      2029         1         4        26        10         2         0         1         1      1231
         2      2029         1         4        27         5         2         5         1         1      2394
         2      2029         1         4        28         9         1         9         1         1      8837
         2      2029         1         4        29         9         2         9         1         1      1153
         2      2029         1         4        30         2         2         2         1         1      1342
         2      2029         1         4        31         3         2         3         1         1      1844
         2      2029         1         4        32         7         1         7         1         1      1670
         2      2029         1         4        33         8         1         8         1         1      2896
         2      2029         1         4        34        10         1         0         1         1      1193
         2      2029         1         4        35         5         2         5         1         1      1445
         2      2029         1         4        36         6         2         6         1         1      5639
         2      2029         1         4        37         2         1         2         1         1      1490
         2      2029         1         4        38         6         1         6         1         1      1729
         2      2029         1         4        39         2         2         2         1         1      2872
         2      2029         1         4        40         1         1         1         1         1      4080
         2      2029         1         5         1         5         1         5         1         1      3304
         2      2029         1         5         2         6         1         6         1         1      1472
         2      2029         1         5         3         9         1         9         1         1      3793
         2      2029         1         5         4         4         1         4         1         1      3012
         2      2029         1         5         5         2         2         2         1         1      2920
         2      2029         1         5         6         5         1         5         1         1      1694
         2      2029         1         5         7         8         2         8         1         1      1237
         2      2029         1         5         8         2         1         2         1         1      2048
         2      2029         1         5         9        10         2         0         1         1      1323
         2      2029         1         5        10         6         2         6         1         1      3794
         2      2029         1         5        11         4         2         4         1         1      2374
         2      2029         1         5        12         3         1         3         1         1      6499
         2      2029         1         5        13         5         2         5         1         1      1306
         2      2029         1         5        14         3         1         3         1         1      2850
         2      2029         1         5        15         1         2         1         1         1      1899
         2      2029         1         5        16         9         2         9         1         1      2044
         2      2029         1         5        17         1         2         1         1         1      1029
         2      2029         1         5        18        10         2         0         1         1      1369
         2      2029         1         5        19         5         2         5         1         1      1101
         2      2029         1         5        20         1         1         1         1         1      2812
         2      2029         1         5        21         4         2         4         1         1      2216
         2      2029         1         5        22         8         1         8         1         1      1740
         2      2029         1         5        23         3         2         3         1         1      3249
         2      2029         1         5        24         7         1         7         1         1      1948
         2      2029         1         5        25         8         1         8         1         1      1179
         2      2029         1         5        26         6         2         6         1         1      3095
         2      2029         1         5        27         4         1         4         1         1      2423
         2      2029         1         5        28         8         2         8         1         1      4321
         2      2029         1         5        29         1         1         1         1         1      5054
         2      2029         1         5        30         2         2         2         1         1      1505
         2      2029         1         5        31         9         1         9         1         1      6128
         2      2029         1         5        32         6         1         6         1         1      1895
         2      2029         1         5        33         7         2         7         1         1      1015
         2      2029         1         5        34         7         2         7         1         1       971
         2      2029         1         5        35         7         1         7         1         1      2081
         2      2029         1         5        36         9         2         9         1         1      2010
         2      2029         1         5        37        10         1         0         1         1      1495
         2      2029         1         5        38        10         1         0         1         1      1000
         2      2029         1         5        39         3         2         3         1         1      3883
         2      2029         1         5        40         2         1         2         1         1      5452
         2      2029         1         6         1         6         2         6         1         1      7602
         2      2029         1         6         2         2         1         2         1         1      1470
         2      2029         1         6         3         7         2         7         1         1      1824
         2      2029         1         6         4         6         1         6         1         1      1570
         2      2029         1         6         5         3         1         3         1         1      3200
         2      2029         1         6         6         8         2         8         1         1      1147
         2      2029         1         6         7         1         1         1         1         1      1193
         2      2029         1         6         8         4         1         4         1         1      3013
         2      2029         1         6         9         7         2         7         1         1      4856
         2      2029         1         6        10         9         1         9         1         1      2882
         2      2029         1         6        11         6         1         6         1         1      3275
         2      2029         1         6        12         3         2         3         1         1      5267
         2      2029         1         6        13         7         1         7         1         1      2860
         2      2029         1         6        14        10         1         0         1         1      1335
         2      2029         1         6        15         9         1         9         1         1      1678
         2      2029         1         6        16         3         1         3         1         1      1336
         2      2029         1         6        17         8         1         8         1         1      1519
         2      2029         1         6        18         7         1         7         1         1      1902
         2      2029         1         6        19         1         2         1         1         1      1900
         2      2029         1         6        20         4         2         4         1         1      1884
         2      2029         1         6        21        10         2         0         1         1      2701
         2      2029         1         6        22         3         2         3         1         1      1293
         2      2029         1         6        23         5         2         5         1         1      2309
         2      2029         1         6        24         5         1         5         1         1       611
         2      2029         1         6        25         6         2         6         1         1      2839
         2      2029         1         6        26         5         1         5         1         1      1104
         2      2029         1         6        27         8         1         8         1         1      1072
         2      2029         1         6        28         4         2         4         1         1      2097
         2      2029         1         6        29        10         2         0         1         1      2409
         2      2029         1         6        30         4         1         4         1         1      1924
         2      2029         1         6        31        10         1         0         1         1      1524
         2      2029         1         6        32         2         1         2         1         1      1939
         2      2029         1         6        33         9         2         9         1         1      5889
         2      2029         1         6        34         8         2         8         1         1      1313
         2      2029         1         6        35         2         2         2         1         1      1848
         2      2029         1         6        36         9         2         9         1         1      1850
         2      2029         1         6        37         5         2         5         1         1      6796
         2      2029         1         6        38         1         2         1         1         1      2743
         2      2029         1         6        39         2         2         2         1         1      5556
         2      2029         1         6        40         1         1         1         1         1      7312
         2      2029         2         1         1         9         4         2         0         0      3976
         2      2029         2         1         2         4         3         4         1         0      2997
         2      2029         2         1         3         1         2         1         1         0      1113
         2      2029         2         1         4         9         2         9         1         0      2472
         2      2029         2         1         5         6         4         3         0         0      2545
         2      2029         2         1         6         1         3         9         0         0      2616
         2      2029         2         1         7         2         4         2         1         0      1451
         2      2029         2         1         8         8         2         8         1         0      1388
         2      2029         2         1         9        10         3         0         1         0      1249
         2      2029         2         1        10         3         1         3         1         1      1036
         2      2029         2         1        11         9         3         9         1         0      5135
         2      2029         2         1        12         2         2         2         1         0      4381
         2      2029         2         1        13         7         1         7         1         1      1787
         2      2029         2         1        14         5         2         5         1         0      1327
         2      2029         2         1        15         4         2         4         1         0      2293
         2      2029         2         1        16         6         2         3         0         0      1430
         2      2029         2         1        17        10         1         0         1         1      1290
         2      2029         2         1        18         7         3         5         0         0     11410
         2      2029         2         1        19         7         2         7         1         0      4150
         2      2029         2         1        20        10         2         0         1         0      3229
         2      2029         2         1        21         1         4         1         1         0      1368
         2      2029         2         1        22         5         1         5         1         1      1228
         2      2029         2         1        23         6         3         5         0         0      2711
         2      2029         2         1        24         8         4         1         0         0      2375
         2      2029         2         1        25         8         3         8         1         0      2402
         2      2029         2         1        26         4         4         4         1         0      4412
         2      2029         2         1        27         2         3         2         1         0      3527
         2      2029         2         1        28         3         4         3         1         0      1399
         2      2029         2         1        29         3         3         7         0         0      8268
         2      2029         2         1        30         2         1         2         1         1      1293
         2      2029         2         1        31         5         3         5         1         0      2789
         2      2029         2         1        32         6         1         6         1         1      2353
         2      2029         2         1        33         4         1         4         1         1      3214
         2      2029         2         1        34         7         4         7         1         0      4202
         2      2029         2         1        35         1         1         1         1         1      1389
         2      2029         2         1        36         9         1         1         0         1      2481
         2      2029         2         1        37         8         1         8         1         1      1786
         2      2029         2         1        38         5         4         7         0         0      2206
         2      2029         2         1        39         3         2         3         1         0      1394
         2      2029         2         1        40        10         4         0         1         0      1334
         2      2029         2         2         1         5         4         7         0         0      1797
         2      2029         2         2         2        10         4         0         1         0      1129
         2      2029         2         2         3         7         3         1         0         0      8856
         2      2029         2         2         4         4         4         4         1         0      2464
         2      2029         2         2         5         2         1         2         1         0      1161
         2      2029         2         2         6         2         3         2         1         0      2006
         2      2029         2         2         7         1         2         1         1         1      1233
         2      2029         2         2         8         6         3         5         0         0      2396
         2      2029         2         2         9         1         4         1         1         0      1032
         2      2029         2         2        10         3         4         3         1         0      1484
         2      2029         2         2        11        10         3         0         1         0      1373
         2      2029         2         2        12         6         2         3         0         1      1458
         2      2029         2         2        13         8         2         8         1         1      1826
         2      2029         2         2        14        10         2         0         1         1      3253
         2      2029         2         2        15         3         2         3         1         1      1583
         2      2029         2         2        16         8         4         8         1         0      2092
         2      2029         2         2        17         8         3         8         1         0      1107
         2      2029         2         2        18         7         2         7         1         1      1987
         2      2029         2         2        19         9         4         2         0         0      1231
         2      2029         2         2        20         2         4         2         1         0       906
         2      2029         2         2        21         3         3         3         1         0      2290
         2      2029         2         2        22        10         1         0         1         0      1124
         2      2029         2         2        23         4         2         4         1         1      2914
         2      2029         2         2        24         7         1         7         1         0      1770
         2      2029         2         2        25         4         3         7         0         0      2720
         2      2029         2         2        26         7         4         6         0         0      5567
         2      2029         2         2        27         6         1         6         1         0      1052
         2      2029         2         2        28         8         1         8         1         0      1614
         2      2029         2         2        29         9         2         9         1         1      1818
         2      2029         2         2        30         1         1         1         1         0      1580
         2      2029         2         2        31         5         3         5         1         0      2168
         2      2029         2         2        32         4         1         4         1         0      2174
         2      2029         2         2        33         6         4         5         0         0      2418
         2      2029         2         2        34         5         2         5         1         1      1469
         2      2029         2         2        35         3         1         1         0         0      1311
         2      2029         2         2        36         2         2         2         1         1       966
         2      2029         2         2        37         9         3         6         0         0      3180
         2      2029         2         2        38         1         3         7         0         0      4858
         2      2029         2         2        39         9         1         9         1         0      2419
         2      2029         2         2        40         5         1         5         1         0      1085
         2      2029         2         3         1         1         2         1         1         0      1310
         2      2029         2         3         2         5         4         7         0         0      2070
         2      2029         2         3         3         6         3         5         0         0      1743
         2      2029         2         3         4         5         2         5         1         0      2372
         2      2029         2         3         5         2         3         2         1         0      1297
         2      2029         2         3         6         3         4         3         1         0      1257
         2      2029         2         3         7         6         4         5         0         0      1442
         2      2029         2         3         8         5         3         5         1         0      1092
         2      2029         2         3         9         4         1         4         1         1      1299
         2      2029         2         3        10         5         1         5         1         1       905
         2      2029         2         3        11         4         3         4         1         0      1441
         2      2029         2         3        12         9         3         9         1         0      1908
         2      2029         2         3        13         4         2         4         1         0      1667
         2      2029         2         3        14        10         4         0         1         0      1180
         2      2029         2         3        15         9         2         9         1         0      1690
         2      2029         2         3        16        10         2         0         1         0      2403
         2      2029         2         3        17         3         2         3         1         0      3487
         2      2029         2         3        18         1         3         9         0         0      3808
         2      2029         2         3        19         8         1         8         1         1      1412
         2      2029         2         3        20         6         1         6         1         1      1816
         2      2029         2         3        21         8         4         8         1         0      1499
         2      2029         2         3        22         2         2         2         1         0      1067
         2      2029         2         3        23         7         2         7         1         0      1933
         2      2029         2         3        24         6         2         3         0         0      3964
         2      2029         2         3        25         1         1         1         1         1      1192
         2      2029         2         3        26         7         3         4         0         0      2581
         2      2029         2         3        27         1         4         1         1         0      1481
         2      2029         2         3        28         7         1         7         1         1      1531
         2      2029         2         3        29        10         3         0         1         0      1082
         2      2029         2         3        30         3         1         3         1         1      1611
         2      2029         2         3        31         9         4         2         0         0      1814
         2      2029         2         3        32         2         1         2         1         1      1097
         2      2029         2         3        33        10         1         0         1         1       986
         2      2029         2         3        34         8         2         8         1         0       989
         2      2029         2         3        35         4         4         4         1         0      2271
         2      2029         2         3        36         7         4         7         1         0      2768
         2      2029         2         3        37         3         3         6         0         0      2414
         2      2029         2         3        38         8         3         8         1         0      2040
         2      2029         2         3        39         2         4         2         1         0       914
         2      2029         2         3        40         9         1         9         1         1      2250
         2      2029         2         4         1         4         4         4         1         0      2749
         2      2029         2         4         2        10         3         0         1         0      1148
         2      2029         2         4         3         4         3         4         1         0      2315
         2      2029         2         4         4         7         3         4         0         0       811
         2      2029         2         4         5         7         4         7         1         0      1959
         2      2029         2         4         6         3         2         3         1         1      1028
         2      2029         2         4         7         5         3         5         1         0      1046
         2      2029         2         4         8         3         1         3         1         0       968
         2      2029         2         4         9         3         4         3         1         0      1166
         2      2029         2         4        10         2         1         2         1         0      1084
         2      2029         2         4        11         2         4         2         1         0       508
         2      2029         2         4        12         2         2         2         1         1       723
         2      2029         2         4        13         9         3         9         1         0      1923
         2      2029         2         4        14         6         3         5         0         0      2898
         2      2029         2         4        15        10         4         0         1         0      1178
         2      2029         2         4        16         1         2         1         1         1      1158
         2      2029         2         4        17         1         3         9         0         0      1636
         2      2029         2         4        18         7         2         7         1         1      2255
         2      2029         2         4        19         1         4         1         1         0      2656
         2      2029         2         4        20         2         3         2         1         0      2930
         2      2029         2         4        21         6         2         3         0         1      1193
         2      2029         2         4        22         8         1         8         1         0      2757
         2      2029         2         4        23        10         1         0         1         0       995
         2      2029         2         4        24         6         1         6         1         0      1223
         2      2029         2         4        25         9         2         9         1         1      1506
         2      2029         2         4        26         9         4         2         0         0      1408
         2      2029         2         4        27         5         4         7         0         0      2420
         2      2029         2         4        28         4         1         4         1         0      2398
         2      2029         2         4        29         6         4         5         0         0      1242
         2      2029         2         4        30         8         4         8         1         0      1076
         2      2029         2         4        31         9         1         9         1         0      1253
         2      2029         2         4        32         3         3         6         0         0      4048
         2      2029         2         4        33        10         2         0         1         1       970
         2      2029         2         4        34         5         2         5         1         1      1360
         2      2029         2         4        35         4         2         4         1         1      2085
         2      2029         2         4        36         8         2         8         1         1       877
         2      2029         2         4        37         5         1         5         1         0      1140
         2      2029         2         4        38         1         1         1         1         0      1153
         2      2029         2         4        39         8         3         8         1         0      1102
         2      2029         2         4        40         7         1         7         1         0      1454
