Condition Subject Session Block Trial Subtype Token Response Correct Feedback RT 
         4      4033         1         1         1         5         1         3         0         1     14373
         4      4033         1         1         2        10         2         0         1         1      3555
         4      4033         1         1         3         3         2         3         1         1      3536
         4      4033         1         1         4         6         2         6         1         1      3437
         4      4033         1         1         5         7         2         2         0         1      3583
         4      4033         1         1         6         5         2         5         1         1      2219
         4      4033         1         1         7         1         1         8         0         1      4477
         4      4033         1         1         8        10         1         1         0         1      6515
         4      4033         1         1         9         1         2         4         0         1      5306
         4      4033         1         1        10        10         2         0         1         1      3586
         4      4033         1         1        11         6         1         6         1         1      2605
         4      4033         1         1        12         1         2         1         1         1     12127
         4      4033         1         1        13         3         1         3         1         1      5381
         4      4033         1         1        14         4         2         4         1         1      2537
         4      4033         1         1        15         8         2         7         0         1      3119
         4      4033         1         1        16         2         1         6         0         1      2591
         4      4033         1         1        17         8         1         0         0         1      3522
         4      4033         1         1        18         7         1         8         0         1      4033
         4      4033         1         1        19         9         2         9         1         1      6331
         4      4033         1         1        20         9         2         9         1         1      2056
         4      4033         1         1        21         6         2         6         1         1      2256
         4      4033         1         1        22         8         1         0         0         1      2241
         4      4033         1         1        23         1         1         2         0         1      3810
         4      4033         1         1        24         7         1         7         1         1      3702
         4      4033         1         1        25         8         2         8         1         1      3358
         4      4033         1         1        26         9         1         9         1         1      3300
         4      4033         1         1        27         4         2         4         1         1      2907
         4      4033         1         1        28         7         2         7         1         1      3922
         4      4033         1         1        29         9         1         9         1         1      2529
         4      4033         1         1        30         4         1         4         1         1      7382
         4      4033         1         1        31         3         2         3         1         1      2777
         4      4033         1         1        32         6         1         6         1         1      1795
         4      4033         1         1        33         3         1         3         1         1      2214
         4      4033         1         1        34         5         2         5         1         1      1849
         4      4033         1         1        35         5         1         5         1         1      1179
         4      4033         1         1        36        10         1         0         1         1      3061
         4      4033         1         1        37         2         2         6         0         1      2391
         4      4033         1         1        38         2         2         2         1         1      4387
         4      4033         1         1        39         2         1         2         1         1      3375
         4      4033         1         1        40         4         1         4         1         1      2242
         4      4033         1         2         1         2         1         2         1         1      2976
         4      4033         1         2         2         5         1         5         1         1      3300
         4      4033         1         2         3         1         2         1         1         1      4348
         4      4033         1         2         4         3         2         3         1         1      1912
         4      4033         1         2         5         6         2         6         1         1      1687
         4      4033         1         2         6         7         2         7         1         1      3487
         4      4033         1         2         7         9         2         9         1         1      2030
         4      4033         1         2         8         9         2         9         1         1      2424
         4      4033         1         2         9         3         1         3         1         1      1778
         4      4033         1         2        10         9         1         9         1         1      2853
         4      4033         1         2        11        10         2         0         1         1      2079
         4      4033         1         2        12         8         1         0         0         1      1863
         4      4033         1         2        13         4         2         4         1         1      2392
         4      4033         1         2        14         1         2         1         1         1      1284
         4      4033         1         2        15        10         1         0         1         1      1594
         4      4033         1         2        16         8         1         8         1         1      3237
         4      4033         1         2        17         4         1         4         1         1      4238
         4      4033         1         2        18         7         2         7         1         1      1968
         4      4033         1         2        19         6         1         6         1         1      1948
         4      4033         1         2        20         6         1         6         1         1      1001
         4      4033         1         2        21         2         2         2         1         1      2669
         4      4033         1         2        22         5         2         5         1         1      1789
         4      4033         1         2        23         1         1         1         1         1      3665
         4      4033         1         2        24         2         1         2         1         1      1529
         4      4033         1         2        25         8         2         7         0         1      1864
         4      4033         1         2        26         4         1         4         1         1      1543
         4      4033         1         2        27         9         1         9         1         1      3684
         4      4033         1         2        28         6         2         6         1         1      2444
         4      4033         1         2        29        10         2         0         1         1      1430
         4      4033         1         2        30         3         2         3         1         1      2952
         4      4033         1         2        31         8         2         8         1         1      3773
         4      4033         1         2        32         5         2         5         1         1      1345
         4      4033         1         2        33         2         2         2         1         1      1479
         4      4033         1         2        34         5         1         5         1         1      1815
         4      4033         1         2        35         4         2         4         1         1      1194
         4      4033         1         2        36         7         1         7         1         1      3478
         4      4033         1         2        37         7         1         7         1         1      1158
         4      4033         1         2        38         3         1         3         1         1      1683
         4      4033         1         2        39         1         1         1         1         1      3083
         4      4033         1         2        40        10         1         0         1         1      1321
         4      4033         1         3         1         9         1         9         1         1      2922
         4      4033         1         3         2         4         2         4         1         1      1585
         4      4033         1         3         3         2         2         2         1         1      1501
         4      4033         1         3         4         5         2         5         1         1      1164
         4      4033         1         3         5         2         1         2         1         1      1161
         4      4033         1         3         6         6         1         6         1         1      1828
         4      4033         1         3         7         7         1         7         1         1      1991
         4      4033         1         3         8         2         1         2         1         1      1107
         4      4033         1         3         9         8         1         0         0         1      4369
         4      4033         1         3        10         5         1         5         1         1      2942
         4      4033         1         3        11         5         1         5         1         1      1220
         4      4033         1         3        12        10         2         0         1         1      1072
         4      4033         1         3        13        10         1         0         1         1      1183
         4      4033         1         3        14         4         1         4         1         1      1387
         4      4033         1         3        15         3         1         3         1         1      1583
         4      4033         1         3        16         8         1         8         1         1      1754
         4      4033         1         3        17         7         2         7         1         1      1888
         4      4033         1         3        18         1         2         1         1         1      5472
         4      4033         1         3        19         7         1         7         1         1      1457
         4      4033         1         3        20         3         1         3         1         1      1570
         4      4033         1         3        21         4         2         4         1         1      1423
         4      4033         1         3        22         3         2         3         1         1      1712
         4      4033         1         3        23        10         2         0         1         1      1048
         4      4033         1         3        24         5         2         5         1         1      1065
         4      4033         1         3        25         2         2         2         1         1      1097
         4      4033         1         3        26         8         2         8         1         1      3625
         4      4033         1         3        27         3         2         3         1         1      1619
         4      4033         1         3        28         1         1         1         1         1      3389
         4      4033         1         3        29         1         2         1         1         1      1009
         4      4033         1         3        30         6         1         6         1         1      1043
         4      4033         1         3        31         4         1         4         1         1      1747
         4      4033         1         3        32         9         2         9         1         1      1847
         4      4033         1         3        33         6         2         6         1         1      2888
         4      4033         1         3        34         9         2         9         1         1       928
         4      4033         1         3        35         8         2         8         1         1      2807
         4      4033         1         3        36        10         1         0         1         1      1440
         4      4033         1         3        37         1         1         1         1         1      2481
         4      4033         1         3        38         7         2         7         1         1      2602
         4      4033         1         3        39         9         1         9         1         1      2093
         4      4033         1         3        40         6         2         6         1         1      1204
         4      4033         1         4         1         9         2         9         1         1      1450
         4      4033         1         4         2         1         2         1         1         1      1980
         4      4033         1         4         3        10         1         0         1         1      2807
         4      4033         1         4         4         9         1         9         1         1      1201
         4      4033         1         4         5         7         1         7         1         1      1134
         4      4033         1         4         6         6         2         6         1         1      1052
         4      4033         1         4         7         6         2         6         1         1       942
         4      4033         1         4         8         8         1         8         1         1      2787
         4      4033         1         4         9         8         1         8         1         1       447
         4      4033         1         4        10         3         1         3         1         1      2008
         4      4033         1         4        11         3         2         3         1         1       738
         4      4033         1         4        12         2         1         2         1         1       992
         4      4033         1         4        13         9         2         9         1         1      1156
         4      4033         1         4        14         2         2         2         1         1       832
         4      4033         1         4        15         7         2         7         1         1      1275
         4      4033         1         4        16         4         1         4         1         1      1282
         4      4033         1         4        17        10         2         0         1         1      1243
         4      4033         1         4        18         2         2         2         1         1       901
         4      4033         1         4        19         5         1         5         1         1      1693
         4      4033         1         4        20         1         1         1         1         1      1268
         4      4033         1         4        21         3         2         3         1         1      1180
         4      4033         1         4        22         4         1         4         1         1       919
         4      4033         1         4        23         3         1         3         1         1      1453
         4      4033         1         4        24         1         2         1         1         1      1247
         4      4033         1         4        25         4         2         4         1         1       985
         4      4033         1         4        26         1         1         1         1         1      1261
         4      4033         1         4        27         9         1         9         1         1      1174
         4      4033         1         4        28         6         1         6         1         1      1202
         4      4033         1         4        29         5         1         5         1         1      1309
         4      4033         1         4        30         8         2         8         1         1      2693
         4      4033         1         4        31         5         2         5         1         1      1172
         4      4033         1         4        32        10         1         0         1         1      1310
         4      4033         1         4        33         2         1         2         1         1      1238
         4      4033         1         4        34         6         1         6         1         1      1007
         4      4033         1         4        35         7         1         7         1         1      2018
         4      4033         1         4        36         4         2         4         1         1      1245
         4      4033         1         4        37         5         2         5         1         1      2310
         4      4033         1         4        38         7         2         7         1         1      1188
         4      4033         1         4        39        10         2         0         1         1       818
         4      4033         1         4        40         8         2         7         0         1      1310
         4      4033         1         5         1         4         2         4         1         1      1943
         4      4033         1         5         2         6         1         6         1         1      1140
         4      4033         1         5         3         2         1         2         1         1      1154
         4      4033         1         5         4         7         1         7         1         1      2144
         4      4033         1         5         5         3         2         3         1         1      1253
         4      4033         1         5         6         6         1         6         1         1       974
         4      4033         1         5         7         7         1         7         1         1      1106
         4      4033         1         5         8         9         2         9         1         1      1648
         4      4033         1         5         9        10         2         0         1         1       971
         4      4033         1         5        10        10         2         0         1         1       752
         4      4033         1         5        11         4         2         4         1         1      1758
         4      4033         1         5        12         9         1         9         1         1      2755
         4      4033         1         5        13         5         2         5         1         1      1440
         4      4033         1         5        14         7         2         7         1         1      2146
         4      4033         1         5        15         7         2         7         1         1      1144
         4      4033         1         5        16         1         2         1         1         1      1046
         4      4033         1         5        17         5         2         5         1         1      1095
         4      4033         1         5        18         4         1         4         1         1      1798
         4      4033         1         5        19         5         1         5         1         1      1033
         4      4033         1         5        20         2         1         2         1         1      1259
         4      4033         1         5        21        10         1         0         1         1      1378
         4      4033         1         5        22         9         2         9         1         1      1271
         4      4033         1         5        23         9         1         9         1         1       927
         4      4033         1         5        24         3         1         3         1         1      1317
         4      4033         1         5        25         6         2         6         1         1      1339
         4      4033         1         5        26         8         2         7         0         1      1329
         4      4033         1         5        27         3         2         3         1         1      1239
         4      4033         1         5        28         3         1         3         1         1       864
         4      4033         1         5        29         2         2         2         1         1       985
         4      4033         1         5        30         5         1         5         1         1      1182
         4      4033         1         5        31         4         1         4         1         1       968
         4      4033         1         5        32         8         1         8         1         1      3437
         4      4033         1         5        33         1         2         1         1         1      1263
         4      4033         1         5        34         2         2         2         1         1       856
         4      4033         1         5        35         8         1         8         1         1      1504
         4      4033         1         5        36         6         2         6         1         1      1040
         4      4033         1         5        37         1         1         1         1         1      1938
         4      4033         1         5        38         1         1         1         1         1      1024
         4      4033         1         5        39        10         1         0         1         1      1281
         4      4033         1         5        40         8         2         8         1         1      1833
         4      4033         1         6         1         4         2         4         1         1      2299
         4      4033         1         6         2         9         1         9         1         1      1499
         4      4033         1         6         3         2         2         2         1         1      1019
         4      4033         1         6         4         9         1         9         1         1      1454
         4      4033         1         6         5         3         1         3         1         1      1103
         4      4033         1         6         6         2         1         2         1         1       991
         4      4033         1         6         7         1         1         1         1         1      1650
         4      4033         1         6         8         9         2         9         1         1       955
         4      4033         1         6         9         7         1         7         1         1      1168
         4      4033         1         6        10         3         1         3         1         1      1133
         4      4033         1         6        11         6         1         6         1         1      1466
         4      4033         1         6        12         1         2         1         1         1      1035
         4      4033         1         6        13        10         1         0         1         1       971
         4      4033         1         6        14         4         2         4         1         1      1408
         4      4033         1         6        15         8         2         8         1         1      1619
         4      4033         1         6        16         5         1         5         1         1      1358
         4      4033         1         6        17         8         2         8         1         1      1572
         4      4033         1         6        18         3         2         3         1         1      1232
         4      4033         1         6        19         8         1         8         1         1      2106
         4      4033         1         6        20         6         2         6         1         1      1328
         4      4033         1         6        21         7         2         7         1         1      1206
         4      4033         1         6        22         5         2         5         1         1      1233
         4      4033         1         6        23         1         2         1         1         1      1115
         4      4033         1         6        24         1         1         1         1         1      1482
         4      4033         1         6        25         9         2         9         1         1      1162
         4      4033         1         6        26         3         2         3         1         1       950
         4      4033         1         6        27         4         1         4         1         1      1002
         4      4033         1         6        28        10         1         0         1         1      1579
         4      4033         1         6        29         5         2         5         1         1      1206
         4      4033         1         6        30         6         2         6         1         1       961
         4      4033         1         6        31         6         1         6         1         1      1109
         4      4033         1         6        32        10         2         0         1         1      1013
         4      4033         1         6        33         7         2         7         1         1      1207
         4      4033         1         6        34        10         2         0         1         1       995
         4      4033         1         6        35         5         1         5         1         1      1079
         4      4033         1         6        36         2         2         2         1         1       935
         4      4033         1         6        37         8         1         8         1         1      1773
         4      4033         1         6        38         2         1         2         1         1       881
         4      4033         1         6        39         7         1         7         1         1      1770
         4      4033         1         6        40         4         1         4         1         1      1197
         4      4033         2         1         1         1         2         1         1         0       947
         4      4033         2         1         2        10         2         0         1         0      1018
         4      4033         2         1         3         9         3         9         1         0      1661
         4      4033         2         1         4         3         4         3         1         0      2660
         4      4033         2         1         5         4         4         4         1         0      5189
         4      4033         2         1         6         7         3         7         1         0      3121
         4      4033         2         1         7         9         2         9         1         0      1438
         4      4033         2         1         8         6         4         6         1         0      2464
         4      4033         2         1         9         6         1         6         1         1      1048
         4      4033         2         1        10        10         4         4         0         0      4762
         4      4033         2         1        11         2         4         2         1         0      1063
         4      4033         2         1        12         2         3         2         1         0      1032
         4      4033         2         1        13         5         3         3         0         0      3050
         4      4033         2         1        14         3         2         3         1         0       795
         4      4033         2         1        15         2         2         2         1         0       806
         4      4033         2         1        16         8         3         8         1         0      3874
         4      4033         2         1        17         8         1         8         1         1       930
         4      4033         2         1        18         5         2         5         1         0      1336
         4      4033         2         1        19        10         3         8         0         0      3676
         4      4033         2         1        20         2         1         3         0         1       757
         4      4033         2         1        21         5         1         5         1         1      1986
         4      4033         2         1        22         8         4         8         1         0      2382
         4      4033         2         1        23         4         2         4         1         0      1194
         4      4033         2         1        24         8         2         8         1         0      1638
         4      4033         2         1        25         4         3         4         1         0      1232
         4      4033         2         1        26         9         1         9         1         1      1994
         4      4033         2         1        27         1         3         4         0         0      1493
         4      4033         2         1        28         4         1         1         0         1      4083
         4      4033         2         1        29         6         2         6         1         0      1307
         4      4033         2         1        30         5         4         5         1         0      1841
         4      4033         2         1        31        10         1         0         1         1       977
         4      4033         2         1        32         3         1         3         1         1      1173
         4      4033         2         1        33         7         4         7         1         0      3600
         4      4033         2         1        34         7         2         7         1         0      1035
         4      4033         2         1        35         1         4         4         0         0      1677
         4      4033         2         1        36         6         3         6         1         0      1508
         4      4033         2         1        37         3         3         4         0         0      1554
         4      4033         2         1        38         7         1         7         1         1      1296
         4      4033         2         1        39         1         1         1         1         1      2424
         4      4033         2         1        40         9         4         9         1         0      1553
         4      4033         2         2         1         9         3         9         1         0      2192
         4      4033         2         2         2         9         1         9         1         0       996
         4      4033         2         2         3         7         1         7         1         0      3496
         4      4033         2         2         4         8         4         8         1         0      2295
         4      4033         2         2         5         6         1         6         1         0       998
         4      4033         2         2         6         6         3         6         1         0      1049
         4      4033         2         2         7         1         2         4         0         1      2923
         4      4033         2         2         8         9         4         9         1         0      1009
         4      4033         2         2         9         5         3         5         1         0      1507
         4      4033         2         2        10         3         4         3         1         0       801
         4      4033         2         2        11         4         1         4         1         0      1610
         4      4033         2         2        12         2         1         2         1         0      1365
         4      4033         2         2        13         9         2         9         1         1       745
         4      4033         2         2        14         1         3         4         0         0      1654
         4      4033         2         2        15         8         2         8         1         1      1872
         4      4033         2         2        16         5         2         5         1         1      3073
         4      4033         2         2        17         3         1         3         1         0       769
         4      4033         2         2        18        10         3         0         1         0      1980
         4      4033         2         2        19        10         2         0         1         1       954
         4      4033         2         2        20         4         3         4         1         0      1071
         4      4033         2         2        21         3         2         3         1         1       767
         4      4033         2         2        22         7         3         0         0         0      5596
         4      4033         2         2        23         7         2         7         1         1      1800
         4      4033         2         2        24         5         4         5         1         0      1163
         4      4033         2         2        25         4         4         4         1         0      1432
         4      4033         2         2        26         1         4         4         0         0      1801
         4      4033         2         2        27         6         2         6         1         1      1212
         4      4033         2         2        28         1         1         1         1         0      1767
         4      4033         2         2        29         7         4         4         0         0      2763
         4      4033         2         2        30         2         3         2         1         0      1048
         4      4033         2         2        31         3         3         3         1         0      3706
         4      4033         2         2        32        10         4         0         1         0      3553
         4      4033         2         2        33         5         1         5         1         0      1215
         4      4033         2         2        34         6         4         6         1         0      2778
         4      4033         2         2        35         4         2         4         1         1       854
         4      4033         2         2        36         2         4         2         1         0      1712
         4      4033         2         2        37         8         1         8         1         0      1366
         4      4033         2         2        38         2         2         2         1         1      1115
         4      4033         2         2        39        10         1         0         1         0       968
         4      4033         2         2        40         8         3         7         0         0      7198
         4      4033         2         3         1         8         1         8         1         1      2470
         4      4033         2         3         2         5         1         5         1         1      1087
         4      4033         2         3         3         2         2         2         1         0       960
         4      4033         2         3         4         5         4         5         1         0      1013
         4      4033         2         3         5         3         2         3         1         0       966
         4      4033         2         3         6         3         1         3         1         1       875
         4      4033         2         3         7         9         4         9         1         0      1107
         4      4033         2         3         8         2         4         2         1         0      1089
         4      4033         2         3         9         9         3         9         1         0      1361
         4      4033         2         3        10         8         2         8         1         0      2918
         4      4033         2         3        11         7         1         7         1         1      1326
         4      4033         2         3        12         5         2         5         1         0      1972
         4      4033         2         3        13         2         1         2         1         1      1041
         4      4033         2         3        14         1         4         4         0         0      1329
         4      4033         2         3        15         4         2         4         1         0       951
         4      4033         2         3        16        10         2         0         1         0      1022
         4      4033         2         3        17        10         1         0         1         1       687
         4      4033         2         3        18         6         4         6         1         0      1567
         4      4033         2         3        19         4         4         4         1         0      1356
         4      4033         2         3        20         5         3         5         1         0      4208
         4      4033         2         3        21         8         4         8         1         0      1123
         4      4033         2         3        22         1         3         4         0         0      2369
         4      4033         2         3        23         1         2         1         1         0      1022
         4      4033         2         3        24         9         1         9         1         1      1601
         4      4033         2         3        25        10         3         0         1         0      1403
         4      4033         2         3        26        10         4         0         1         0      1136
         4      4033         2         3        27         3         3         3         1         0      2685
         4      4033         2         3        28         2         3         2         1         0      1022
         4      4033         2         3        29         9         2         9         1         0      1153
         4      4033         2         3        30         6         2         6         1         0      1006
         4      4033         2         3        31         7         4         4         0         0      3088
         4      4033         2         3        32         3         4         3         1         0       943
         4      4033         2         3        33         1         1         1         1         1      1221
         4      4033         2         3        34         6         3         6         1         0      1359
         4      4033         2         3        35         4         3         4         1         0      1123
         4      4033         2         3        36         8         3         7         0         0      5890
         4      4033         2         3        37         7         3         0         0         0      6914
         4      4033         2         3        38         4         1         4         1         1      1192
         4      4033         2         3        39         7         2         7         1         0      1587
         4      4033         2         3        40         6         1         6         1         1      1502
         4      4033         2         4         1         3         4         3         1         0      1285
         4      4033         2         4         2         2         2         2         1         1       814
         4      4033         2         4         3         4         1         4         1         0      1432
         4      4033         2         4         4         5         1         5         1         0      1067
         4      4033         2         4         5         5         3         5         1         0       827
         4      4033         2         4         6         7         3         0         0         0      1206
         4      4033         2         4         7         4         2         4         1         1      1104
         4      4033         2         4         8         9         2         9         1         1      1071
         4      4033         2         4         9         8         2         8         1         1      1296
         4      4033         2         4        10        10         2         0         1         1       985
         4      4033         2         4        11         6         4         6         1         0      2493
         4      4033         2         4        12         1         1         1         1         0      1508
         4      4033         2         4        13         7         1         7         1         0      1555
         4      4033         2         4        14         5         4         5         1         0      1712
         4      4033         2         4        15         2         4         2         1         0      1127
         4      4033         2         4        16         4         4         4         1         0       981
         4      4033         2         4        17        10         4         0         1         0      1914
         4      4033         2         4        18        10         1         0         1         0      1239
         4      4033         2         4        19         6         2         6         1         1      1121
         4      4033         2         4        20         8         4         8         1         0      1599
         4      4033         2         4        21         3         1         3         1         0      1098
         4      4033         2         4        22         9         4         9         1         0      1322
         4      4033         2         4        23         8         3         0         0         0      4225
         4      4033         2         4        24         7         2         7         1         1      1715
         4      4033         2         4        25         8         1         8         1         0      1242
         4      4033         2         4        26         3         2         3         1         1      1314
         4      4033         2         4        27         9         1         9         1         0      1049
         4      4033         2         4        28         2         3         2         1         0      1004
         4      4033         2         4        29         1         3         4         0         0      1135
         4      4033         2         4        30         1         2         4         0         1       797
         4      4033         2         4        31         1         4         1         1         0      3768
         4      4033         2         4        32         2         1         2         1         0      1085
         4      4033         2         4        33        10         3         0         1         0      1340
         4      4033         2         4        34         6         1         6         1         0      1696
         4      4033         2         4        35         4         3         4         1         0      1111
         4      4033         2         4        36         6         3         6         1         0      1142
         4      4033         2         4        37         5         2         5         1         1      1379
         4      4033         2         4        38         3         3         3         1         0      1335
         4      4033         2         4        39         7         4         0         0         0      2045
         4      4033         2         4        40         9         3         9         1         0      1239
