Condition Subject Session Block Trial Subtype Token Response Correct Feedback RT 
         4      4103         1         1         1         2         2         6         0         1      3161
         4      4103         1         1         2         9         2         5         0         1      4123
         4      4103         1         1         3         3         1         3         1         1      2994
         4      4103         1         1         4         8         1         0         0         1      2773
         4      4103         1         1         5         2         1         1         0         1      3058
         4      4103         1         1         6         1         2         1         1         1      3267
         4      4103         1         1         7         4         1         4         1         1      2011
         4      4103         1         1         8         1         2         1         1         1      1158
         4      4103         1         1         9         7         2         6         0         1      2722
         4      4103         1         1        10         3         2         3         1         1      1504
         4      4103         1         1        11         6         2         0         0         1      2623
         4      4103         1         1        12         9         1         0         0         1      1153
         4      4103         1         1        13         5         1         5         1         1      3055
         4      4103         1         1        14         4         2         4         1         1      3200
         4      4103         1         1        15         5         2         5         1         1      2108
         4      4103         1         1        16         7         1         0         0         1      1459
         4      4103         1         1        17         1         1         1         1         1      1684
         4      4103         1         1        18         2         2         2         1         1      1549
         4      4103         1         1        19         7         1         9         0         1      2043
         4      4103         1         1        20         7         2         8         0         1      2149
         4      4103         1         1        21        10         1         0         1         1      1176
         4      4103         1         1        22        10         1         0         1         1      1731
         4      4103         1         1        23         4         1         4         1         1      2824
         4      4103         1         1        24         9         2         8         0         1      5779
         4      4103         1         1        25         5         1         5         1         1      2152
         4      4103         1         1        26         2         1         2         1         1      1375
         4      4103         1         1        27         5         2         5         1         1      1715
         4      4103         1         1        28         8         2         9         0         1      2057
         4      4103         1         1        29         6         1         6         1         1      2050
         4      4103         1         1        30         4         2         4         1         1      1596
         4      4103         1         1        31         3         2         1         0         1      1446
         4      4103         1         1        32         6         1         6         1         1      4551
         4      4103         1         1        33         1         1         1         1         1      1549
         4      4103         1         1        34         8         1         9         0         1      1674
         4      4103         1         1        35         8         2         8         1         1      5972
         4      4103         1         1        36         9         1         9         1         1      2289
         4      4103         1         1        37         6         2         6         1         1      1986
         4      4103         1         1        38         3         1         3         1         1      4031
         4      4103         1         1        39        10         2         9         0         1      3433
         4      4103         1         1        40        10         2         0         1         1       813
         4      4103         1         2         1         9         1         9         1         1      2059
         4      4103         1         2         2         4         2         4         1         1      1332
         4      4103         1         2         3         4         1         4         1         1      2041
         4      4103         1         2         4        10         2         0         1         1      1350
         4      4103         1         2         5        10         1         0         1         1      1097
         4      4103         1         2         6         3         2         1         0         1      1881
         4      4103         1         2         7         8         1         9         0         1      3097
         4      4103         1         2         8        10         2         0         1         1       921
         4      4103         1         2         9         5         2         3         0         1      4176
         4      4103         1         2        10         5         2         5         1         1      1542
         4      4103         1         2        11         5         1         5         1         1      1364
         4      4103         1         2        12         9         1         9         1         1      1370
         4      4103         1         2        13         9         2         9         1         1      1262
         4      4103         1         2        14         2         2         2         1         1      1880
         4      4103         1         2        15         3         2         1         0         1      2088
         4      4103         1         2        16         1         2         1         1         1       944
         4      4103         1         2        17         6         1         6         1         1      1781
         4      4103         1         2        18         2         1         2         1         1      1338
         4      4103         1         2        19         2         1         2         1         1      1233
         4      4103         1         2        20         7         2         8         0         1      3196
         4      4103         1         2        21         1         1         1         1         1      1528
         4      4103         1         2        22         8         2         8         1         1      3495
         4      4103         1         2        23         3         1         3         1         1      2855
         4      4103         1         2        24         4         2         4         1         1      1361
         4      4103         1         2        25         9         2         9         1         1      1382
         4      4103         1         2        26         8         1         8         1         1      1770
         4      4103         1         2        27         7         1         7         1         1      1984
         4      4103         1         2        28         1         2         1         1         1       955
         4      4103         1         2        29         1         1         3         0         1      2865
         4      4103         1         2        30         6         2         6         1         1      1835
         4      4103         1         2        31         4         1         4         1         1      1596
         4      4103         1         2        32         8         2         1         0         1      2904
         4      4103         1         2        33         2         2         2         1         1      1024
         4      4103         1         2        34         3         1         3         1         1      2291
         4      4103         1         2        35        10         1         0         1         1      1282
         4      4103         1         2        36         5         1         5         1         1      1595
         4      4103         1         2        37         6         2         6         1         1      2295
         4      4103         1         2        38         7         1         8         0         1      3688
         4      4103         1         2        39         7         2         8         0         1      1025
         4      4103         1         2        40         6         1         6         1         1      1299
         4      4103         1         3         1         8         1         8         1         1      2540
         4      4103         1         3         2         3         2         3         1         1      3282
         4      4103         1         3         3         6         2         6         1         1      1531
         4      4103         1         3         4         6         1         6         1         1      1272
         4      4103         1         3         5         1         1         1         1         1      1441
         4      4103         1         3         6         1         2         1         1         1       836
         4      4103         1         3         7         3         1         3         1         1      3230
         4      4103         1         3         8         2         1         2         1         1      1641
         4      4103         1         3         9         8         1         8         1         1      4499
         4      4103         1         3        10         2         1         2         1         1      1451
         4      4103         1         3        11         5         2         5         1         1      2045
         4      4103         1         3        12         9         2         9         1         1      1575
         4      4103         1         3        13        10         1         0         1         1      1122
         4      4103         1         3        14         3         1         3         1         1      4256
         4      4103         1         3        15         6         1         6         1         1      1281
         4      4103         1         3        16         8         2         7         0         1      2698
         4      4103         1         3        17         8         2         8         1         1      1131
         4      4103         1         3        18         5         1         5         1         1      1338
         4      4103         1         3        19         3         2         3         1         1      2992
         4      4103         1         3        20         7         2         7         1         1      1941
         4      4103         1         3        21         5         1         5         1         1      1267
         4      4103         1         3        22         2         2         2         1         1      1149
         4      4103         1         3        23         1         2         1         1         1       811
         4      4103         1         3        24         4         1         4         1         1      1910
         4      4103         1         3        25         6         2         6         1         1      1381
         4      4103         1         3        26         7         2         7         1         1      1898
         4      4103         1         3        27         2         2         2         1         1      1114
         4      4103         1         3        28         4         2         4         1         1      1337
         4      4103         1         3        29         9         2         9         1         1      1871
         4      4103         1         3        30         9         1         9         1         1       928
         4      4103         1         3        31         7         1         7         1         1      1655
         4      4103         1         3        32        10         1         0         1         1      1312
         4      4103         1         3        33         7         1         7         1         1      1943
         4      4103         1         3        34         4         1         4         1         1      1141
         4      4103         1         3        35         1         1         3         0         1      4963
         4      4103         1         3        36         5         2         5         1         1      1353
         4      4103         1         3        37         9         1         9         1         1      1294
         4      4103         1         3        38        10         2         0         1         1      1831
         4      4103         1         3        39        10         2         0         1         1       539
         4      4103         1         3        40         4         2         4         1         1      1329
         4      4103         1         4         1         2         2         2         1         1       797
         4      4103         1         4         2         9         2         9         1         1      1209
         4      4103         1         4         3        10         1         0         1         1       788
         4      4103         1         4         4         8         1         8         1         1      4512
         4      4103         1         4         5         9         2         9         1         1      1191
         4      4103         1         4         6         6         1         6         1         1      1314
         4      4103         1         4         7        10         2         0         1         1       795
         4      4103         1         4         8         4         1         4         1         1      1253
         4      4103         1         4         9         3         1         3         1         1      2783
         4      4103         1         4        10         2         2         2         1         1       796
         4      4103         1         4        11         8         2         8         1         1      4425
         4      4103         1         4        12         5         2         5         1         1      1572
         4      4103         1         4        13        10         2         0         1         1      1571
         4      4103         1         4        14         6         1         6         1         1      1182
         4      4103         1         4        15         4         2         4         1         1      1195
         4      4103         1         4        16         7         1         7         1         1      1590
         4      4103         1         4        17         8         1         8         1         1      2722
         4      4103         1         4        18         2         1         2         1         1      1298
         4      4103         1         4        19         7         1         7         1         1      2186
         4      4103         1         4        20         1         1         1         1         1      1150
         4      4103         1         4        21         2         1         2         1         1       700
         4      4103         1         4        22         5         1         5         1         1      1500
         4      4103         1         4        23         7         2         7         1         1      1628
         4      4103         1         4        24         4         2         4         1         1      1143
         4      4103         1         4        25         7         2         7         1         1      1510
         4      4103         1         4        26        10         1         0         1         1      1236
         4      4103         1         4        27         5         1         5         1         1      1199
         4      4103         1         4        28         4         1         4         1         1      1273
         4      4103         1         4        29         1         2         1         1         1      1010
         4      4103         1         4        30         1         2         1         1         1       806
         4      4103         1         4        31         3         2         1         0         1      3569
         4      4103         1         4        32         6         2         6         1         1      1327
         4      4103         1         4        33         1         1         1         1         1       885
         4      4103         1         4        34         3         1         3         1         1      2414
         4      4103         1         4        35         9         1         9         1         1      1561
         4      4103         1         4        36         8         2         8         1         1      2711
         4      4103         1         4        37         6         2         6         1         1      1302
         4      4103         1         4        38         9         1         9         1         1      1295
         4      4103         1         4        39         3         2         3         1         1      5141
         4      4103         1         4        40         5         2         5         1         1      1443
         4      4103         1         5         1         1         2         1         1         1       827
         4      4103         1         5         2         5         2         5         1         1      1222
         4      4103         1         5         3         3         1         3         1         1      2176
         4      4103         1         5         4         6         1         6         1         1      1157
         4      4103         1         5         5         7         1         7         1         1      2003
         4      4103         1         5         6         3         2         3         1         1      4590
         4      4103         1         5         7         2         1         2         1         1       964
         4      4103         1         5         8         6         1         6         1         1      1288
         4      4103         1         5         9         9         1         9         1         1      1152
         4      4103         1         5        10        10         2         0         1         1       719
         4      4103         1         5        11         4         1         4         1         1      1277
         4      4103         1         5        12         1         1         1         1         1      1030
         4      4103         1         5        13         6         2         6         1         1      1128
         4      4103         1         5        14         9         1         9         1         1      1191
         4      4103         1         5        15        10         2         0         1         1       741
         4      4103         1         5        16         8         2         8         1         1      2996
         4      4103         1         5        17        10         1         0         1         1      1302
         4      4103         1         5        18         2         1         2         1         1      1039
         4      4103         1         5        19         4         2         4         1         1      1426
         4      4103         1         5        20         9         2         9         1         1      1220
         4      4103         1         5        21         2         2         2         1         1       705
         4      4103         1         5        22         5         1         5         1         1      1376
         4      4103         1         5        23         3         2         3         1         1      2373
         4      4103         1         5        24         8         1         8         1         1      3250
         4      4103         1         5        25         8         1         8         1         1      1355
         4      4103         1         5        26         6         2         9         0         1      1714
         4      4103         1         5        27         5         2         5         1         1      1305
         4      4103         1         5        28         9         2         9         1         1       992
         4      4103         1         5        29         8         2         8         1         1      2501
         4      4103         1         5        30         7         2         7         1         1      2557
         4      4103         1         5        31         4         1         4         1         1      1233
         4      4103         1         5        32         5         1         5         1         1      1117
         4      4103         1         5        33         4         2         4         1         1      1244
         4      4103         1         5        34         2         2         2         1         1       726
         4      4103         1         5        35         7         1         7         1         1      1333
         4      4103         1         5        36        10         1         0         1         1       731
         4      4103         1         5        37         1         1         1         1         1      1225
         4      4103         1         5        38         3         1         3         1         1      2229
         4      4103         1         5        39         1         2         1         1         1       807
         4      4103         1         5        40         7         2         7         1         1      1395
         4      4103         1         6         1         1         1         1         1         1      1003
         4      4103         1         6         2         4         2         4         1         1      1423
         4      4103         1         6         3         2         1         2         1         1       867
         4      4103         1         6         4         6         1         6         1         1      1642
         4      4103         1         6         5         5         1         5         1         1      1366
         4      4103         1         6         6         8         2         8         1         1      2235
         4      4103         1         6         7         6         2         6         1         1      1326
         4      4103         1         6         8         2         2         2         1         1       822
         4      4103         1         6         9        10         2         0         1         1       851
         4      4103         1         6        10         3         2         3         1         1      2060
         4      4103         1         6        11        10         1         0         1         1       708
         4      4103         1         6        12         7         1         7         1         1      2053
         4      4103         1         6        13         2         2         2         1         1       735
         4      4103         1         6        14         1         1         1         1         1      1150
         4      4103         1         6        15         9         1         9         1         1      1388
         4      4103         1         6        16         1         2         1         1         1       720
         4      4103         1         6        17         2         1         2         1         1       752
         4      4103         1         6        18         8         1         8         1         1      2093
         4      4103         1         6        19         9         1         9         1         1      1238
         4      4103         1         6        20        10         2         0         1         1       978
         4      4103         1         6        21         4         2         4         1         1      1414
         4      4103         1         6        22         7         1         7         1         1      4409
         4      4103         1         6        23         4         1         4         1         1      1284
         4      4103         1         6        24         3         2         3         1         1      2027
         4      4103         1         6        25         7         2         7         1         1      1414
         4      4103         1         6        26         8         1         8         1         1      1609
         4      4103         1         6        27         3         1         3         1         1      4613
         4      4103         1         6        28         9         2         9         1         1      1304
         4      4103         1         6        29         8         2         8         1         1      2224
         4      4103         1         6        30         6         1         6         1         1      1186
         4      4103         1         6        31         5         2         5         1         1      2094
         4      4103         1         6        32        10         1         0         1         1      1141
         4      4103         1         6        33         5         2         5         1         1      2259
         4      4103         1         6        34         6         2         6         1         1      1269
         4      4103         1         6        35         3         1         3         1         1      1838
         4      4103         1         6        36         1         2         1         1         1       945
         4      4103         1         6        37         9         2         9         1         1      1222
         4      4103         1         6        38         7         2         8         0         1      3057
         4      4103         1         6        39         5         1         5         1         1      2099
         4      4103         1         6        40         4         1         4         1         1      1242
         4      4103         2         1         1         9         4         9         1         0      2541
         4      4103         2         1         2         7         1         7         1         1      2228
         4      4103         2         1         3         3         4         3         1         0      2326
         4      4103         2         1         4         8         4         8         1         0     10418
         4      4103         2         1         5         8         3         7         0         0      2796
         4      4103         2         1         6         4         4         4         1         0      2727
         4      4103         2         1         7        10         4         7         0         0      1428
         4      4103         2         1         8         5         1         5         1         1      2007
         4      4103         2         1         9         2         2         2         1         0       834
         4      4103         2         1        10        10         3         0         1         0      2761
         4      4103         2         1        11         5         3         3         0         0      8741
         4      4103         2         1        12         5         2         5         1         0      1267
         4      4103         2         1        13         1         2         1         1         0      1101
         4      4103         2         1        14        10         2         0         1         0      1021
         4      4103         2         1        15         2         4         2         1         0      1154
         4      4103         2         1        16         7         2         7         1         0      2927
         4      4103         2         1        17         7         3         6         0         0      2037
         4      4103         2         1        18         9         2         9         1         0      1390
         4      4103         2         1        19        10         1         0         1         1      1233
         4      4103         2         1        20         3         1         3         1         1      2315
         4      4103         2         1        21         6         4         6         1         0      1818
         4      4103         2         1        22         1         4         7         0         0      3837
         4      4103         2         1        23         6         3         6         1         0      1391
         4      4103         2         1        24         3         2         3         1         0      2739
         4      4103         2         1        25         1         1         1         1         1      1249
         4      4103         2         1        26         2         3         2         1         0      1148
         4      4103         2         1        27         4         1         4         1         1      1369
         4      4103         2         1        28         7         4         7         1         0      4285
         4      4103         2         1        29         6         2         6         1         0      1597
         4      4103         2         1        30         4         2         4         1         0      1385
         4      4103         2         1        31         6         1         6         1         1      1117
         4      4103         2         1        32         8         2         8         1         0      2460
         4      4103         2         1        33         4         3         4         1         0      2917
         4      4103         2         1        34         8         1         8         1         1      5628
         4      4103         2         1        35         9         1         9         1         1      1287
         4      4103         2         1        36         2         1         2         1         1      1360
         4      4103         2         1        37         3         3         3         1         0      9670
         4      4103         2         1        38         9         3         9         1         0      1183
         4      4103         2         1        39         5         4         5         1         0      1468
         4      4103         2         1        40         1         3         1         1         0      1868
         4      4103         2         2         1         8         2         8         1         1      2605
         4      4103         2         2         2         5         2         5         1         1      4305
         4      4103         2         2         3        10         4         0         1         0      4290
         4      4103         2         2         4         4         3         4         1         0      1746
         4      4103         2         2         5         4         4         4         1         0       776
         4      4103         2         2         6         5         3         3         0         0      5414
         4      4103         2         2         7         7         2         7         1         1      4121
         4      4103         2         2         8         1         3         1         1         0      1104
         4      4103         2         2         9         4         2         4         1         1      1231
         4      4103         2         2        10         1         2         1         1         1       794
         4      4103         2         2        11         2         3         2         1         0      1959
         4      4103         2         2        12         9         2         9         1         1      1156
         4      4103         2         2        13         3         1         3         1         0      1362
         4      4103         2         2        14         7         4         8         0         0      6663
         4      4103         2         2        15         1         4         1         1         0      2199
         4      4103         2         2        16         6         3         6         1         0      1258
         4      4103         2         2        17         3         4         3         1         0      1571
         4      4103         2         2        18         7         1         7         1         0      2992
         4      4103         2         2        19         5         1         5         1         0      1365
         4      4103         2         2        20         9         4         9         1         0      1739
         4      4103         2         2        21         6         1         6         1         0      1152
         4      4103         2         2        22         6         4         7         0         0      1469
         4      4103         2         2        23         9         3         9         1         0      1119
         4      4103         2         2        24         3         3         3         1         0      6718
         4      4103         2         2        25         2         4         2         1         0       878
         4      4103         2         2        26         3         2         1         0         1      1814
         4      4103         2         2        27        10         3         0         1         0      2056
         4      4103         2         2        28         1         1         1         1         0      1346
         4      4103         2         2        29         5         4         3         0         0      4152
         4      4103         2         2        30         9         1         9         1         0       974
         4      4103         2         2        31         4         1         4         1         0      1426
         4      4103         2         2        32        10         1         0         1         0      1586
         4      4103         2         2        33         8         3         7         0         0      4368
         4      4103         2         2        34         2         1         2         1         0       942
         4      4103         2         2        35         8         1         8         1         0      2116
         4      4103         2         2        36        10         2         0         1         1       797
         4      4103         2         2        37         2         2         2         1         1       729
         4      4103         2         2        38         7         3         7         1         0      1448
         4      4103         2         2        39         8         4         7         0         0      2794
         4      4103         2         2        40         6         2         6         1         1      1255
         4      4103         2         3         1        10         3         0         1         0      2017
         4      4103         2         3         2         7         2         7         1         0      3007
         4      4103         2         3         3         1         3         1         1         0      1699
         4      4103         2         3         4         9         3         9         1         0      1180
         4      4103         2         3         5         5         4         3         0         0      1737
         4      4103         2         3         6         9         1         9         1         1      1104
         4      4103         2         3         7         3         3         3         1         0      1871
         4      4103         2         3         8         1         4         1         1         0      1040
         4      4103         2         3         9         8         4         7         0         0      2034
         4      4103         2         3        10         7         3         7         1         0      1677
         4      4103         2         3        11         6         2         6         1         0      1190
         4      4103         2         3        12        10         4         0         1         0      2019
         4      4103         2         3        13         8         1         8         1         1      1501
         4      4103         2         3        14         2         2         2         1         0      1021
         4      4103         2         3        15        10         2         0         1         0       945
         4      4103         2         3        16         8         2         8         1         0      2024
         4      4103         2         3        17         3         2         3         1         0      2914
         4      4103         2         3        18         4         3         4         1         0      1656
         4      4103         2         3        19         5         2         5         1         0      2018
         4      4103         2         3        20         6         3         6         1         0      1229
         4      4103         2         3        21         2         4         2         1         0       903
         4      4103         2         3        22         4         4         4         1         0      1870
         4      4103         2         3        23         4         1         4         1         1      1118
         4      4103         2         3        24         8         3         7         0         0      2927
         4      4103         2         3        25         9         2         9         1         0      1173
         4      4103         2         3        26         4         2         4         1         0      2338
         4      4103         2         3        27        10         1         0         1         1       783
         4      4103         2         3        28         6         1         6         1         1      1832
         4      4103         2         3        29         7         4         7         1         0      2922
         4      4103         2         3        30         2         1         2         1         1       817
         4      4103         2         3        31         2         3         2         1         0       748
         4      4103         2         3        32         9         4         9         1         0      1369
         4      4103         2         3        33         7         1         7         1         1      1503
         4      4103         2         3        34         5         3         5         1         0      3295
         4      4103         2         3        35         1         1         1         1         1       887
         4      4103         2         3        36         1         2         1         1         0      1375
         4      4103         2         3        37         5         1         5         1         1      3286
         4      4103         2         3        38         3         4         3         1         0      3309
         4      4103         2         3        39         3         1         3         1         1      1269
         4      4103         2         3        40         6         4         7         0         0      1326
         4      4103         2         4         1         3         4         3         1         0      1574
         4      4103         2         4         2        10         4         0         1         0      1316
         4      4103         2         4         3         4         3         4         1         0      1771
         4      4103         2         4         4         1         4         1         1         0       831
         4      4103         2         4         5         4         2         4         1         1      1962
         4      4103         2         4         6         3         1         3         1         0      1559
         4      4103         2         4         7         9         3         9         1         0      1253
         4      4103         2         4         8         2         4         2         1         0      1039
         4      4103         2         4         9         2         1         2         1         0       691
         4      4103         2         4        10         8         3         7         0         0      1268
         4      4103         2         4        11         8         2         8         1         1      1374
         4      4103         2         4        12         4         4         4         1         0      1923
         4      4103         2         4        13         9         1         9         1         0      1394
         4      4103         2         4        14         7         1         7         1         0      1975
         4      4103         2         4        15         6         4         7         0         0      1428
         4      4103         2         4        16         5         3         5         1         0      2310
         4      4103         2         4        17         6         1         6         1         0      1253
         4      4103         2         4        18         9         2         9         1         1      1070
         4      4103         2         4        19         7         2         7         1         1      2815
         4      4103         2         4        20         4         1         4         1         0      1289
         4      4103         2         4        21         2         3         2         1         0       834
         4      4103         2         4        22         1         2         1         1         1       684
         4      4103         2         4        23         5         1         5         1         0      3469
         4      4103         2         4        24         8         1         8         1         0      2238
         4      4103         2         4        25         3         3         3         1         0      2880
         4      4103         2         4        26         3         2         3         1         1      1352
         4      4103         2         4        27        10         2         0         1         1      1183
         4      4103         2         4        28         6         3         6         1         0      1162
         4      4103         2         4        29         5         4         5         1         0      4119
         4      4103         2         4        30        10         3         0         1         0      1341
         4      4103         2         4        31         9         4         9         1         0      1364
         4      4103         2         4        32         2         2         2         1         1       697
         4      4103         2         4        33         7         3         7         1         0      1209
         4      4103         2         4        34         5         2         5         1         1      1653
         4      4103         2         4        35         8         4         7         0         0      2797
         4      4103         2         4        36         6         2         6         1         1      1257
         4      4103         2         4        37        10         1         0         1         0      1201
         4      4103         2         4        38         1         3         1         1         0      1085
         4      4103         2         4        39         1         1         1         1         0       750
         4      4103         2         4        40         7         4         7         1         0      2028
