Condition Subject Session Block Trial Subtype Token Response Correct Feedback RT 
         2      2059         1         1         1         8         1         8         1         1     17811
         2      2059         1         1         2         3         2         3         1         1      4254
         2      2059         1         1         3         3         1         3         1         1      2480
         2      2059         1         1         4        10         2         0         1         1      7065
         2      2059         1         1         5         7         1         0         0         1     13449
         2      2059         1         1         6         5         2         5         1         1      1691
         2      2059         1         1         7         3         2         3         1         1      2146
         2      2059         1         1         8        10         1         0         1         1      6745
         2      2059         1         1         9         8         2         6         0         1      7781
         2      2059         1         1        10         4         1         1         0         1      4538
         2      2059         1         1        11         9         1         9         1         1      6528
         2      2059         1         1        12         3         1         3         1         1      1975
         2      2059         1         1        13         7         1         4         0         1     27331
         2      2059         1         1        14        10         1         0         1         1      2138
         2      2059         1         1        15         6         2         6         1         1      4049
         2      2059         1         1        16        10         2         0         1         1      1851
         2      2059         1         1        17         6         1         6         1         1      8156
         2      2059         1         1        18         4         2         5         0         1      3872
         2      2059         1         1        19         1         2         7         0         1     25103
         2      2059         1         1        20         6         1         6         1         1      5838
         2      2059         1         1        21         2         2         7         0         1      5454
         2      2059         1         1        22         2         1         2         1         1      1568
         2      2059         1         1        23         2         1         2         1         1      2030
         2      2059         1         1        24         8         2         5         0         1      1895
         2      2059         1         1        25         1         1         1         1         1      6422
         2      2059         1         1        26         5         1         5         1         1      9614
         2      2059         1         1        27         7         2         0         0         1      7673
         2      2059         1         1        28         4         2         7         0         1     11185
         2      2059         1         1        29         7         2         7         1         1     12621
         2      2059         1         1        30         9         2         1         0         1      1776
         2      2059         1         1        31         1         1         1         1         1      1956
         2      2059         1         1        32         4         1         3         0         1      3008
         2      2059         1         1        33         1         2         1         1         1      4018
         2      2059         1         1        34         9         2         1         0         1      7102
         2      2059         1         1        35         5         1         5         1         1      3708
         2      2059         1         1        36         5         2         5         1         1      2435
         2      2059         1         1        37         8         1         6         0         1      4333
         2      2059         1         1        38         2         2         1         0         1      3275
         2      2059         1         1        39         6         2         6         1         1      4500
         2      2059         1         1        40         9         1         2         0         1      2284
         2      2059         1         2         1        10         1         0         1         1      1710
         2      2059         1         2         2         1         2         1         1         1      2468
         2      2059         1         2         3         1         1         1         1         1      3244
         2      2059         1         2         4         7         2         7         1         1      6550
         2      2059         1         2         5         9         2         9         1         1      3292
         2      2059         1         2         6         6         1         6         1         1     10419
         2      2059         1         2         7         2         2         4         0         1      5901
         2      2059         1         2         8         9         1         2         0         1      3214
         2      2059         1         2         9        10         2         0         1         1      1578
         2      2059         1         2        10        10         1         0         1         1      1463
         2      2059         1         2        11         7         1         4         0         1      3847
         2      2059         1         2        12         8         2         8         1         1      4489
         2      2059         1         2        13         4         2         8         0         1     13488
         2      2059         1         2        14         7         1         7         1         1     10736
         2      2059         1         2        15         3         2         3         1         1      2415
         2      2059         1         2        16         4         1         2         0         1      9753
         2      2059         1         2        17         5         2         5         1         1      1423
         2      2059         1         2        18         7         2         7         1         1      1730
         2      2059         1         2        19         9         2         9         1         1      3257
         2      2059         1         2        20         6         1         6         1         1      3250
         2      2059         1         2        21         3         1         7         0         1     18507
         2      2059         1         2        22         4         2         8         0         1      6179
         2      2059         1         2        23         1         1         1         1         1      1782
         2      2059         1         2        24         6         2         6         1         1      2378
         2      2059         1         2        25         9         1         2         0         1      4519
         2      2059         1         2        26         4         1         4         1         1      4861
         2      2059         1         2        27        10         2         0         1         1      1479
         2      2059         1         2        28         5         1         5         1         1      1318
         2      2059         1         2        29         2         1         7         0         1      8046
         2      2059         1         2        30         2         1         2         1         1      1879
         2      2059         1         2        31         6         2         6         1         1      1705
         2      2059         1         2        32         5         1         5         1         1      2319
         2      2059         1         2        33         8         2         8         1         1      1853
         2      2059         1         2        34         1         2         1         1         1      2062
         2      2059         1         2        35         5         2         5         1         1      1478
         2      2059         1         2        36         2         2         2         1         1      8981
         2      2059         1         2        37         3         1         3         1         1      2266
         2      2059         1         2        38         8         1         8         1         1      1979
         2      2059         1         2        39         8         1         8         1         1      1783
         2      2059         1         2        40         3         2         3         1         1      2044
         2      2059         1         3         1         2         2         2         1         1      3164
         2      2059         1         3         2         6         2         6         1         1      2602
         2      2059         1         3         3        10         2         0         1         1      1423
         2      2059         1         3         4         6         1         6         1         1      1746
         2      2059         1         3         5         9         1         2         0         1      3639
         2      2059         1         3         6         7         2         7         1         1      1889
         2      2059         1         3         7         8         1         8         1         1      1537
         2      2059         1         3         8         6         2         6         1         1      1520
         2      2059         1         3         9         7         2         7         1         1      3006
         2      2059         1         3        10         6         1         6         1         1      1457
         2      2059         1         3        11         4         2         4         1         1     35762
         2      2059         1         3        12         8         2         8         1         1      3702
         2      2059         1         3        13         4         1         2         0         1      5853
         2      2059         1         3        14        10         1         0         1         1      2430
         2      2059         1         3        15        10         1         0         1         1      1738
         2      2059         1         3        16         4         2         4         1         1      8336
         2      2059         1         3        17         4         1         4         1         1      1166
         2      2059         1         3        18         7         1         7         1         1      2907
         2      2059         1         3        19         9         2         9         1         1      5715
         2      2059         1         3        20         5         1         5         1         1      3897
         2      2059         1         3        21         8         2         8         1         1      1944
         2      2059         1         3        22         2         1         2         1         1      2070
         2      2059         1         3        23         3         1         3         1         1      1856
         2      2059         1         3        24         3         2         3         1         1      1744
         2      2059         1         3        25        10         2         0         1         1      1655
         2      2059         1         3        26         3         2         3         1         1      1457
         2      2059         1         3        27         7         1         7         1         1      6770
         2      2059         1         3        28         2         2         2         1         1      2462
         2      2059         1         3        29         5         1         5         1         1      1414
         2      2059         1         3        30         1         2         1         1         1      1415
         2      2059         1         3        31         1         1         1         1         1      1402
         2      2059         1         3        32         5         2         5         1         1      1453
         2      2059         1         3        33         9         2         9         1         1      2623
         2      2059         1         3        34         1         1         1         1         1      1393
         2      2059         1         3        35         3         1         3         1         1      2069
         2      2059         1         3        36         8         1         8         1         1      2750
         2      2059         1         3        37         1         2         1         1         1      2491
         2      2059         1         3        38         5         2         5         1         1      1506
         2      2059         1         3        39         2         1         2         1         1      1600
         2      2059         1         3        40         9         1         1         0         1      1388
         2      2059         1         4         1         2         1         2         1         1      4733
         2      2059         1         4         2         2         2         4         0         1      8811
         2      2059         1         4         3         7         1         7         1         1      1606
         2      2059         1         4         4         7         1         7         1         1      1698
         2      2059         1         4         5         3         1         3         1         1      1338
         2      2059         1         4         6         8         2         4         0         1      3583
         2      2059         1         4         7         3         1         3         1         1      1435
         2      2059         1         4         8        10         1         0         1         1      1486
         2      2059         1         4         9         6         2         6         1         1      1598
         2      2059         1         4        10         1         1         1         1         1      1402
         2      2059         1         4        11         6         1         6         1         1      1533
         2      2059         1         4        12         5         1         5         1         1      1338
         2      2059         1         4        13        10         2         0         1         1      1521
         2      2059         1         4        14         9         2         9         1         1      1921
         2      2059         1         4        15         8         2         8         1         1      5824
         2      2059         1         4        16         4         2         4         1         1     21602
         2      2059         1         4        17         6         2         6         1         1      1454
         2      2059         1         4        18         6         1         6         1         1      5615
         2      2059         1         4        19         2         1         2         1         1      2874
         2      2059         1         4        20         1         2         1         1         1      1362
         2      2059         1         4        21         9         1         1         0         1      1623
         2      2059         1         4        22         9         1         9         1         1      1538
         2      2059         1         4        23         1         1         1         1         1      1263
         2      2059         1         4        24         5         1         5         1         1      1303
         2      2059         1         4        25         9         2         9         1         1      1439
         2      2059         1         4        26         7         2         7         1         1      1777
         2      2059         1         4        27         5         2         5         1         1      1333
         2      2059         1         4        28         2         2         2         1         1      3067
         2      2059         1         4        29         7         2         7         1         1      1532
         2      2059         1         4        30         3         2         3         1         1      1962
         2      2059         1         4        31        10         2         0         1         1      1336
         2      2059         1         4        32         3         2         3         1         1      1326
         2      2059         1         4        33        10         1         0         1         1      1301
         2      2059         1         4        34         1         2         1         1         1      1036
         2      2059         1         4        35         5         2         5         1         1      1470
         2      2059         1         4        36         4         1         4         1         1      9534
         2      2059         1         4        37         4         2         4         1         1      3244
         2      2059         1         4        38         4         1         4         1         1      1366
         2      2059         1         4        39         8         1         8         1         1      2107
         2      2059         1         4        40         8         1         8         1         1      3203
         2      2059         1         5         1         9         1         1         0         1      5605
         2      2059         1         5         2         5         2         5         1         1      1264
         2      2059         1         5         3         4         2         4         1         1      5369
         2      2059         1         5         4         7         2         7         1         1      1311
         2      2059         1         5         5         9         1         9         1         1      3302
         2      2059         1         5         6        10         1         0         1         1      2206
         2      2059         1         5         7         4         1         4         1         1      1825
         2      2059         1         5         8         5         2         5         1         1      1123
         2      2059         1         5         9         1         2         1         1         1      1344
         2      2059         1         5        10         3         2         3         1         1      1509
         2      2059         1         5        11        10         1         0         1         1      1221
         2      2059         1         5        12         3         1         3         1         1      2097
         2      2059         1         5        13         6         2         6         1         1      1529
         2      2059         1         5        14         2         1         2         1         1      1655
         2      2059         1         5        15         8         1         8         1         1      1409
         2      2059         1         5        16         3         1         3         1         1      1285
         2      2059         1         5        17         7         2         7         1         1      1294
         2      2059         1         5        18         6         1         6         1         1      1318
         2      2059         1         5        19         5         1         5         1         1      1532
         2      2059         1         5        20         9         2         9         1         1      2315
         2      2059         1         5        21         8         2         8         1         1      3481
         2      2059         1         5        22         4         2         4         1         1      1434
         2      2059         1         5        23         6         1         6         1         1      1485
         2      2059         1         5        24        10         2         0         1         1      1325
         2      2059         1         5        25         8         1         8         1         1      1348
         2      2059         1         5        26         6         2         6         1         1      1307
         2      2059         1         5        27         1         1         1         1         1      1681
         2      2059         1         5        28         5         1         5         1         1      2281
         2      2059         1         5        29         8         2         8         1         1      1353
         2      2059         1         5        30         2         2         2         1         1      2206
         2      2059         1         5        31         3         2         3         1         1      1841
         2      2059         1         5        32        10         2         0         1         1      1284
         2      2059         1         5        33         2         2         2         1         1      3709
         2      2059         1         5        34         4         1         4         1         1      1908
         2      2059         1         5        35         1         1         1         1         1      2227
         2      2059         1         5        36         7         1         7         1         1      1542
         2      2059         1         5        37         1         2         1         1         1      1235
         2      2059         1         5        38         7         1         7         1         1      1422
         2      2059         1         5        39         2         1         2         1         1      1298
         2      2059         1         5        40         9         2         9         1         1      1659
         2      2059         1         6         1         2         1         2         1         1      9896
         2      2059         1         6         2         1         2         1         1         1      4727
         2      2059         1         6         3         2         2         2         1         1      5557
         2      2059         1         6         4         2         2         2         1         1      3970
         2      2059         1         6         5         3         2         3         1         1      1472
         2      2059         1         6         6         1         1         9         0         1      3216
         2      2059         1         6         7         5         1         5         1         1      1146
         2      2059         1         6         8         6         2         6         1         1      1496
         2      2059         1         6         9         7         2         7         1         1      1304
         2      2059         1         6        10        10         2         0         1         1      1393
         2      2059         1         6        11         9         1         9         1         1      2118
         2      2059         1         6        12         1         2         1         1         1      1499
         2      2059         1         6        13         6         1         6         1         1      1371
         2      2059         1         6        14         8         1         8         1         1      1489
         2      2059         1         6        15         5         1         5         1         1      1312
         2      2059         1         6        16         1         1         1         1         1      2102
         2      2059         1         6        17         4         2         4         1         1      2494
         2      2059         1         6        18         9         2         9         1         1      1350
         2      2059         1         6        19         7         1         7         1         1      1452
         2      2059         1         6        20         9         2         9         1         1      2574
         2      2059         1         6        21         8         1         8         1         1      3716
         2      2059         1         6        22         3         1         3         1         1      1420
         2      2059         1         6        23         3         1         3         1         1      1424
         2      2059         1         6        24         4         1         4         1         1      2786
         2      2059         1         6        25         2         1         2         1         1      1151
         2      2059         1         6        26        10         1         0         1         1      1358
         2      2059         1         6        27         4         2         4         1         1      1299
         2      2059         1         6        28         5         2         5         1         1      1131
         2      2059         1         6        29        10         1         0         1         1      1179
         2      2059         1         6        30         7         1         7         1         1      1272
         2      2059         1         6        31         4         1         4         1         1      1489
         2      2059         1         6        32         6         2         6         1         1      2641
         2      2059         1         6        33        10         2         0         1         1      1189
         2      2059         1         6        34         7         2         7         1         1      1218
         2      2059         1         6        35         8         2         8         1         1      2252
         2      2059         1         6        36         3         2         3         1         1      1502
         2      2059         1         6        37         8         2         8         1         1      1293
         2      2059         1         6        38         5         2         5         1         1      1189
         2      2059         1         6        39         6         1         6         1         1      1393
         2      2059         1         6        40         9         1         9         1         1      1717
         2      2059         2         1         1        10         3         0         1         0      1675
         2      2059         2         1         2         5         1         5         1         1      1746
         2      2059         2         1         3         3         2         3         1         0      1544
         2      2059         2         1         4         6         4         6         1         0      4262
         2      2059         2         1         5         3         4         3         1         0      1768
         2      2059         2         1         6         3         3         7         0         0      2958
         2      2059         2         1         7         4         3         0         0         0      2339
         2      2059         2         1         8         8         1         8         1         1      1762
         2      2059         2         1         9        10         2         0         1         0      1432
         2      2059         2         1        10        10         1         0         1         1      1356
         2      2059         2         1        11         9         3         9         1         0      1890
         2      2059         2         1        12         1         3         9         0         0     19058
         2      2059         2         1        13         2         2         2         1         0      1716
         2      2059         2         1        14         4         4         1         0         0      4425
         2      2059         2         1        15         1         1         1         1         1      3171
         2      2059         2         1        16         5         3         5         1         0      5263
         2      2059         2         1        17         5         4         8         0         0     51255
         2      2059         2         1        18         8         2         8         1         0      1680
         2      2059         2         1        19         7         1         7         1         1      1881
         2      2059         2         1        20         2         1         2         1         1      1305
         2      2059         2         1        21         7         4         7         1         0     34880
         2      2059         2         1        22         4         1         4         1         1      2519
         2      2059         2         1        23         2         3         2         1         0      4911
         2      2059         2         1        24         9         2         9         1         0      1558
         2      2059         2         1        25         8         3         8         1         0      2018
         2      2059         2         1        26        10         4         0         1         0      1437
         2      2059         2         1        27         6         2         6         1         0      1711
         2      2059         2         1        28         8         4         8         1         0      2246
         2      2059         2         1        29         6         1         6         1         1      1368
         2      2059         2         1        30         9         4         2         0         0      3692
         2      2059         2         1        31         7         3         4         0         0      2692
         2      2059         2         1        32         9         1         9         1         1      1604
         2      2059         2         1        33         1         2         1         1         0      1247
         2      2059         2         1        34         1         4         1         1         0      1304
         2      2059         2         1        35         4         2         4         1         0      2608
         2      2059         2         1        36         6         3         6         1         0      2483
         2      2059         2         1        37         3         1         3         1         1      1452
         2      2059         2         1        38         5         2         5         1         0      2109
         2      2059         2         1        39         7         2         7         1         0      1524
         2      2059         2         1        40         2         4         2         1         0      2002
         2      2059         2         2         1         1         1         1         1         0      3906
         2      2059         2         2         2         5         1         5         1         0      1247
         2      2059         2         2         3         2         3         2         1         0      2105
         2      2059         2         2         4         8         3         8         1         0      2720
         2      2059         2         2         5        10         4         0         1         0      1230
         2      2059         2         2         6         3         1         3         1         0      1753
         2      2059         2         2         7         2         2         2         1         1      3918
         2      2059         2         2         8         6         4         6         1         0      1933
         2      2059         2         2         9         9         2         9         1         1      2683
         2      2059         2         2        10        10         1         0         1         0      1452
         2      2059         2         2        11        10         2         0         1         1      1311
         2      2059         2         2        12         4         1         4         1         0      1526
         2      2059         2         2        13         7         3         4         0         0      8836
         2      2059         2         2        14         3         3         7         0         0      1999
         2      2059         2         2        15         9         3         9         1         0      5099
         2      2059         2         2        16         5         3         5         1         0      4297
         2      2059         2         2        17         7         1         7         1         0      1977
         2      2059         2         2        18         8         1         8         1         0      1478
         2      2059         2         2        19         8         4         8         1         0      1894
         2      2059         2         2        20         1         4         1         1         0      1446
         2      2059         2         2        21         7         4         7         1         0     22055
         2      2059         2         2        22        10         3         0         1         0      1490
         2      2059         2         2        23         6         3         6         1         0      1969
         2      2059         2         2        24         3         2         3         1         1      1694
         2      2059         2         2        25         4         4         4         1         0      6500
         2      2059         2         2        26         6         1         6         1         0      1355
         2      2059         2         2        27         4         3         4         1         0      6433
         2      2059         2         2        28         2         4         2         1         0      1323
         2      2059         2         2        29         2         1         2         1         0      1377
         2      2059         2         2        30         3         4         3         1         0      1589
         2      2059         2         2        31         8         2         8         1         1      1488
         2      2059         2         2        32         6         2         6         1         1      2128
         2      2059         2         2        33         9         4         2         0         0      2086
         2      2059         2         2        34         4         2         4         1         1      1503
         2      2059         2         2        35         1         2         1         1         1      1197
         2      2059         2         2        36         9         1         9         1         0      1577
         2      2059         2         2        37         5         2         5         1         1      1669
         2      2059         2         2        38         5         4         5         1         0      9661
         2      2059         2         2        39         1         3         9         0         0      8071
         2      2059         2         2        40         7         2         7         1         1      1536
         2      2059         2         3         1         4         1         4         1         1      1699
         2      2059         2         3         2         8         1         8         1         1      1419
         2      2059         2         3         3         6         2         6         1         0      1519
         2      2059         2         3         4         4         4         4         1         0      3980
         2      2059         2         3         5         7         3         4         0         0     10393
         2      2059         2         3         6         6         4         6         1         0      1797
         2      2059         2         3         7        10         2         0         1         0      1402
         2      2059         2         3         8         2         4         2         1         0      1454
         2      2059         2         3         9         9         1         9         1         1      1728
         2      2059         2         3        10         8         2         8         1         0      1334
         2      2059         2         3        11         9         2         9         1         0      1629
         2      2059         2         3        12         1         1         1         1         1      1207
         2      2059         2         3        13         4         3         4         1         0      2050
         2      2059         2         3        14         1         3         9         0         0      2748
         2      2059         2         3        15         6         3         6         1         0      1626
         2      2059         2         3        16         7         1         7         1         1      1478
         2      2059         2         3        17        10         3         0         1         0      1335
         2      2059         2         3        18         1         4         1         1         0      1455
         2      2059         2         3        19        10         4         0         1         0      1521
         2      2059         2         3        20        10         1         0         1         1      1185
         2      2059         2         3        21         9         3         9         1         0      1902
         2      2059         2         3        22         8         3         8         1         0      1869
         2      2059         2         3        23         6         1         6         1         1      1326
         2      2059         2         3        24         2         3         2         1         0      2709
         2      2059         2         3        25         3         1         3         1         1      1365
         2      2059         2         3        26         2         1         2         1         1      3451
         2      2059         2         3        27         9         4         2         0         0      2077
         2      2059         2         3        28         3         3         7         0         0      1767
         2      2059         2         3        29         5         1         5         1         1      1643
         2      2059         2         3        30         5         4         5         1         0      6932
         2      2059         2         3        31         3         2         3         1         0      2587
         2      2059         2         3        32         5         3         5         1         0      1343
         2      2059         2         3        33         7         4         7         1         0      5365
         2      2059         2         3        34         3         4         3         1         0      2107
         2      2059         2         3        35         8         4         8         1         0      1682
         2      2059         2         3        36         7         2         7         1         0      1819
         2      2059         2         3        37         5         2         5         1         0      1358
         2      2059         2         3        38         1         2         1         1         0      1491
         2      2059         2         3        39         4         2         4         1         0      1476
         2      2059         2         3        40         2         2         2         1         0      1428
         2      2059         2         4         1         5         2         5         1         1      1395
         2      2059         2         4         2         9         4         2         0         0      1335
         2      2059         2         4         3         2         4         2         1         0      1246
         2      2059         2         4         4         3         2         3         1         1      2199
         2      2059         2         4         5         6         4         6         1         0      1659
         2      2059         2         4         6        10         4         0         1         0      1813
         2      2059         2         4         7         1         3         9         0         0      1961
         2      2059         2         4         8         8         4         8         1         0      1478
         2      2059         2         4         9        10         2         0         1         1      1352
         2      2059         2         4        10         4         1         4         1         0      1438
         2      2059         2         4        11         3         3         7         0         0      1602
         2      2059         2         4        12         7         4         7         1         0      2669
         2      2059         2         4        13         2         2         2         1         1      1295
         2      2059         2         4        14         3         1         3         1         0      1382
         2      2059         2         4        15         2         3         2         1         0      1547
         2      2059         2         4        16         9         3         9         1         0      3050
         2      2059         2         4        17         8         3         8         1         0      1835
         2      2059         2         4        18        10         3         0         1         0      3823
         2      2059         2         4        19         8         1         8         1         0      2018
         2      2059         2         4        20         4         3         4         1         0      2222
         2      2059         2         4        21         3         4         3         1         0      1442
         2      2059         2         4        22         2         1         2         1         0      1316
         2      2059         2         4        23         5         3         5         1         0      2394
         2      2059         2         4        24         6         3         6         1         0      1510
         2      2059         2         4        25         7         2         7         1         1      1478
         2      2059         2         4        26         9         2         9         1         1      1671
         2      2059         2         4        27         9         1         9         1         0      1696
         2      2059         2         4        28         1         4         1         1         0      1417
         2      2059         2         4        29         1         2         1         1         1      1308
         2      2059         2         4        30         7         1         7         1         0      1811
         2      2059         2         4        31         4         4         1         0         0      2212
         2      2059         2         4        32         8         2         8         1         1      1590
         2      2059         2         4        33         5         1         5         1         0      1809
         2      2059         2         4        34         7         3         4         0         0      4181
         2      2059         2         4        35         6         2         6         1         1      2377
         2      2059         2         4        36        10         1         0         1         0      1975
         2      2059         2         4        37         1         1         1         1         0      1203
         2      2059         2         4        38         4         2         4         1         1      2975
         2      2059         2         4        39         6         1         6         1         0      1412
         2      2059         2         4        40         5         4         5         1         0      1767
