Condition Subject Session Block Trial Subtype Token Response Correct Feedback RT 
         4      4142         1         1         1         9         2         2         0         1     20719
         4      4142         1         1         2         6         1         8         0         1      6769
         4      4142         1         1         3         6         2         6         1         1      3925
         4      4142         1         1         4        10         2         5         0         1      3925
         4      4142         1         1         5         3         1         3         1         1      2220
         4      4142         1         1         6         1         2         4         0         1      6966
         4      4142         1         1         7         1         1         5         0         1      6523
         4      4142         1         1         8         3         2         3         1         1      1993
         4      4142         1         1         9         4         1         4         1         1      2428
         4      4142         1         1        10         6         2         7         0         1      5126
         4      4142         1         1        11         9         2         9         1         1      6860
         4      4142         1         1        12         9         1         9         1         1      2149
         4      4142         1         1        13         9         1         9         1         1      1282
         4      4142         1         1        14         8         2         1         0         1      4603
         4      4142         1         1        15         8         1         5         0         1      6869
         4      4142         1         1        16         4         1         4         1         1      1869
         4      4142         1         1        17         2         2         7         0         1      5389
         4      4142         1         1        18         2         2         2         1         1      1906
         4      4142         1         1        19         7         2         5         0         1      2785
         4      4142         1         1        20         5         2         3         0         1      2900
         4      4142         1         1        21         7         1         7         1         1      2388
         4      4142         1         1        22         7         1         7         1         1      1025
         4      4142         1         1        23         5         1         3         0         1      2043
         4      4142         1         1        24         8         2         7         0         1      2894
         4      4142         1         1        25         1         1         7         0         1      3054
         4      4142         1         1        26        10         1         5         0         1      3869
         4      4142         1         1        27         7         2         5         0         1      6662
         4      4142         1         1        28         3         1         3         1         1      1655
         4      4142         1         1        29        10         2         0         1         1      1824
         4      4142         1         1        30         3         2         3         1         1      2099
         4      4142         1         1        31         1         2         4         0         1      2249
         4      4142         1         1        32         6         1         9         0         1      3217
         4      4142         1         1        33         4         2         4         1         1      1884
         4      4142         1         1        34         2         1         2         1         1      4580
         4      4142         1         1        35         5         2         5         1         1      3055
         4      4142         1         1        36         5         1         5         1         1      2353
         4      4142         1         1        37         4         2         4         1         1      1735
         4      4142         1         1        38         2         1         2         1         1      3853
         4      4142         1         1        39         8         1         0         0         1      5188
         4      4142         1         1        40        10         1         0         1         1      2102
         4      4142         1         2         1         3         2         3         1         1      1918
         4      4142         1         2         2         5         1         5         1         1      5820
         4      4142         1         2         3         6         1         6         1         1      2030
         4      4142         1         2         4         4         1         4         1         1      1566
         4      4142         1         2         5         7         1         7         1         1      7508
         4      4142         1         2         6         5         1         5         1         1      2012
         4      4142         1         2         7        10         2         0         1         1      1944
         4      4142         1         2         8         4         1         4         1         1      1589
         4      4142         1         2         9         8         1         8         1         1      4864
         4      4142         1         2        10         5         2         5         1         1      1697
         4      4142         1         2        11        10         2         0         1         1      1593
         4      4142         1         2        12         1         2         1         1         1      4164
         4      4142         1         2        13         7         2         7         1         1      5425
         4      4142         1         2        14         8         2         7         0         1      2109
         4      4142         1         2        15         1         2         1         1         1      3828
         4      4142         1         2        16         2         2         2         1         1      4143
         4      4142         1         2        17         9         1         9         1         1      2781
         4      4142         1         2        18         7         1         5         0         1      8593
         4      4142         1         2        19        10         1         8         0         1      4980
         4      4142         1         2        20         9         2         9         1         1      1688
         4      4142         1         2        21         4         2         4         1         1      1649
         4      4142         1         2        22        10         1         0         1         1      3434
         4      4142         1         2        23         7         2         7         1         1      6788
         4      4142         1         2        24         3         1         3         1         1      1680
         4      4142         1         2        25         4         2         4         1         1      1409
         4      4142         1         2        26         2         1         2         1         1      2542
         4      4142         1         2        27         9         2         9         1         1      1924
         4      4142         1         2        28         6         2         6         1         1      2915
         4      4142         1         2        29         6         2         6         1         1      1507
         4      4142         1         2        30         6         1         6         1         1      2385
         4      4142         1         2        31         3         2         3         1         1      1708
         4      4142         1         2        32         1         1         5         0         1      1885
         4      4142         1         2        33         2         1         2         1         1      1782
         4      4142         1         2        34         1         1         1         1         1      2108
         4      4142         1         2        35         2         2         2         1         1      1693
         4      4142         1         2        36         8         1         8         1         1      3965
         4      4142         1         2        37         9         1         9         1         1      1587
         4      4142         1         2        38         8         2         7         0         1      6704
         4      4142         1         2        39         5         2         5         1         1      1575
         4      4142         1         2        40         3         1         3         1         1      2412
         4      4142         1         3         1         2         2         2         1         1      1767
         4      4142         1         3         2         3         1         3         1         1      1548
         4      4142         1         3         3         8         1         8         1         1      2554
         4      4142         1         3         4        10         1         0         1         1      1669
         4      4142         1         3         5         6         2         6         1         1      2982
         4      4142         1         3         6         1         2         1         1         1      6636
         4      4142         1         3         7         2         2         2         1         1      1615
         4      4142         1         3         8         6         1         6         1         1      1689
         4      4142         1         3         9         8         2         7         0         1      4073
         4      4142         1         3        10         3         1         3         1         1      1707
         4      4142         1         3        11         8         1         8         1         1      2442
         4      4142         1         3        12         9         2         9         1         1      1652
         4      4142         1         3        13         7         1         7         1         1      3487
         4      4142         1         3        14         5         2         5         1         1      1638
         4      4142         1         3        15         4         2         4         1         1      1481
         4      4142         1         3        16         5         1         3         0         1      3082
         4      4142         1         3        17         9         2         9         1         1      1482
         4      4142         1         3        18         5         1         5         1         1      2634
         4      4142         1         3        19         7         2         7         1         1      2285
         4      4142         1         3        20         1         1         1         1         1      8974
         4      4142         1         3        21         7         2         7         1         1      1675
         4      4142         1         3        22         1         1         1         1         1      2028
         4      4142         1         3        23        10         2         0         1         1      1801
         4      4142         1         3        24         8         2         8         1         1      6732
         4      4142         1         3        25         9         1         9         1         1      1491
         4      4142         1         3        26         6         1         6         1         1      1874
         4      4142         1         3        27         3         2         3         1         1      1899
         4      4142         1         3        28         6         2         6         1         1      2211
         4      4142         1         3        29         7         1         7         1         1      3383
         4      4142         1         3        30         4         1         4         1         1      2779
         4      4142         1         3        31         2         1         2         1         1      1647
         4      4142         1         3        32         4         2         4         1         1      1593
         4      4142         1         3        33         4         1         4         1         1      1460
         4      4142         1         3        34         5         2         5         1         1      2118
         4      4142         1         3        35         1         2         1         1         1      3182
         4      4142         1         3        36         3         2         3         1         1      1994
         4      4142         1         3        37        10         2         0         1         1      1544
         4      4142         1         3        38         9         1         9         1         1      2575
         4      4142         1         3        39         2         1         2         1         1      1923
         4      4142         1         3        40        10         1         0         1         1      1752
         4      4142         1         4         1         1         2         1         1         1      1656
         4      4142         1         4         2         2         2         2         1         1      1467
         4      4142         1         4         3         9         1         9         1         1      2236
         4      4142         1         4         4         7         2         7         1         1      2279
         4      4142         1         4         5         3         2         3         1         1      2910
         4      4142         1         4         6         9         2         9         1         1      1350
         4      4142         1         4         7         4         1         4         1         1      1355
         4      4142         1         4         8         1         1         1         1         1      9808
         4      4142         1         4         9         1         2         1         1         1      1883
         4      4142         1         4        10         4         2         4         1         1      1643
         4      4142         1         4        11         5         1         5         1         1      1847
         4      4142         1         4        12         4         1         4         1         1      1656
         4      4142         1         4        13         3         1         3         1         1      3626
         4      4142         1         4        14         6         1         6         1         1      1828
         4      4142         1         4        15         2         1         2         1         1      1527
         4      4142         1         4        16         2         2         2         1         1      1495
         4      4142         1         4        17         5         1         5         1         1      1697
         4      4142         1         4        18         9         2         9         1         1      1632
         4      4142         1         4        19         5         2         5         1         1      2538
         4      4142         1         4        20         6         2         6         1         1      2465
         4      4142         1         4        21         6         1         6         1         1      1456
         4      4142         1         4        22         7         1         7         1         1      3066
         4      4142         1         4        23         2         1         2         1         1      1861
         4      4142         1         4        24         6         2         6         1         1      1574
         4      4142         1         4        25        10         2         0         1         1      1573
         4      4142         1         4        26         3         1         3         1         1      1826
         4      4142         1         4        27        10         1         0         1         1      1930
         4      4142         1         4        28         8         1         8         1         1      2104
         4      4142         1         4        29         7         2         7         1         1      1976
         4      4142         1         4        30         5         2         5         1         1      1517
         4      4142         1         4        31        10         2         0         1         1      1405
         4      4142         1         4        32         9         1         9         1         1      1481
         4      4142         1         4        33         4         2         4         1         1      1497
         4      4142         1         4        34         8         1         8         1         1      1833
         4      4142         1         4        35        10         1         0         1         1      1417
         4      4142         1         4        36         8         2         7         0         1      2565
         4      4142         1         4        37         3         2         3         1         1      2538
         4      4142         1         4        38         7         1         7         1         1      1833
         4      4142         1         4        39         8         2         8         1         1      1965
         4      4142         1         4        40         1         1         1         1         1      1818
         4      4142         1         5         1         5         1         5         1         1      2035
         4      4142         1         5         2         9         2         9         1         1      1452
         4      4142         1         5         3         4         2         4         1         1      1374
         4      4142         1         5         4         7         2         7         1         1      1835
         4      4142         1         5         5         3         1         3         1         1      1501
         4      4142         1         5         6         9         2         9         1         1      1516
         4      4142         1         5         7         2         2         2         1         1      1444
         4      4142         1         5         8         1         1         1         1         1      1552
         4      4142         1         5         9         3         1         3         1         1      1710
         4      4142         1         5        10         2         1         2         1         1      1350
         4      4142         1         5        11         4         1         4         1         1      1419
         4      4142         1         5        12         6         2         6         1         1      1654
         4      4142         1         5        13        10         1         0         1         1      1550
         4      4142         1         5        14         5         2         5         1         1      1955
         4      4142         1         5        15         2         2         2         1         1      1498
         4      4142         1         5        16         2         1         2         1         1      1675
         4      4142         1         5        17         3         2         3         1         1      1667
         4      4142         1         5        18         9         1         9         1         1      1620
         4      4142         1         5        19         3         2         3         1         1      4159
         4      4142         1         5        20         7         1         7         1         1      3165
         4      4142         1         5        21         8         1         8         1         1      1497
         4      4142         1         5        22         8         1         8         1         1      1457
         4      4142         1         5        23        10         1         0         1         1      1385
         4      4142         1         5        24         1         2         1         1         1      1519
         4      4142         1         5        25         6         1         6         1         1      1653
         4      4142         1         5        26         7         2         7         1         1      2279
         4      4142         1         5        27         6         2         6         1         1      1985
         4      4142         1         5        28        10         2         0         1         1      1199
         4      4142         1         5        29         1         2         1         1         1      1515
         4      4142         1         5        30         5         2         5         1         1      1386
         4      4142         1         5        31        10         2         0         1         1      1230
         4      4142         1         5        32         9         1         9         1         1      1329
         4      4142         1         5        33         8         2         8         1         1      2209
         4      4142         1         5        34         5         1         3         0         1      2445
         4      4142         1         5        35         1         1         1         1         1      1976
         4      4142         1         5        36         8         2         8         1         1      1759
         4      4142         1         5        37         6         1         6         1         1      1684
         4      4142         1         5        38         4         2         4         1         1      1461
         4      4142         1         5        39         4         1         4         1         1      2197
         4      4142         1         5        40         7         1         7         1         1      2065
         4      4142         1         6         1         6         2         6         1         1      1451
         4      4142         1         6         2         9         1         9         1         1      1525
         4      4142         1         6         3         6         1         6         1         1      1563
         4      4142         1         6         4         4         2         4         1         1      1407
         4      4142         1         6         5         3         1         3         1         1      1963
         4      4142         1         6         6         7         2         7         1         1      2833
         4      4142         1         6         7         1         2         1         1         1      1300
         4      4142         1         6         8         1         1         1         1         1      1861
         4      4142         1         6         9         6         1         6         1         1      1549
         4      4142         1         6        10         5         1         5         1         1      1620
         4      4142         1         6        11         4         2         4         1         1      1567
         4      4142         1         6        12         5         2         5         1         1      1948
         4      4142         1         6        13         8         1         8         1         1      1626
         4      4142         1         6        14        10         2         0         1         1      1399
         4      4142         1         6        15        10         1         0         1         1      1264
         4      4142         1         6        16         4         1         4         1         1      1584
         4      4142         1         6        17         1         2         1         1         1      1357
         4      4142         1         6        18         2         2         2         1         1      2564
         4      4142         1         6        19        10         2         0         1         1      1291
         4      4142         1         6        20         4         1         4         1         1      1458
         4      4142         1         6        21         3         2         3         1         1      2627
         4      4142         1         6        22         3         2         3         1         1      1573
         4      4142         1         6        23         2         2         2         1         1      1547
         4      4142         1         6        24         8         2         8         1         1      5690
         4      4142         1         6        25         2         1         2         1         1      1386
         4      4142         1         6        26         7         1         7         1         1      1479
         4      4142         1         6        27         7         1         7         1         1      1960
         4      4142         1         6        28        10         1         0         1         1      1500
         4      4142         1         6        29         9         2         9         1         1      1443
         4      4142         1         6        30         7         2         7         1         1      2710
         4      4142         1         6        31         2         1         2         1         1      1414
         4      4142         1         6        32         6         2         6         1         1      2026
         4      4142         1         6        33         1         1         1         1         1      8917
         4      4142         1         6        34         9         1         9         1         1      1372
         4      4142         1         6        35         3         1         3         1         1      2154
         4      4142         1         6        36         8         2         8         1         1      1905
         4      4142         1         6        37         9         2         9         1         1      1465
         4      4142         1         6        38         8         1         8         1         1      2489
         4      4142         1         6        39         5         1         5         1         1      1706
         4      4142         1         6        40         5         2         5         1         1      1986
         4      4142         2         1         1         1         4         1         1         0      5532
         4      4142         2         1         2         9         4         9         1         0      1898
         4      4142         2         1         3         6         4         6         1         0      4881
         4      4142         2         1         4         2         2         2         1         0      1801
         4      4142         2         1         5         1         3         1         1         0      4333
         4      4142         2         1         6         2         1         2         1         1      1404
         4      4142         2         1         7         4         4         4         1         0      3862
         4      4142         2         1         8         3         2         3         1         0      3623
         4      4142         2         1         9         8         1         8         1         1      2018
         4      4142         2         1        10         3         1         3         1         1      1877
         4      4142         2         1        11         8         3         8         1         0      3256
         4      4142         2         1        12         3         4         3         1         0      1431
         4      4142         2         1        13         5         2         5         1         0      1577
         4      4142         2         1        14         1         2         1         1         0      1719
         4      4142         2         1        15         6         2         6         1         0      1910
         4      4142         2         1        16         7         1         7         1         1      1663
         4      4142         2         1        17        10         4         0         1         0      1929
         4      4142         2         1        18         7         4         8         0         0      5311
         4      4142         2         1        19         4         1         4         1         1      1454
         4      4142         2         1        20         8         4         7         0         0      2111
         4      4142         2         1        21         1         1         1         1         1      2103
         4      4142         2         1        22         9         1         9         1         1      1592
         4      4142         2         1        23        10         1         0         1         1      1634
         4      4142         2         1        24         6         3         6         1         0      3364
         4      4142         2         1        25         7         2         7         1         0      1569
         4      4142         2         1        26         5         1         5         1         1      6495
         4      4142         2         1        27         9         3         9         1         0      1720
         4      4142         2         1        28         5         4         3         0         0      3936
         4      4142         2         1        29         5         3         5         1         0      5502
         4      4142         2         1        30         2         4         2         1         0      1605
         4      4142         2         1        31         7         3         8         0         0      2866
         4      4142         2         1        32         4         2         4         1         0      1484
         4      4142         2         1        33         9         2         9         1         0      1596
         4      4142         2         1        34         8         2         8         1         0      2848
         4      4142         2         1        35         3         3         3         1         0      1602
         4      4142         2         1        36         2         3         2         1         0      1536
         4      4142         2         1        37         4         3         4         1         0      2726
         4      4142         2         1        38        10         3         0         1         0      1884
         4      4142         2         1        39        10         2         0         1         0      1389
         4      4142         2         1        40         6         1         6         1         1      1601
         4      4142         2         2         1         8         1         8         1         0      2341
         4      4142         2         2         2         6         2         6         1         1      2260
         4      4142         2         2         3         1         4         1         1         0      1636
         4      4142         2         2         4         3         1         3         1         0      2143
         4      4142         2         2         5         2         4         2         1         0      1309
         4      4142         2         2         6         6         3         6         1         0      1461
         4      4142         2         2         7         7         4         8         0         0      3262
         4      4142         2         2         8         3         4         3         1         0      1367
         4      4142         2         2         9         1         2         1         1         1      1693
         4      4142         2         2        10         4         2         4         1         1      1613
         4      4142         2         2        11        10         2         0         1         1      1457
         4      4142         2         2        12         4         4         4         1         0      3115
         4      4142         2         2        13         4         1         4         1         0      2233
         4      4142         2         2        14         6         1         6         1         0      1634
         4      4142         2         2        15        10         4         0         1         0      1398
         4      4142         2         2        16         8         3         8         1         0      3019
         4      4142         2         2        17         1         3         1         1         0      1783
         4      4142         2         2        18         2         2         2         1         1      1868
         4      4142         2         2        19         2         1         2         1         0      1374
         4      4142         2         2        20         7         1         7         1         0      1428
         4      4142         2         2        21        10         3         0         1         0      1302
         4      4142         2         2        22         9         3         9         1         0      1702
         4      4142         2         2        23         5         4         3         0         0      1918
         4      4142         2         2        24         3         3         3         1         0      1661
         4      4142         2         2        25         9         4         9         1         0      1415
         4      4142         2         2        26         5         1         5         1         0      1867
         4      4142         2         2        27         7         3         8         0         0      3124
         4      4142         2         2        28         6         4         6         1         0      1843
         4      4142         2         2        29         5         3         5         1         0      1727
         4      4142         2         2        30         9         2         9         1         1      1261
         4      4142         2         2        31        10         1         0         1         0      1661
         4      4142         2         2        32         8         4         7         0         0      1518
         4      4142         2         2        33         1         1         1         1         0      1655
         4      4142         2         2        34         8         2         8         1         1      1937
         4      4142         2         2        35         3         2         3         1         1      1495
         4      4142         2         2        36         9         1         9         1         0      1296
         4      4142         2         2        37         5         2         5         1         1      1519
         4      4142         2         2        38         2         3         2         1         0      1551
         4      4142         2         2        39         7         2         7         1         1      1381
         4      4142         2         2        40         4         3         4         1         0      2554
         4      4142         2         3         1         5         4         3         0         0      2936
         4      4142         2         3         2         6         3         6         1         0      1933
         4      4142         2         3         3         2         4         2         1         0      1436
         4      4142         2         3         4         9         1         9         1         1      1550
         4      4142         2         3         5         8         3         8         1         0      2726
         4      4142         2         3         6        10         3         0         1         0      1339
         4      4142         2         3         7        10         2         0         1         0      1299
         4      4142         2         3         8         7         4         8         0         0      1987
         4      4142         2         3         9         6         4         6         1         0      1687
         4      4142         2         3        10         5         2         5         1         0      1511
         4      4142         2         3        11         1         2         1         1         0      1831
         4      4142         2         3        12         3         4         3         1         0      1552
         4      4142         2         3        13         3         1         3         1         1      2494
         4      4142         2         3        14         1         4         1         1         0      1382
         4      4142         2         3        15        10         4         0         1         0      1331
         4      4142         2         3        16         9         2         9         1         0      1377
         4      4142         2         3        17         8         4         7         0         0      3278
         4      4142         2         3        18         7         3         8         0         0      1904
         4      4142         2         3        19         7         2         7         1         0      1481
         4      4142         2         3        20         1         3         1         1         0      2089
         4      4142         2         3        21         8         1         8         1         1      5265
         4      4142         2         3        22         5         1         5         1         1      3835
         4      4142         2         3        23         4         1         4         1         1      2316
         4      4142         2         3        24         2         3         2         1         0      1492
         4      4142         2         3        25         6         1         6         1         1      1596
         4      4142         2         3        26         2         1         2         1         1      1392
         4      4142         2         3        27         8         2         8         1         0      2630
         4      4142         2         3        28         3         2         3         1         0      1392
         4      4142         2         3        29         9         4         9         1         0      1237
         4      4142         2         3        30         4         2         4         1         0      2232
         4      4142         2         3        31         1         1         1         1         1      1482
         4      4142         2         3        32         3         3         3         1         0      1385
         4      4142         2         3        33         4         3         4         1         0      1470
         4      4142         2         3        34         2         2         2         1         0      1360
         4      4142         2         3        35         9         3         9         1         0      1622
         4      4142         2         3        36         6         2         6         1         0      3658
         4      4142         2         3        37         5         3         5         1         0      2115
         4      4142         2         3        38         7         1         7         1         1      1595
         4      4142         2         3        39        10         1         0         1         1      1405
         4      4142         2         3        40         4         4         4         1         0      4345
         4      4142         2         4         1         2         1         2         1         0      1842
         4      4142         2         4         2         4         4         1         0         0      2452
         4      4142         2         4         3         8         3         8         1         0      3591
         4      4142         2         4         4         5         2         5         1         1      3100
         4      4142         2         4         5         3         3         3         1         0      1436
         4      4142         2         4         6         6         2         6         1         1      1854
         4      4142         2         4         7         9         2         9         1         1      1327
         4      4142         2         4         8         4         2         4         1         1      1350
         4      4142         2         4         9         9         3         9         1         0      1452
         4      4142         2         4        10         7         3         8         0         0      2711
         4      4142         2         4        11        10         1         0         1         0      1381
         4      4142         2         4        12         7         1         7         1         0      1507
         4      4142         2         4        13         7         2         7         1         1      1803
         4      4142         2         4        14         8         1         8         1         0      1487
         4      4142         2         4        15         3         1         3         1         0      2240
         4      4142         2         4        16        10         2         0         1         1      1331
         4      4142         2         4        17         9         1         9         1         0      1273
         4      4142         2         4        18         8         4         7         0         0      1882
         4      4142         2         4        19         1         2         1         1         1      1716
         4      4142         2         4        20         4         3         4         1         0      1587
         4      4142         2         4        21         1         4         1         1         0      1511
         4      4142         2         4        22        10         4         0         1         0      1471
         4      4142         2         4        23        10         3         0         1         0      1127
         4      4142         2         4        24         6         4         6         1         0      1526
         4      4142         2         4        25         5         3         5         1         0      3126
         4      4142         2         4        26         4         1         4         1         0      1516
         4      4142         2         4        27         1         3         1         1         0      1524
         4      4142         2         4        28         2         2         2         1         1      1434
         4      4142         2         4        29         3         4         3         1         0      1483
         4      4142         2         4        30         8         2         8         1         1      2740
         4      4142         2         4        31         6         1         6         1         0      1560
         4      4142         2         4        32         7         4         8         0         0      1541
         4      4142         2         4        33         5         4         3         0         0      1795
         4      4142         2         4        34         5         1         5         1         0      6504
         4      4142         2         4        35         2         4         2         1         0      1377
         4      4142         2         4        36         9         4         9         1         0      1438
         4      4142         2         4        37         1         1         1         1         0      1481
         4      4142         2         4        38         6         3         6         1         0      1546
         4      4142         2         4        39         2         3         2         1         0      1504
         4      4142         2         4        40         3         2         3         1         1      1712
