Condition Subject Session Block Trial Subtype Token Response Correct Feedback RT 
         1      1055         1         1         1         1         1         2         0         1     13128
         1      1055         1         1         2         1         2         5         0         1      3207
         1      1055         1         1         3         2         2         9         0         1      6898
         1      1055         1         1         4         3         2         5         0         1      2922
         1      1055         1         1         5         3         1         5         0         1      2898
         1      1055         1         1         6         4         1         4         1         1      2377
         1      1055         1         1         7         4         2         4         1         1       901
         1      1055         1         1         8         3         1         3         1         1      2637
         1      1055         1         1         9         8         1         7         0         1      1949
         1      1055         1         1        10         3         2         3         1         1      4091
         1      1055         1         1        11         8         1         8         1         1      2082
         1      1055         1         1        12         2         2         2         1         1      2779
         1      1055         1         1        13        10         1         3         0         1      3782
         1      1055         1         1        14         9         1         9         1         1      2201
         1      1055         1         1        15         9         2         9         1         1      1276
         1      1055         1         1        16        10         2         0         1         1      5573
         1      1055         1         1        17         1         2         5         0         1      1730
         1      1055         1         1        18         9         2         9         1         1      1320
         1      1055         1         1        19         6         2         6         1         1      1966
         1      1055         1         1        20        10         2         0         1         1      4779
         1      1055         1         1        21         7         2         7         1         1      8183
         1      1055         1         1        22         5         2         5         1         1      1323
         1      1055         1         1        23         7         1         6         0         1      4723
         1      1055         1         1        24         5         1         5         1         1      1442
         1      1055         1         1        25         2         1         2         1         1      5220
         1      1055         1         1        26         4         1         2         0         1      3007
         1      1055         1         1        27         8         2         7         0         1      2563
         1      1055         1         1        28         9         1         9         1         1      1463
         1      1055         1         1        29         6         2         6         1         1      1607
         1      1055         1         1        30         8         2         8         1         1      2883
         1      1055         1         1        31         5         1         5         1         1      1516
         1      1055         1         1        32         4         2         2         0         1      5322
         1      1055         1         1        33        10         1         0         1         1      1792
         1      1055         1         1        34         6         1         6         1         1      1476
         1      1055         1         1        35         1         1         1         1         1      1364
         1      1055         1         1        36         5         2         3         0         1      2809
         1      1055         1         1        37         6         1         6         1         1      1316
         1      1055         1         1        38         7         1         7         1         1      3132
         1      1055         1         1        39         7         2         7         1         1      2778
         1      1055         1         1        40         2         1         4         0         1      4358
         1      1055         1         2         1         6         1         6         1         1      2090
         1      1055         1         2         2         4         1         4         1         1      1682
         1      1055         1         2         3         8         1         8         1         1      1962
         1      1055         1         2         4        10         1         0         1         1      2070
         1      1055         1         2         5        10         2         0         1         1      1696
         1      1055         1         2         6         6         2         6         1         1      1526
         1      1055         1         2         7         2         1         2         1         1      1654
         1      1055         1         2         8         4         2         4         1         1      1774
         1      1055         1         2         9         1         1         1         1         1      1474
         1      1055         1         2        10         6         2         6         1         1      1315
         1      1055         1         2        11         9         2         9         1         1      1466
         1      1055         1         2        12         5         2         5         1         1      2187
         1      1055         1         2        13         9         2         9         1         1      1103
         1      1055         1         2        14         7         1         7         1         1      1808
         1      1055         1         2        15         7         2         7         1         1      1107
         1      1055         1         2        16         3         1         3         1         1      2659
         1      1055         1         2        17        10         2         0         1         1      1269
         1      1055         1         2        18         4         1         4         1         1      1182
         1      1055         1         2        19         5         2         5         1         1      2426
         1      1055         1         2        20         3         2         3         1         1      2150
         1      1055         1         2        21         5         1         5         1         1      1803
         1      1055         1         2        22         7         2         7         1         1      1598
         1      1055         1         2        23        10         1         0         1         1      2153
         1      1055         1         2        24         3         2         3         1         1      1647
         1      1055         1         2        25         7         1         7         1         1      1912
         1      1055         1         2        26         2         2         2         1         1      2121
         1      1055         1         2        27         4         2         4         1         1      1919
         1      1055         1         2        28         6         1         6         1         1      1421
         1      1055         1         2        29         1         2         5         0         1      7584
         1      1055         1         2        30         1         1         1         1         1      1179
         1      1055         1         2        31         2         2         2         1         1      1271
         1      1055         1         2        32         8         2         8         1         1      2161
         1      1055         1         2        33         2         1         2         1         1      2165
         1      1055         1         2        34         3         1         3         1         1      1930
         1      1055         1         2        35         8         1         8         1         1      2073
         1      1055         1         2        36         5         1         5         1         1      1425
         1      1055         1         2        37         1         2         1         1         1      3252
         1      1055         1         2        38         9         1         9         1         1      1676
         1      1055         1         2        39         9         1         9         1         1      1812
         1      1055         1         2        40         8         2         8         1         1      1719
         1      1055         1         3         1         8         1         8         1         1      3853
         1      1055         1         3         2         2         2         2         1         1       991
         1      1055         1         3         3         1         2         1         1         1       995
         1      1055         1         3         4         6         2         6         1         1      1030
         1      1055         1         3         5         4         1         4         1         1      1305
         1      1055         1         3         6         9         2         9         1         1      1008
         1      1055         1         3         7        10         1         0         1         1       867
         1      1055         1         3         8         9         2         9         1         1       908
         1      1055         1         3         9         4         2         4         1         1      1986
         1      1055         1         3        10         8         1         8         1         1      1630
         1      1055         1         3        11        10         2         0         1         1      1145
         1      1055         1         3        12         1         2         1         1         1      1127
         1      1055         1         3        13         7         1         7         1         1      2246
         1      1055         1         3        14         5         1         5         1         1      1112
         1      1055         1         3        15         5         2         5         1         1      2486
         1      1055         1         3        16         2         2         2         1         1      1070
         1      1055         1         3        17         5         2         5         1         1      1647
         1      1055         1         3        18         3         2         3         1         1      1609
         1      1055         1         3        19         8         2         8         1         1      1700
         1      1055         1         3        20         3         1         3         1         1      1804
         1      1055         1         3        21         4         2         4         1         1      1711
         1      1055         1         3        22         6         2         6         1         1      1093
         1      1055         1         3        23         5         1         5         1         1      1317
         1      1055         1         3        24         9         1         9         1         1      1195
         1      1055         1         3        25         7         2         7         1         1      1655
         1      1055         1         3        26        10         2         0         1         1      1025
         1      1055         1         3        27         6         1         6         1         1      1605
         1      1055         1         3        28         2         1         2         1         1      1696
         1      1055         1         3        29         4         1         4         1         1      1128
         1      1055         1         3        30         2         1         2         1         1      1398
         1      1055         1         3        31         7         1         7         1         1      1242
         1      1055         1         3        32         8         2         8         1         1      1237
         1      1055         1         3        33         9         1         9         1         1       894
         1      1055         1         3        34         7         2         7         1         1      1046
         1      1055         1         3        35         1         1         1         1         1      1558
         1      1055         1         3        36         1         1         1         1         1      1282
         1      1055         1         3        37         6         1         6         1         1      1066
         1      1055         1         3        38        10         1         0         1         1      1050
         1      1055         1         3        39         3         1         3         1         1      1884
         1      1055         1         3        40         3         2         3         1         1      1149
         1      1055         1         4         1         8         1         8         1         1      3131
         1      1055         1         4         2         2         2         2         1         1      1002
         1      1055         1         4         3         8         2         8         1         1      1198
         1      1055         1         4         4         1         2         1         1         1      2778
         1      1055         1         4         5         7         2         7         1         1      1590
         1      1055         1         4         6         2         1         2         1         1      1299
         1      1055         1         4         7         4         1         4         1         1      1131
         1      1055         1         4         8         1         1         1         1         1      1000
         1      1055         1         4         9         5         1         5         1         1      1291
         1      1055         1         4        10        10         1         0         1         1       962
         1      1055         1         4        11         2         1         2         1         1       983
         1      1055         1         4        12         3         2         3         1         1       907
         1      1055         1         4        13         5         2         5         1         1      1570
         1      1055         1         4        14         5         1         5         1         1      1056
         1      1055         1         4        15         4         1         4         1         1      1010
         1      1055         1         4        16         3         2         3         1         1       966
         1      1055         1         4        17         1         2         1         1         1      1018
         1      1055         1         4        18         6         1         6         1         1      1197
         1      1055         1         4        19         4         2         4         1         1      2968
         1      1055         1         4        20         5         2         5         1         1      1084
         1      1055         1         4        21         7         1         7         1         1      1213
         1      1055         1         4        22         9         1         9         1         1      1031
         1      1055         1         4        23         1         1         1         1         1       983
         1      1055         1         4        24         9         2         9         1         1      1019
         1      1055         1         4        25         4         2         4         1         1      1454
         1      1055         1         4        26         2         2         2         1         1      1056
         1      1055         1         4        27         8         1         8         1         1      1057
         1      1055         1         4        28         6         2         6         1         1      1042
         1      1055         1         4        29         7         2         7         1         1      1028
         1      1055         1         4        30         7         1         7         1         1      1032
         1      1055         1         4        31         9         2         9         1         1      1129
         1      1055         1         4        32         3         1         3         1         1      3193
         1      1055         1         4        33         8         2         8         1         1      1061
         1      1055         1         4        34        10         1         0         1         1      1077
         1      1055         1         4        35        10         2         0         1         1      1319
         1      1055         1         4        36         6         1         6         1         1      1486
         1      1055         1         4        37         6         2         6         1         1      1102
         1      1055         1         4        38         3         1         3         1         1      1438
         1      1055         1         4        39         9         1         9         1         1      1103
         1      1055         1         4        40        10         2         0         1         1      1056
         1      1055         1         5         1         2         2         2         1         1      3127
         1      1055         1         5         2         6         1         6         1         1       982
         1      1055         1         5         3         7         2         7         1         1      1051
         1      1055         1         5         4         5         1         5         1         1      1357
         1      1055         1         5         5         2         1         2         1         1      1011
         1      1055         1         5         6         4         2         4         1         1      1125
         1      1055         1         5         7         8         1         8         1         1      1060
         1      1055         1         5         8         1         2         1         1         1      1158
         1      1055         1         5         9         9         2         9         1         1      1028
         1      1055         1         5        10         2         1         2         1         1      1206
         1      1055         1         5        11         8         2         8         1         1      1155
         1      1055         1         5        12         1         2         1         1         1      1456
         1      1055         1         5        13         8         1         8         1         1      1426
         1      1055         1         5        14         1         1         1         1         1      1381
         1      1055         1         5        15         9         2         9         1         1      1609
         1      1055         1         5        16         6         2         6         1         1       996
         1      1055         1         5        17         4         2         4         1         1      1080
         1      1055         1         5        18         3         1         3         1         1      1448
         1      1055         1         5        19         9         1         9         1         1      1017
         1      1055         1         5        20         5         1         5         1         1      1132
         1      1055         1         5        21         3         2         3         1         1      1035
         1      1055         1         5        22         8         2         8         1         1      1214
         1      1055         1         5        23         6         2         6         1         1      1144
         1      1055         1         5        24        10         2         0         1         1      1175
         1      1055         1         5        25         5         2         5         1         1      1892
         1      1055         1         5        26         3         2         3         1         1      1253
         1      1055         1         5        27         4         1         4         1         1      1375
         1      1055         1         5        28        10         1         0         1         1      1412
         1      1055         1         5        29         7         1         7         1         1      2936
         1      1055         1         5        30         7         1         7         1         1      1199
         1      1055         1         5        31         5         2         5         1         1      1163
         1      1055         1         5        32         9         1         9         1         1      1127
         1      1055         1         5        33         2         2         2         1         1      1094
         1      1055         1         5        34         7         2         7         1         1      1381
         1      1055         1         5        35         6         1         6         1         1       890
         1      1055         1         5        36         1         1         1         1         1       881
         1      1055         1         5        37         4         1         4         1         1      1259
         1      1055         1         5        38         3         1         3         1         1      1237
         1      1055         1         5        39        10         1         0         1         1       975
         1      1055         1         5        40        10         2         0         1         1      1029
         1      1055         1         6         1         6         1         6         1         1      1245
         1      1055         1         6         2         2         1         2         1         1      1015
         1      1055         1         6         3         1         2         1         1         1      1274
         1      1055         1         6         4         3         1         3         1         1      1219
         1      1055         1         6         5         3         2         3         1         1      1039
         1      1055         1         6         6         4         1         4         1         1      1010
         1      1055         1         6         7         2         2         2         1         1      1062
         1      1055         1         6         8         2         2         2         1         1       952
         1      1055         1         6         9         7         1         7         1         1      1391
         1      1055         1         6        10         8         1         8         1         1       963
         1      1055         1         6        11         2         1         2         1         1      1064
         1      1055         1         6        12        10         2         0         1         1       923
         1      1055         1         6        13         8         1         8         1         1      1201
         1      1055         1         6        14         6         2         6         1         1       957
         1      1055         1         6        15         1         2         1         1         1      1202
         1      1055         1         6        16         1         1         1         1         1      1756
         1      1055         1         6        17         9         2         9         1         1      1250
         1      1055         1         6        18         9         2         9         1         1      1164
         1      1055         1         6        19         5         1         5         1         1      1241
         1      1055         1         6        20         7         2         7         1         1      1267
         1      1055         1         6        21         6         2         6         1         1      1324
         1      1055         1         6        22         3         1         3         1         1      1875
         1      1055         1         6        23         5         2         5         1         1      1188
         1      1055         1         6        24         8         2         8         1         1      1409
         1      1055         1         6        25         9         1         9         1         1      1044
         1      1055         1         6        26         4         2         4         1         1      1925
         1      1055         1         6        27         9         1         9         1         1      1139
         1      1055         1         6        28         5         2         5         1         1      1505
         1      1055         1         6        29        10         1         0         1         1      1072
         1      1055         1         6        30         6         1         6         1         1      1008
         1      1055         1         6        31        10         2         0         1         1      1108
         1      1055         1         6        32         5         1         5         1         1      1108
         1      1055         1         6        33         8         2         8         1         1      1188
         1      1055         1         6        34         7         1         7         1         1      1089
         1      1055         1         6        35        10         1         0         1         1      1073
         1      1055         1         6        36         3         2         3         1         1      1058
         1      1055         1         6        37         4         1         4         1         1      1013
         1      1055         1         6        38         4         2         4         1         1      1047
         1      1055         1         6        39         7         2         7         1         1      1066
         1      1055         1         6        40         1         1         1         1         1       969
         1      1055         2         1         1         9         3         9         1         0      2374
         1      1055         2         1         2         9         2         9         1         0      1299
         1      1055         2         1         3         3         1         3         1         1      1356
         1      1055         2         1         4         5         4         7         0         0      6369
         1      1055         2         1         5         1         1         1         1         1      1069
         1      1055         2         1         6         6         3         6         1         0      1246
         1      1055         2         1         7         3         2         3         1         0      1080
         1      1055         2         1         8         7         2         7         1         0      1241
         1      1055         2         1         9         2         1         2         1         1      1108
         1      1055         2         1        10         5         1         5         1         1      1075
         1      1055         2         1        11         1         3         3         0         0      4260
         1      1055         2         1        12         8         4         2         0         0      1445
         1      1055         2         1        13         2         4         4         0         0      5830
         1      1055         2         1        14         2         3         2         1         0      1240
         1      1055         2         1        15         7         1         7         1         1      1332
         1      1055         2         1        16         4         4         6         0         0      3514
         1      1055         2         1        17         1         4         1         1         0      1706
         1      1055         2         1        18         9         4         9         1         0      1329
         1      1055         2         1        19        10         1         0         1         1      1318
         1      1055         2         1        20         4         2         4         1         0      1532
         1      1055         2         1        21         3         3         5         0         0      2636
         1      1055         2         1        22         9         1         9         1         1      1213
         1      1055         2         1        23         5         3         5         1         0      3464
         1      1055         2         1        24        10         4         0         1         0      1673
         1      1055         2         1        25         8         3         8         1         0      1730
         1      1055         2         1        26         8         2         8         1         0      1240
         1      1055         2         1        27         7         4         7         1         0     11218
         1      1055         2         1        28         1         2         1         1         0      1245
         1      1055         2         1        29         7         3         7         1         0      1991
         1      1055         2         1        30         8         1         8         1         1      1220
         1      1055         2         1        31         4         3         4         1         0      1407
         1      1055         2         1        32         5         2         5         1         0      1683
         1      1055         2         1        33         2         2         2         1         0      1147
         1      1055         2         1        34        10         3         1         0         0      6392
         1      1055         2         1        35         6         4         6         1         0      1251
         1      1055         2         1        36         4         1         4         1         1      1261
         1      1055         2         1        37        10         2         0         1         0      1207
         1      1055         2         1        38         6         1         6         1         1      1171
         1      1055         2         1        39         3         4         3         1         0      2080
         1      1055         2         1        40         6         2         6         1         0      1207
         1      1055         2         2         1         3         2         3         1         1      1245
         1      1055         2         2         2         8         1         8         1         0      1127
         1      1055         2         2         3         2         1         2         1         0      1206
         1      1055         2         2         4        10         4         0         1         0      1409
         1      1055         2         2         5         8         2         8         1         1      1238
         1      1055         2         2         6         9         4         9         1         0      1232
         1      1055         2         2         7        10         2         0         1         1      1660
         1      1055         2         2         8         3         4         3         1         0      1478
         1      1055         2         2         9         6         1         6         1         0      1286
         1      1055         2         2        10         1         3         3         0         0      3055
         1      1055         2         2        11         2         2         2         1         1      1361
         1      1055         2         2        12         3         3         5         0         0      2583
         1      1055         2         2        13         9         3         9         1         0      1308
         1      1055         2         2        14         7         1         7         1         0      1348
         1      1055         2         2        15         5         1         5         1         0      1258
         1      1055         2         2        16        10         3         1         0         0      1955
         1      1055         2         2        17         4         4         2         0         0      3616
         1      1055         2         2        18         3         1         3         1         0      1884
         1      1055         2         2        19         4         2         4         1         1      1228
         1      1055         2         2        20         7         2         7         1         1      1351
         1      1055         2         2        21         8         4         8         1         0      7836
         1      1055         2         2        22         1         4         1         1         0      2111
         1      1055         2         2        23         6         3         6         1         0      1254
         1      1055         2         2        24         2         4         2         1         0      2287
         1      1055         2         2        25         4         1         4         1         0      1136
         1      1055         2         2        26         5         3         5         1         0      3183
         1      1055         2         2        27         4         3         4         1         0      1291
         1      1055         2         2        28         6         2         6         1         1      1107
         1      1055         2         2        29         8         3         8         1         0      1300
         1      1055         2         2        30         1         1         1         1         0      1098
         1      1055         2         2        31         1         2         1         1         1      1306
         1      1055         2         2        32         9         1         9         1         0      1361
         1      1055         2         2        33        10         1         0         1         0      1300
         1      1055         2         2        34         7         4         7         1         0      2204
         1      1055         2         2        35         2         3         2         1         0      3551
         1      1055         2         2        36         9         2         9         1         1      1277
         1      1055         2         2        37         7         3         7         1         0      1509
         1      1055         2         2        38         5         4         4         0         0      6325
         1      1055         2         2        39         5         2         5         1         1      1492
         1      1055         2         2        40         6         4         6         1         0      1139
         1      1055         2         3         1         3         3         5         0         0      1857
         1      1055         2         3         2         3         1         3         1         1      1347
         1      1055         2         3         3         3         2         3         1         0      1113
         1      1055         2         3         4        10         1         0         1         1      1127
         1      1055         2         3         5         6         4         6         1         0      1044
         1      1055         2         3         6        10         4         0         1         0      1766
         1      1055         2         3         7         4         3         4         1         0      1195
         1      1055         2         3         8         5         3         5         1         0      2679
         1      1055         2         3         9         2         3         2         1         0      1063
         1      1055         2         3        10         8         1         8         1         1      1128
         1      1055         2         3        11         1         1         1         1         1      1094
         1      1055         2         3        12         7         2         7         1         0      1142
         1      1055         2         3        13         5         2         5         1         0      1236
         1      1055         2         3        14         4         4         4         1         0      6126
         1      1055         2         3        15         7         4         3         0         0     19636
         1      1055         2         3        16         4         1         4         1         1      1152
         1      1055         2         3        17         8         4         8         1         0      2030
         1      1055         2         3        18         5         4         1         0         0      6999
         1      1055         2         3        19         8         3         8         1         0      1339
         1      1055         2         3        20         7         3         7         1         0      1489
         1      1055         2         3        21         7         1         7         1         1      1347
         1      1055         2         3        22         1         3         3         0         0      2168
         1      1055         2         3        23         9         2         9         1         0      1245
         1      1055         2         3        24         2         2         2         1         0      1223
         1      1055         2         3        25         2         4         2         1         0      1506
         1      1055         2         3        26         9         1         9         1         1      1249
         1      1055         2         3        27         6         3         6         1         0      1402
         1      1055         2         3        28         4         2         4         1         0      1501
         1      1055         2         3        29         9         4         9         1         0      2109
         1      1055         2         3        30         3         4         3         1         0      1429
         1      1055         2         3        31         9         3         9         1         0      1303
         1      1055         2         3        32         1         2         1         1         0      1151
         1      1055         2         3        33         6         1         6         1         1      1085
         1      1055         2         3        34        10         2         0         1         0      1293
         1      1055         2         3        35         5         1         5         1         1      1462
         1      1055         2         3        36        10         3         1         0         0      6374
         1      1055         2         3        37         6         2         6         1         0      1107
         1      1055         2         3        38         2         1         2         1         1      1187
         1      1055         2         3        39         1         4         1         1         0      3216
         1      1055         2         3        40         8         2         8         1         0      1195
         1      1055         2         4         1         2         4         2         1         0      2170
         1      1055         2         4         2         6         1         6         1         0      1343
         1      1055         2         4         3         7         4         7         1         0      4789
         1      1055         2         4         4         7         3         7         1         0      1262
         1      1055         2         4         5         9         2         9         1         1      1050
         1      1055         2         4         6        10         1         0         1         0      1019
         1      1055         2         4         7         9         1         9         1         0      1309
         1      1055         2         4         8        10         3         1         0         0      7651
         1      1055         2         4         9         1         4         1         1         0      1325
         1      1055         2         4        10         8         1         8         1         0      1092
         1      1055         2         4        11         1         1         1         1         0      1028
         1      1055         2         4        12         1         3         3         0         0      1862
         1      1055         2         4        13         9         4         9         1         0      1335
         1      1055         2         4        14         5         1         5         1         0      1133
         1      1055         2         4        15         8         4         8         1         0      2155
         1      1055         2         4        16         4         2         4         1         1      1232
         1      1055         2         4        17         5         2         5         1         1      1066
         1      1055         2         4        18         3         4         3         1         0      1243
         1      1055         2         4        19         4         4         4         1         0      8710
         1      1055         2         4        20         8         2         8         1         1      1062
         1      1055         2         4        21         5         4         7         0         0      9335
         1      1055         2         4        22         2         2         2         1         1      1149
         1      1055         2         4        23         4         3         4         1         0      1004
         1      1055         2         4        24        10         4         0         1         0      1167
         1      1055         2         4        25         7         1         7         1         0      1293
         1      1055         2         4        26         6         4         6         1         0      1189
         1      1055         2         4        27         5         3         5         1         0      2049
         1      1055         2         4        28        10         2         0         1         1      1244
         1      1055         2         4        29         2         3         2         1         0      1397
         1      1055         2         4        30         1         2         1         1         1      1289
         1      1055         2         4        31         6         2         6         1         1      1281
         1      1055         2         4        32         3         2         3         1         1      1161
         1      1055         2         4        33         4         1         4         1         0      1079
         1      1055         2         4        34         6         3         6         1         0      1191
         1      1055         2         4        35         8         3         8         1         0      1268
         1      1055         2         4        36         9         3         9         1         0      1260
         1      1055         2         4        37         2         1         2         1         0      1142
         1      1055         2         4        38         3         1         3         1         0      1637
         1      1055         2         4        39         7         2         7         1         1      1344
         1      1055         2         4        40         3         3         5         0         0      2743
