Condition Subject Session Block Trial Subtype Token Response Correct Feedback RT 
         1      1070         1         1         1         2         1         2         1         1     11125
         1      1070         1         1         2         8         2         7         0         1      4039
         1      1070         1         1         3         9         2         9         1         1      4416
         1      1070         1         1         4        10         1         5         0         1      6313
         1      1070         1         1         5         2         1         5         0         1      7736
         1      1070         1         1         6         5         1         3         0         1      4861
         1      1070         1         1         7         4         1         7         0         1      6502
         1      1070         1         1         8         8         1         1         0         1     10541
         1      1070         1         1         9         7         1         6         0         1      3459
         1      1070         1         1        10         9         2         9         1         1      2820
         1      1070         1         1        11         6         1         0         0         1      4718
         1      1070         1         1        12         5         2         5         1         1      3293
         1      1070         1         1        13        10         1         8         0         1      5186
         1      1070         1         1        14         8         1         0         0         1      8798
         1      1070         1         1        15         4         2         6         0         1      4377
         1      1070         1         1        16        10         2         3         0         1      3893
         1      1070         1         1        17         6         1         8         0         1      7284
         1      1070         1         1        18         4         1         6         0         1     10493
         1      1070         1         1        19         7         2         3         0         1     11251
         1      1070         1         1        20         3         2         3         1         1      4685
         1      1070         1         1        21         5         2         7         0         1      5821
         1      1070         1         1        22         3         1         0         0         1     10431
         1      1070         1         1        23         5         1         0         0         1      5066
         1      1070         1         1        24         1         1         0         0         1      5466
         1      1070         1         1        25         1         2         7         0         1      3930
         1      1070         1         1        26         7         1         1         0         1      4233
         1      1070         1         1        27         3         1         5         0         1      1947
         1      1070         1         1        28        10         2         5         0         1      8712
         1      1070         1         1        29         2         2         9         0         1      6551
         1      1070         1         1        30         1         1         4         0         1      5194
         1      1070         1         1        31         4         2         5         0         1     10516
         1      1070         1         1        32         3         2         5         0         1      2539
         1      1070         1         1        33         7         2         5         0         1      4784
         1      1070         1         1        34         1         2         5         0         1      7307
         1      1070         1         1        35         9         1         9         1         1      2497
         1      1070         1         1        36         6         2         5         0         1      3799
         1      1070         1         1        37         2         2         9         0         1      2682
         1      1070         1         1        38         8         2         7         0         1     10650
         1      1070         1         1        39         6         2         5         0         1      2907
         1      1070         1         1        40         9         1         9         1         1      1920
         1      1070         1         2         1         3         2         1         0         1      7519
         1      1070         1         2         2        10         1         2         0         1      5292
         1      1070         1         2         3         8         2         8         1         1     11299
         1      1070         1         2         4         4         2         0         0         1     30552
         1      1070         1         2         5         6         2         6         1         1     11405
         1      1070         1         2         6         1         1         8         0         1      6143
         1      1070         1         2         7         2         2         9         0         1      2452
         1      1070         1         2         8         3         1         5         0         1      3693
         1      1070         1         2         9        10         2         7         0         1      5237
         1      1070         1         2        10         8         2         8         1         1     10382
         1      1070         1         2        11         9         1         9         1         1      2985
         1      1070         1         2        12         4         1         4         1         1     11869
         1      1070         1         2        13         6         2         6         1         1      9517
         1      1070         1         2        14         6         1         6         1         1     20923
         1      1070         1         2        15         9         1         9         1         1      2016
         1      1070         1         2        16         2         2         2         1         1      7546
         1      1070         1         2        17         3         1         3         1         1     22567
         1      1070         1         2        18         4         2         4         1         1      7435
         1      1070         1         2        19         8         1         7         0         1      5933
         1      1070         1         2        20         2         1         6         0         1     25050
         1      1070         1         2        21         6         1         6         1         1      7451
         1      1070         1         2        22         7         2         8         0         1      6108
         1      1070         1         2        23         9         2         9         1         1      1923
         1      1070         1         2        24         8         1         8         1         1      6448
         1      1070         1         2        25        10         1         0         1         1     10792
         1      1070         1         2        26         4         1         4         1         1      6340
         1      1070         1         2        27         5         1         3         0         1     20465
         1      1070         1         2        28         5         2         5         1         1      5273
         1      1070         1         2        29         5         1         5         1         1      2401
         1      1070         1         2        30        10         2         0         1         1      8237
         1      1070         1         2        31         1         2         5         0         1      1950
         1      1070         1         2        32         7         1         7         1         1      4876
         1      1070         1         2        33         5         2         5         1         1      1860
         1      1070         1         2        34         1         2         5         0         1      2964
         1      1070         1         2        35         2         1         2         1         1      8953
         1      1070         1         2        36         9         2         9         1         1      1582
         1      1070         1         2        37         3         2         5         0         1      1770
         1      1070         1         2        38         7         2         7         1         1      6622
         1      1070         1         2        39         7         1         4         0         1      7457
         1      1070         1         2        40         1         1         1         1         1      8800
         1      1070         1         3         1         8         1         8         1         1      7586
         1      1070         1         3         2         9         2         9         1         1      3694
         1      1070         1         3         3         6         1         6         1         1     11749
         1      1070         1         3         4         1         1         1         1         1     14457
         1      1070         1         3         5         4         2         4         1         1      6496
         1      1070         1         3         6         3         2         5         0         1      7768
         1      1070         1         3         7         9         1         9         1         1      2107
         1      1070         1         3         8         3         1         5         0         1      1762
         1      1070         1         3         9         5         2         5         1         1      4663
         1      1070         1         3        10         6         2         6         1         1     11366
         1      1070         1         3        11        10         2         0         1         1     12411
         1      1070         1         3        12         3         2         3         1         1      5670
         1      1070         1         3        13         8         2         8         1         1     20335
         1      1070         1         3        14         1         2         3         0         1      6877
         1      1070         1         3        15         8         1         8         1         1      6645
         1      1070         1         3        16         7         2         7         1         1      5910
         1      1070         1         3        17         7         1         4         0         1     12117
         1      1070         1         3        18         5         1         7         0         1     10955
         1      1070         1         3        19         9         2         9         1         1      1856
         1      1070         1         3        20         4         2         2         0         1      6800
         1      1070         1         3        21         2         2         9         0         1      2315
         1      1070         1         3        22         1         2         5         0         1      1626
         1      1070         1         3        23         7         2         4         0         1     22500
         1      1070         1         3        24         6         1         6         1         1     10203
         1      1070         1         3        25         6         2         6         1         1      1773
         1      1070         1         3        26         4         1         4         1         1      9345
         1      1070         1         3        27         1         1         1         1         1      6070
         1      1070         1         3        28         5         2         3         0         1     14558
         1      1070         1         3        29         2         2         2         1         1      8275
         1      1070         1         3        30         5         1         5         1         1      6674
         1      1070         1         3        31        10         1         7         0         1     11473
         1      1070         1         3        32         8         2         8         1         1     14864
         1      1070         1         3        33         3         1         5         0         1      4073
         1      1070         1         3        34         4         1         4         1         1      7874
         1      1070         1         3        35         9         1         9         1         1      2161
         1      1070         1         3        36         2         1         2         1         1     15302
         1      1070         1         3        37        10         2         0         1         1      7181
         1      1070         1         3        38         7         1         4         0         1     23401
         1      1070         1         3        39        10         1         0         1         1     11212
         1      1070         1         3        40         2         1         2         1         1      9526
         1      1070         1         4         1         6         1         6         1         1      9955
         1      1070         1         4         2         3         1         3         1         1      9344
         1      1070         1         4         3         1         2         3         0         1     23268
         1      1070         1         4         4        10         2         0         1         1      7678
         1      1070         1         4         5         1         2         1         1         1      3781
         1      1070         1         4         6         9         2         9         1         1      2249
         1      1070         1         4         7         5         1         5         1         1      4442
         1      1070         1         4         8         4         1         4         1         1      7876
         1      1070         1         4         9         1         1         1         1         1      7731
         1      1070         1         4        10         8         1         8         1         1      4808
         1      1070         1         4        11         6         2         6         1         1      4035
         1      1070         1         4        12         2         2         2         1         1      2125
         1      1070         1         4        13         7         2         7         1         1     13027
         1      1070         1         4        14         8         2         8         1         1     11733
         1      1070         1         4        15         4         2         3         0         1     23081
         1      1070         1         4        16         8         2         8         1         1     13609
         1      1070         1         4        17         3         2         3         1         1      4996
         1      1070         1         4        18        10         1         0         1         1      4998
         1      1070         1         4        19         5         1         5         1         1      2393
         1      1070         1         4        20         7         1         7         1         1      7990
         1      1070         1         4        21         3         2         5         0         1     11346
         1      1070         1         4        22         8         1         8         1         1      4742
         1      1070         1         4        23         7         1         7         1         1      3908
         1      1070         1         4        24         6         2         6         1         1      3938
         1      1070         1         4        25         1         1         1         1         1      6814
         1      1070         1         4        26         6         1         6         1         1      2297
         1      1070         1         4        27         2         2         2         1         1      1768
         1      1070         1         4        28         9         1         9         1         1      1916
         1      1070         1         4        29         4         2         4         1         1     17417
         1      1070         1         4        30         5         2         5         1         1      5932
         1      1070         1         4        31         7         2         0         0         1     21241
         1      1070         1         4        32         9         1         9         1         1      1521
         1      1070         1         4        33         9         2         9         1         1      1711
         1      1070         1         4        34         2         1         7         0         1      4149
         1      1070         1         4        35         4         1         4         1         1      9499
         1      1070         1         4        36        10         2         0         1         1      5547
         1      1070         1         4        37         2         1         2         1         1      3064
         1      1070         1         4        38         5         2         5         1         1      1464
         1      1070         1         4        39         3         1         3         1         1     10601
         1      1070         1         4        40        10         1         0         1         1     13546
         1      1070         1         5         1         8         1         8         1         1      6856
         1      1070         1         5         2         1         1         1         1         1      5344
         1      1070         1         5         3        10         1         9         0         1      2916
         1      1070         1         5         4         9         1         9         1         1      2649
         1      1070         1         5         5         7         2         7         1         1     12986
         1      1070         1         5         6         6         2         6         1         1      4620
         1      1070         1         5         7         2         1         2         1         1      1999
         1      1070         1         5         8         1         1         1         1         1      5049
         1      1070         1         5         9         2         1         2         1         1      1338
         1      1070         1         5        10         6         2         6         1         1      3151
         1      1070         1         5        11         4         1         4         1         1     11789
         1      1070         1         5        12         5         2         5         1         1      1424
         1      1070         1         5        13         1         2         1         1         1      3890
         1      1070         1         5        14         3         1         3         1         1     16322
         1      1070         1         5        15         9         2         9         1         1      2240
         1      1070         1         5        16        10         1         0         1         1      4289
         1      1070         1         5        17         4         2         4         1         1     20047
         1      1070         1         5        18         9         2         9         1         1      1383
         1      1070         1         5        19         6         1         6         1         1      1691
         1      1070         1         5        20         7         1         7         1         1      5347
         1      1070         1         5        21         8         1         8         1         1      4296
         1      1070         1         5        22         8         2         8         1         1      9112
         1      1070         1         5        23         4         2         4         1         1     14933
         1      1070         1         5        24         5         1         5         1         1      5979
         1      1070         1         5        25         5         2         5         1         1      1607
         1      1070         1         5        26         1         2         1         1         1      3697
         1      1070         1         5        27         7         2         7         1         1     11784
         1      1070         1         5        28         2         2         2         1         1      1708
         1      1070         1         5        29         9         1         9         1         1      1426
         1      1070         1         5        30         3         2         5         0         1      2261
         1      1070         1         5        31         8         2         8         1         1     11189
         1      1070         1         5        32         7         1         7         1         1      4913
         1      1070         1         5        33        10         2         0         1         1      5176
         1      1070         1         5        34         3         1         5         0         1     12068
         1      1070         1         5        35         4         1         4         1         1     13996
         1      1070         1         5        36         3         2         3         1         1      8344
         1      1070         1         5        37         2         2         2         1         1      1846
         1      1070         1         5        38         5         1         5         1         1      2135
         1      1070         1         5        39        10         2         0         1         1      2430
         1      1070         1         5        40         6         1         6         1         1      1832
         1      1070         1         6         1         3         1         5         0         1      3463
         1      1070         1         6         2         6         2         6         1         1      1607
         1      1070         1         6         3         2         2         2         1         1      1425
         1      1070         1         6         4         2         2         2         1         1      2995
         1      1070         1         6         5         3         1         3         1         1      1879
         1      1070         1         6         6         6         1         6         1         1      1639
         1      1070         1         6         7         8         2         8         1         1    101005
         1      1070         1         6         8         3         2         3         1         1      2688
         1      1070         1         6         9         8         1         8         1         1      5232
         1      1070         1         6        10         8         2         7         0         1      1786
         1      1070         1         6        11         7         2         7         1         1     10414
         1      1070         1         6        12        10         1         0         1         1      3879
         1      1070         1         6        13         3         2         3         1         1      5015
         1      1070         1         6        14        10         1         0         1         1      3335
         1      1070         1         6        15         5         2         5         1         1      4045
         1      1070         1         6        16         4         2         4         1         1     15781
         1      1070         1         6        17         1         2         1         1         1      4376
         1      1070         1         6        18         7         1         7         1         1      5285
         1      1070         1         6        19         9         1         9         1         1      6108
         1      1070         1         6        20         7         1         7         1         1      5283
         1      1070         1         6        21         2         1         2         1         1      4635
         1      1070         1         6        22        10         2         0         1         1      3422
         1      1070         1         6        23         2         1         2         1         1      3504
         1      1070         1         6        24         5         1         5         1         1      5280
         1      1070         1         6        25        10         2         0         1         1      3784
         1      1070         1         6        26         4         1         4         1         1      4573
         1      1070         1         6        27         5         2         5         1         1      3457
         1      1070         1         6        28         1         1         1         1         1      3360
         1      1070         1         6        29         1         1         1         1         1      1891
         1      1070         1         6        30         7         2         7         1         1      5379
         1      1070         1         6        31         8         1         8         1         1      3958
         1      1070         1         6        32         9         1         9         1         1      1361
         1      1070         1         6        33         4         2         4         1         1      3653
         1      1070         1         6        34         9         2         9         1         1      1326
         1      1070         1         6        35         6         2         6         1         1      1668
         1      1070         1         6        36         4         1         4         1         1      3773
         1      1070         1         6        37         5         1         5         1         1      5905
         1      1070         1         6        38         6         1         6         1         1      3648
         1      1070         1         6        39         1         2         1         1         1      3849
         1      1070         1         6        40         9         2         9         1         1      1418
         1      1070         2         1         1        10         2         0         1         0      4109
         1      1070         2         1         2         1         2         1         1         0      3061
         1      1070         2         1         3         5         3         5         1         0      4021
         1      1070         2         1         4         7         4         7         1         0     17647
         1      1070         2         1         5        10         4         2         0         0      6873
         1      1070         2         1         6         5         2         5         1         0      2146
         1      1070         2         1         7         7         3         7         1         0      5223
         1      1070         2         1         8         7         2         7         1         0      5216
         1      1070         2         1         9         6         1         6         1         1      1611
         1      1070         2         1        10         1         3         0         0         0     20469
         1      1070         2         1        11         5         4         4         0         0      8093
         1      1070         2         1        12         4         4         2         0         0      2469
         1      1070         2         1        13         8         3         8         1         0      5709
         1      1070         2         1        14         4         3         4         1         0      9459
         1      1070         2         1        15         1         4         5         0         0      5508
         1      1070         2         1        16         3         2         3         1         0      5747
         1      1070         2         1        17         4         2         4         1         0      8151
         1      1070         2         1        18         6         4         6         1         0      1499
         1      1070         2         1        19         8         1         8         1         1      5257
         1      1070         2         1        20         5         1         5         1         1      4114
         1      1070         2         1        21         2         2         2         1         0      2873
         1      1070         2         1        22        10         1         0         1         1      4208
         1      1070         2         1        23         3         3         9         0         0      9235
         1      1070         2         1        24         2         3         9         0         0      2812
         1      1070         2         1        25         6         2         6         1         0      1350
         1      1070         2         1        26         9         3         9         1         0      1371
         1      1070         2         1        27         8         4         8         1         0      5935
         1      1070         2         1        28         2         4         9         0         0      2828
         1      1070         2         1        29         3         1         3         1         1      4839
         1      1070         2         1        30         7         1         7         1         1      4289
         1      1070         2         1        31         6         3         6         1         0      1488
         1      1070         2         1        32        10         3         7         0         0      7118
         1      1070         2         1        33         9         2         9         1         0      1357
         1      1070         2         1        34         4         1         4         1         1      3442
         1      1070         2         1        35         8         2         8         1         0      4931
         1      1070         2         1        36         3         4         5         0         0     11353
         1      1070         2         1        37         9         4         9         1         0      1422
         1      1070         2         1        38         2         1         2         1         1      6193
         1      1070         2         1        39         1         1         1         1         1      2995
         1      1070         2         1        40         9         1         9         1         1      1349
         1      1070         2         2         1        10         4         4         0         0     18509
         1      1070         2         2         2         9         3         9         1         0      1459
         1      1070         2         2         3         4         3         4         1         0      8468
         1      1070         2         2         4         6         3         6         1         0      1452
         1      1070         2         2         5         8         4         8         1         0      3837
         1      1070         2         2         6         7         1         7         1         0      4080
         1      1070         2         2         7         6         1         6         1         0      1336
         1      1070         2         2         8         1         3         1         1         0      5453
         1      1070         2         2         9         8         3         8         1         0      2079
         1      1070         2         2        10         2         2         2         1         1      5862
         1      1070         2         2        11         3         4         5         0         0      6999
         1      1070         2         2        12         9         2         9         1         1      1530
         1      1070         2         2        13         5         2         5         1         1      4711
         1      1070         2         2        14         3         1         3         1         0      6742
         1      1070         2         2        15         2         1         2         1         0      5427
         1      1070         2         2        16         9         1         9         1         0      1957
         1      1070         2         2        17         6         4         6         1         0      1632
         1      1070         2         2        18         4         4         4         1         0      7385
         1      1070         2         2        19        10         3         0         1         0      3517
         1      1070         2         2        20         9         4         9         1         0      1323
         1      1070         2         2        21         1         4         5         0         0      4417
         1      1070         2         2        22         5         3         5         1         0      3708
         1      1070         2         2        23         1         2         1         1         1      3410
         1      1070         2         2        24         6         2         6         1         1      1332
         1      1070         2         2        25         2         4         2         1         0      2281
         1      1070         2         2        26        10         1         0         1         0      3160
         1      1070         2         2        27         8         2         8         1         1      4852
         1      1070         2         2        28         1         1         1         1         0      2635
         1      1070         2         2        29         8         1         8         1         0      3565
         1      1070         2         2        30         7         4         4         0         0     16361
         1      1070         2         2        31         5         4         5         1         0      2693
         1      1070         2         2        32         3         3         7         0         0     10149
         1      1070         2         2        33        10         2         0         1         1      3531
         1      1070         2         2        34         7         3         0         0         0      2409
         1      1070         2         2        35         4         2         4         1         1      8002
         1      1070         2         2        36         2         3         9         0         0      1694
         1      1070         2         2        37         5         1         5         1         0      1892
         1      1070         2         2        38         3         2         3         1         1      3668
         1      1070         2         2        39         7         2         7         1         1     15244
         1      1070         2         2        40         4         1         4         1         0      5094
         1      1070         2         3         1        10         1         0         1         1      4132
         1      1070         2         3         2         8         3         8         1         0      3977
         1      1070         2         3         3         2         3         2         1         0      7877
         1      1070         2         3         4        10         2         0         1         0      5014
         1      1070         2         3         5         1         3         5         0         0     20919
         1      1070         2         3         6         3         1         8         0         1      3485
         1      1070         2         3         7         7         3         0         0         0      3229
         1      1070         2         3         8         8         1         8         1         1      2262
         1      1070         2         3         9         4         1         4         1         1      3288
         1      1070         2         3        10         9         2         9         1         0      1600
         1      1070         2         3        11         3         2         3         1         0      3916
         1      1070         2         3        12         6         3         6         1         0      1531
         1      1070         2         3        13         1         1         1         1         1      2631
         1      1070         2         3        14         2         2         2         1         0      3737
         1      1070         2         3        15         2         4         9         0         0      2638
         1      1070         2         3        16         6         1         6         1         1      1407
         1      1070         2         3        17         7         1         7         1         1      3971
         1      1070         2         3        18         3         4         5         0         0      1887
         1      1070         2         3        19         4         3         4         1         0      3359
         1      1070         2         3        20         8         2         8         1         0      4723
         1      1070         2         3        21         3         3         9         0         0      4946
         1      1070         2         3        22        10         3         0         1         0      1446
         1      1070         2         3        23         8         4         8         1         0      2663
         1      1070         2         3        24         1         2         1         1         0      3447
         1      1070         2         3        25         7         4         0         0         0     15688
         1      1070         2         3        26         7         2         7         1         0      4175
         1      1070         2         3        27         4         4         4         1         0      7011
         1      1070         2         3        28         4         2         4         1         0      2517
         1      1070         2         3        29         9         3         9         1         0      1628
         1      1070         2         3        30         9         1         9         1         1      1060
         1      1070         2         3        31         5         1         5         1         1      1717
         1      1070         2         3        32         9         4         9         1         0      1307
         1      1070         2         3        33         6         4         6         1         0      1393
         1      1070         2         3        34         5         4         5         1         0      3828
         1      1070         2         3        35         2         1         2         1         1      4550
         1      1070         2         3        36         5         2         5         1         0      1627
         1      1070         2         3        37         6         2         6         1         0      1476
         1      1070         2         3        38        10         4         2         0         0      7700
         1      1070         2         3        39         5         3         5         1         0      3724
         1      1070         2         3        40         1         4         0         0         0      3313
         1      1070         2         4         1         1         3         0         0         0      1751
         1      1070         2         4         2         8         3         8         1         0      1676
         1      1070         2         4         3         1         2         1         1         1      3891
         1      1070         2         4         4         2         4         9         0         0      2754
         1      1070         2         4         5         5         1         5         1         0      1455
         1      1070         2         4         6         9         2         9         1         1      1504
         1      1070         2         4         7         1         1         1         1         0      2766
         1      1070         2         4         8         4         1         4         1         0      4459
         1      1070         2         4         9         8         4         8         1         0      2179
         1      1070         2         4        10         2         2         2         1         1      2135
         1      1070         2         4        11         7         1         7         1         0      4397
         1      1070         2         4        12         6         1         6         1         0      1880
         1      1070         2         4        13        10         2         0         1         1      3401
         1      1070         2         4        14         5         3         3         0         0      5692
         1      1070         2         4        15         8         1         8         1         0      1683
         1      1070         2         4        16         5         4         3         0         0      7050
         1      1070         2         4        17         2         3         9         0         0      6667
         1      1070         2         4        18         7         3         0         0         0      1788
         1      1070         2         4        19         4         4         2         0         0      1840
         1      1070         2         4        20         3         4         3         1         0      8226
         1      1070         2         4        21         3         1         5         0         0      4595
         1      1070         2         4        22        10         3         0         1         0      1590
         1      1070         2         4        23         5         2         5         1         1      3073
         1      1070         2         4        24         9         4         9         1         0      1697
         1      1070         2         4        25         3         3         9         0         0      3913
         1      1070         2         4        26         6         3         6         1         0      2087
         1      1070         2         4        27         4         2         2         0         1      1790
         1      1070         2         4        28         7         4         0         0         0      2594
         1      1070         2         4        29         1         4         0         0         0      1684
         1      1070         2         4        30         7         2         7         1         1      4109
         1      1070         2         4        31         6         4         6         1         0      1601
         1      1070         2         4        32         2         1         2         1         0      1373
         1      1070         2         4        33         9         3         9         1         0      1473
         1      1070         2         4        34         8         2         8         1         1      6528
         1      1070         2         4        35        10         4         3         0         0      6887
         1      1070         2         4        36         4         3         4         1         0      5502
         1      1070         2         4        37         6         2         6         1         1      1661
         1      1070         2         4        38         3         2         3         1         1      3654
         1      1070         2         4        39        10         1         0         1         0      4014
         1      1070         2         4        40         9         1         9         1         0      1239
