Condition Subject Session Block Trial Subtype Token Response Correct Feedback RT 
         2      2056         1         1         1        10         2         8         0         1      4038
         2      2056         1         1         2         8         2         3         0         1      1206
         2      2056         1         1         3         2         2         2         1         1       945
         2      2056         1         1         4        10         2         1         0         1       791
         2      2056         1         1         5         3         1         6         0         1      5188
         2      2056         1         1         6         8         1         5         0         1       353
         2      2056         1         1         7         1         1         5         0         1       398
         2      2056         1         1         8         4         2         5         0         1       714
         2      2056         1         1         9        10         1         7         0         1       378
         2      2056         1         1        10         5         1         3         0         1       949
         2      2056         1         1        11        10         1         5         0         1       252
         2      2056         1         1        12         9         2         6         0         1      1023
         2      2056         1         1        13         2         2         4         0         1      3473
         2      2056         1         1        14         9         1         4         0         1       914
         2      2056         1         1        15         7         1         6         0         1       362
         2      2056         1         1        16         2         1         5         0         1     12311
         2      2056         1         1        17         8         2         4         0         1       182
         2      2056         1         1        18         5         1         7         0         1      1897
         2      2056         1         1        19         6         1         4         0         1       217
         2      2056         1         1        20         4         2         4         1         1       268
         2      2056         1         1        21         8         1         5         0         1      9325
         2      2056         1         1        22         1         2         6         0         1       467
         2      2056         1         1        23         7         2         4         0         1       300
         2      2056         1         1        24         6         2         7         0         1       237
         2      2056         1         1        25         6         2         4         0         1       768
         2      2056         1         1        26         4         1         3         0         1       205
         2      2056         1         1        27         7         2         6         0         1       209
         2      2056         1         1        28         4         1         2         0         1       260
         2      2056         1         1        29         3         2         1         0         1       197
         2      2056         1         1        30         5         2         4         0         1       233
         2      2056         1         1        31         2         1         5         0         1       333
         2      2056         1         1        32         9         2         6         0         1       252
         2      2056         1         1        33         9         1         7         0         1       222
         2      2056         1         1        34         6         1         5         0         1       241
         2      2056         1         1        35         7         1         4         0         1       291
         2      2056         1         1        36         3         1         6         0         1       259
         2      2056         1         1        37         1         1         4         0         1       372
         2      2056         1         1        38         3         2         5         0         1       304
         2      2056         1         1        39         1         2         3         0         1       255
         2      2056         1         1        40         5         2         6         0         1       288
         2      2056         1         2         1         7         1         8         0         1       739
         2      2056         1         2         2         5         2         6         0         1       433
         2      2056         1         2         3         4         2         4         1         1       316
         2      2056         1         2         4         6         2         3         0         1       459
         2      2056         1         2         5        10         1         8         0         1       262
         2      2056         1         2         6         5         1         2         0         1       294
         2      2056         1         2         7         3         1         5         0         1       295
         2      2056         1         2         8         3         1         4         0         1       311
         2      2056         1         2         9         8         2         3         0         1       261
         2      2056         1         2        10         1         2         6         0         1       549
         2      2056         1         2        11         2         1         5         0         1       667
         2      2056         1         2        12         9         1         4         0         1       397
         2      2056         1         2        13         3         2         6         0         1       585
         2      2056         1         2        14         7         1         4         0         1       285
         2      2056         1         2        15        10         1         3         0         1       287
         2      2056         1         2        16         4         2         2         0         1       432
         2      2056         1         2        17         2         2         6         0         1       363
         2      2056         1         2        18         6         2         4         0         1        57
         2      2056         1         2        19         8         2         5         0         1       193
         2      2056         1         2        20         4         1         3         0         1       229
         2      2056         1         2        21         6         1         4         0         1       184
         2      2056         1         2        22         4         1         5         0         1       284
         2      2056         1         2        23         2         2         6         0         1       381
         2      2056         1         2        24        10         2         4         0         1       219
         2      2056         1         2        25         1         2         5         0         1         0
         2      2056         1         2        26         2         1         2         1         1       217
         2      2056         1         2        27         9         2         3         0         1       237
         2      2056         1         2        28         1         1         4         0         1       239
         2      2056         1         2        29         3         2         5         0         1       192
         2      2056         1         2        30         6         1         4         0         1       532
         2      2056         1         2        31        10         2         6         0         1       362
         2      2056         1         2        32         9         1         5         0         1       216
         2      2056         1         2        33         8         1         2         0         1       236
         2      2056         1         2        34         8         1         3         0         1       207
         2      2056         1         2        35         1         1         4         0         1       177
         2      2056         1         2        36         7         2         5         0         1         7
         2      2056         1         2        37         5         2         5         1         1       370
         2      2056         1         2        38         9         2         4         0         1       928
         2      2056         1         2        39         7         2         6         0         1       375
         2      2056         1         2        40         5         1         6         0         1      1474
         2      2056         1         3         1         4         2         4         1         1       764
         2      2056         1         3         2         4         1         6         0         1       313
         2      2056         1         3         3         9         1         7         0         1       265
         2      2056         1         3         4         6         1         6         1         1       170
         2      2056         1         3         5         7         1         3         0         1       127
         2      2056         1         3         6         7         1         5         0         1        71
         2      2056         1         3         7         2         2         3         0         1       128
         2      2056         1         3         8         1         1         3         0         1      1046
         2      2056         1         3         9         2         1         6         0         1        72
         2      2056         1         3        10         8         1         5         0         1       128
         2      2056         1         3        11         6         1         4         0         1       695
         2      2056         1         3        12         9         2         3         0         1      5911
         2      2056         1         3        13         8         2         5         0         1      1973
         2      2056         1         3        14         4         2         5         0         1      4978
         2      2056         1         3        15         9         1         6         0         1      3047
         2      2056         1         3        16         5         2         4         0         1      2329
         2      2056         1         3        17         3         2         5         0         1      4471
         2      2056         1         3        18         5         2         6         0         1      2480
         2      2056         1         3        19         7         2         5         0         1      8760
         2      2056         1         3        20        10         1         5         0         1      5830
         2      2056         1         3        21        10         1         4         0         1      2004
         2      2056         1         3        22         4         1         5         0         1       863
         2      2056         1         3        23         1         2         5         0         1        22
         2      2056         1         3        24         1         2         4         0         1      1184
         2      2056         1         3        25         1         1         4         0         1       652
         2      2056         1         3        26         3         1         6         0         1       783
         2      2056         1         3        27         8         2         4         0         1       538
         2      2056         1         3        28         5         1         5         1         1       990
         2      2056         1         3        29         6         2         4         0         1         0
         2      2056         1         3        30         3         2         4         0         1        62
         2      2056         1         3        31         7         2         4         0         1      3511
         2      2056         1         3        32         5         1         5         1         1       278
         2      2056         1         3        33         6         2         4         0         1       567
         2      2056         1         3        34        10         2         3         0         1      1902
         2      2056         1         3        35         2         2         3         0         1       686
         2      2056         1         3        36        10         2         5         0         1       256
         2      2056         1         3        37         2         1         5         0         1       224
         2      2056         1         3        38         9         2         5         0         1      1444
         2      2056         1         3        39         8         1         4         0         1       689
         2      2056         1         3        40         3         1         5         0         1      3121
         2      2056         1         4         1         4         2         4         1         1       588
         2      2056         1         4         2         4         2         4         1         1       417
         2      2056         1         4         3         9         1         5         0         1        76
         2      2056         1         4         4         7         2         3         0         1       227
         2      2056         1         4         5        10         2         5         0         1      6743
         2      2056         1         4         6         5         1         3         0         1     14371
         2      2056         1         4         7         1         1         2         0         1      2911
         2      2056         1         4         8         3         1         3         1         1      1623
         2      2056         1         4         9         4         1         3         0         1      3809
         2      2056         1         4        10         7         1         5         0         1       181
         2      2056         1         4        11         6         2         3         0         1       442
         2      2056         1         4        12         6         2         5         0         1       133
         2      2056         1         4        13         9         2         4         0         1       284
         2      2056         1         4        14         7         2         4         0         1      6236
         2      2056         1         4        15         8         2         4         0         1     14654
         2      2056         1         4        16         2         1         4         0         1      8928
         2      2056         1         4        17         1         1         4         0         1     25764
         2      2056         1         4        18         9         2         3         0         1       467
         2      2056         1         4        19         8         1         5         0         1       652
         2      2056         1         4        20         3         1         5         0         1       462
         2      2056         1         4        21         7         1         4         0         1      4663
         2      2056         1         4        22         4         1         3         0         1        96
         2      2056         1         4        23         1         2         4         0         1      1559
         2      2056         1         4        24        10         1         3         0         1        53
         2      2056         1         4        25         2         1         4         0         1         0
         2      2056         1         4        26         2         2         5         0         1      1417
         2      2056         1         4        27         5         2         5         1         1      1740
         2      2056         1         4        28         6         1         6         1         1       369
         2      2056         1         4        29         5         1         8         0         1       220
         2      2056         1         4        30         2         2         3         0         1       304
         2      2056         1         4        31         3         2         4         0         1         0
         2      2056         1         4        32         1         2         8         0         1       249
         2      2056         1         4        33        10         1         2         0         1       141
         2      2056         1         4        34         6         1         3         0         1       306
         2      2056         1         4        35         9         1         2         0         1       817
         2      2056         1         4        36        10         2         3         0         1       190
         2      2056         1         4        37         5         2         6         0         1       177
         2      2056         1         4        38         8         1         4         0         1       597
         2      2056         1         4        39         8         2         4         0         1       456
         2      2056         1         4        40         3         2         4         0         1       530
         2      2056         1         5         1         6         1         5         0         1      5392
         2      2056         1         5         2         8         2         5         0         1      2756
         2      2056         1         5         3         6         1         5         0         1      4033
         2      2056         1         5         4         3         1         5         0         1       284
         2      2056         1         5         5         9         2         5         0         1      2653
         2      2056         1         5         6         5         1         5         1         1     16829
         2      2056         1         5         7         4         2         3         0         1       102
         2      2056         1         5         8         3         1         5         0         1      3134
         2      2056         1         5         9         7         1         5         0         1      2556
         2      2056         1         5        10         5         2         5         1         1      2193
         2      2056         1         5        11         1         2         4         0         1      3491
         2      2056         1         5        12         2         1         4         0         1       194
         2      2056         1         5        13         5         1         5         1         1       400
         2      2056         1         5        14         2         2         6         0         1       235
         2      2056         1         5        15         2         1         4         0         1       238
         2      2056         1         5        16         9         1         6         0         1       240
         2      2056         1         5        17         5         2         3         0         1       321
         2      2056         1         5        18        10         2         6         0         1       287
         2      2056         1         5        19         4         1         3         0         1       287
         2      2056         1         5        20         8         2         2         0         1       522
         2      2056         1         5        21         8         1         6         0         1      1552
         2      2056         1         5        22         3         2         3         1         1       206
         2      2056         1         5        23         7         2         5         0         1     12081
         2      2056         1         5        24         3         2         3         1         1       153
         2      2056         1         5        25         6         2         7         0         1        94
         2      2056         1         5        26         2         2         6         0         1        36
         2      2056         1         5        27        10         1         4         0         1        95
         2      2056         1         5        28         6         2         3         0         1       231
         2      2056         1         5        29         7         1         2         0         1       249
         2      2056         1         5        30         9         2         1         0         1        59
         2      2056         1         5        31        10         2         6         0         1       565
         2      2056         1         5        32         1         1         6         0         1       261
         2      2056         1         5        33         1         1         4         0         1       277
         2      2056         1         5        34         9         1         3         0         1       245
         2      2056         1         5        35         4         1         5         0         1       263
         2      2056         1         5        36         8         1         6         0         1       408
         2      2056         1         5        37         1         2         2         0         1       241
         2      2056         1         5        38         4         2         5         0         1       226
         2      2056         1         5        39         7         2         3         0         1       197
         2      2056         1         5        40        10         1         6         0         1       217
         2      2056         1         6         1         9         2         3         0         1       286
         2      2056         1         6         2         5         2         5         1         1       238
         2      2056         1         6         3         7         1         3         0         1       496
         2      2056         1         6         4         3         1         2         0         1       200
         2      2056         1         6         5         6         1         2         0         1       235
         2      2056         1         6         6         6         1         2         0         1       285
         2      2056         1         6         7         8         1         4         0         1       221
         2      2056         1         6         8         5         1         4         0         1       302
         2      2056         1         6         9         2         1         2         1         1       222
         2      2056         1         6        10        10         2         4         0         1       209
         2      2056         1         6        11         8         2         5         0         1       275
         2      2056         1         6        12         1         1         2         0         1       178
         2      2056         1         6        13         3         2         4         0         1       230
         2      2056         1         6        14         5         2         2         0         1       215
         2      2056         1         6        15         2         2         1         0         1       201
         2      2056         1         6        16         1         2         2         0         1       220
         2      2056         1         6        17         3         1         4         0         1       239
         2      2056         1         6        18         9         1         6         0         1       177
         2      2056         1         6        19        10         1         4         0         1       214
         2      2056         1         6        20         1         1         2         0         1       232
         2      2056         1         6        21         5         1         4         0         1        41
         2      2056         1         6        22        10         2         5         0         1       179
         2      2056         1         6        23        10         1         6         0         1       248
         2      2056         1         6        24         8         2         4         0         1       248
         2      2056         1         6        25         4         1         3         0         1        58
         2      2056         1         6        26         9         2         4         0         1      1280
         2      2056         1         6        27         6         2         5         0         1       266
         2      2056         1         6        28         2         2         3         0         1      5034
         2      2056         1         6        29         4         2         4         1         1       972
         2      2056         1         6        30         8         1         6         0         1         0
         2      2056         1         6        31         2         1         5         0         1       525
         2      2056         1         6        32         7         2         3         0         1       163
         2      2056         1         6        33         6         2         5         0         1       664
         2      2056         1         6        34         1         2         3         0         1       280
         2      2056         1         6        35         4         1         6         0         1       248
         2      2056         1         6        36         7         2         5         0         1       281
         2      2056         1         6        37         7         1         4         0         1        90
         2      2056         1         6        38         9         1         3         0         1       258
         2      2056         1         6        39         3         2         6         0         1       227
         2      2056         1         6        40         4         2         4         1         1       192
         2      2056         2         1         1         8         1         4         0         1       356
         2      2056         2         1         2         7         3         6         0         0       753
         2      2056         2         1         3         5         1         5         1         1       238
         2      2056         2         1         4         2         2         3         0         0       223
         2      2056         2         1         5         6         2         4         0         0        17
         2      2056         2         1         6         8         2         3         0         0       140
         2      2056         2         1         7         7         1         3         0         1       737
         2      2056         2         1         8         3         1         4         0         1       763
         2      2056         2         1         9         5         3         3         0         0       535
         2      2056         2         1        10        10         1         3         0         1       701
         2      2056         2         1        11         4         4         3         0         0      3819
         2      2056         2         1        12         4         2         4         1         0      1838
         2      2056         2         1        13         6         4         5         0         0       576
         2      2056         2         1        14         1         1         5         0         1      1203
         2      2056         2         1        15         6         1         4         0         1       334
         2      2056         2         1        16         8         3         3         0         0      1100
         2      2056         2         1        17         4         3         3         0         0       427
         2      2056         2         1        18         9         3         3         0         0       437
         2      2056         2         1        19         3         2         3         1         0       288
         2      2056         2         1        20        10         4         6         0         0       592
         2      2056         2         1        21         1         4         3         0         0       324
         2      2056         2         1        22         2         3         6         0         0       339
         2      2056         2         1        23         5         4         3         0         0       560
         2      2056         2         1        24        10         3         7         0         0       438
         2      2056         2         1        25         4         1         4         1         1       704
         2      2056         2         1        26         7         4         7         1         0       319
         2      2056         2         1        27         7         2         6         0         0       238
         2      2056         2         1        28         9         4         3         0         0       287
         2      2056         2         1        29         8         4         5         0         0       335
         2      2056         2         1        30         3         3         3         1         0       719
         2      2056         2         1        31         1         2         6         0         0       205
         2      2056         2         1        32         1         3         3         0         0       224
         2      2056         2         1        33         2         4         5         0         0       211
         2      2056         2         1        34         9         1         6         0         1       231
         2      2056         2         1        35         3         4         5         0         0       185
         2      2056         2         1        36         2         1         3         0         1       334
         2      2056         2         1        37         5         2         5         1         0       205
         2      2056         2         1        38        10         2         4         0         0       257
         2      2056         2         1        39         6         3         2         0         0       147
         2      2056         2         1        40         9         2         6         0         0       154
         2      2056         2         2         1         7         2         4         0         1       405
         2      2056         2         2         2        10         4         5         0         0       288
         2      2056         2         2         3         3         3         5         0         0       402
         2      2056         2         2         4         3         1         5         0         0       286
         2      2056         2         2         5         2         1         6         0         0       304
         2      2056         2         2         6         4         4         5         0         0       301
         2      2056         2         2         7         2         2         4         0         1       317
         2      2056         2         2         8         6         1         5         0         0       588
         2      2056         2         2         9         8         4         6         0         0       241
         2      2056         2         2        10        10         2         6         0         1       516
         2      2056         2         2        11         2         4         4         0         0       236
         2      2056         2         2        12         3         2         3         1         1       222
         2      2056         2         2        13         7         4         5         0         0       162
         2      2056         2         2        14         1         4         6         0         0       264
         2      2056         2         2        15         6         3         5         0         0       201
         2      2056         2         2        16         5         1         4         0         0       332
         2      2056         2         2        17         1         3         3         0         0       235
         2      2056         2         2        18         4         2         6         0         1       285
         2      2056         2         2        19         1         2         5         0         1       237
         2      2056         2         2        20         8         1         4         0         0       289
         2      2056         2         2        21         7         3         3         0         0       193
         2      2056         2         2        22         9         3         6         0         0       294
         2      2056         2         2        23         9         1         5         0         0       182
         2      2056         2         2        24         4         3         2         0         0       219
         2      2056         2         2        25         5         2         3         0         1       334
         2      2056         2         2        26         1         1         5         0         0        92
         2      2056         2         2        27         8         3         3         0         0       291
         2      2056         2         2        28         6         4         3         0         0       259
         2      2056         2         2        29         4         1         5         0         0       291
         2      2056         2         2        30        10         1         5         0         0       708
         2      2056         2         2        31        10         3         6         0         0       820
         2      2056         2         2        32         9         2         4         0         1      1152
         2      2056         2         2        33         9         4         6         0         0       222
         2      2056         2         2        34         5         4         4         0         0       625
         2      2056         2         2        35         7         1         3         0         0       580
         2      2056         2         2        36         8         2         5         0         1      4967
         2      2056         2         2        37         6         2         4         0         1       173
         2      2056         2         2        38         2         3         4         0         0        50
         2      2056         2         2        39         3         4         4         0         0      1548
         2      2056         2         2        40         5         3         4         0         0      1290
         2      2056         2         3         1         2         4         6         0         0       395
         2      2056         2         3         2         3         2         5         0         0       231
         2      2056         2         3         3         9         4         3         0         0       249
         2      2056         2         3         4         4         3         6         0         0       203
         2      2056         2         3         5         9         1         3         0         1       832
         2      2056         2         3         6         4         2         4         1         0       186
         2      2056         2         3         7        10         3         5         0         0      2784
         2      2056         2         3         8         2         3         6         0         0       541
         2      2056         2         3         9         8         2         6         0         0       353
         2      2056         2         3        10         3         4         3         1         0       208
         2      2056         2         3        11         2         2         4         0         0       291
         2      2056         2         3        12         3         3         5         0         0       564
         2      2056         2         3        13         9         3         5         0         0      3178
         2      2056         2         3        14         3         1         4         0         1      5622
         2      2056         2         3        15         7         3         5         0         0      7266
         2      2056         2         3        16         5         1         4         0         1     18809
         2      2056         2         3        17         4         1         5         0         1      9170
         2      2056         2         3        18         5         3         5         1         0      8319
         2      2056         2         3        19         8         4         5         0         0      1503
         2      2056         2         3        20         6         3         6         1         0       271
         2      2056         2         3        21         1         2         7         0         0       336
         2      2056         2         3        22         6         4         5         0         0       926
         2      2056         2         3        23         2         1         3         0         1       197
         2      2056         2         3        24         9         2         6         0         0       217
         2      2056         2         3        25         7         2         6         0         0       685
         2      2056         2         3        26         7         1         4         0         1       302
         2      2056         2         3        27        10         2         5         0         0       607
         2      2056         2         3        28         4         4         4         1         0       320
         2      2056         2         3        29         5         4         6         0         0       303
         2      2056         2         3        30         6         2         4         0         0      4623
         2      2056         2         3        31         5         2         5         1         0      8049
         2      2056         2         3        32         1         1         6         0         1      2954
         2      2056         2         3        33        10         4         5         0         0     23296
         2      2056         2         3        34         8         3         4         0         0       119
         2      2056         2         3        35         6         1         5         0         1      2046
         2      2056         2         3        36         1         4         5         0         0       936
         2      2056         2         3        37         8         1         5         0         1       255
         2      2056         2         3        38        10         1         4         0         1       234
         2      2056         2         3        39         1         3         7         0         0       237
         2      2056         2         3        40         7         4         4         0         0       272
         2      2056         2         4         1         6         4         6         1         0       463
         2      2056         2         4         2         1         2         4         0         1       264
         2      2056         2         4         3         2         2         8         0         1       601
         2      2056         2         4         4         5         3         6         0         0       332
         2      2056         2         4         5         4         1         2         0         0       362
         2      2056         2         4         6        10         1         6         0         0       377
         2      2056         2         4         7         5         4         4         0         0       341
         2      2056         2         4         8         7         1         5         0         0       291
         2      2056         2         4         9        10         3         7         0         0       229
         2      2056         2         4        10         3         1         3         1         0       312
         2      2056         2         4        11         1         3         6         0         0       328
         2      2056         2         4        12         7         4         7         1         0       199
         2      2056         2         4        13         8         4         4         0         0       267
         2      2056         2         4        14         2         1         3         0         0       638
         2      2056         2         4        15         8         2         6         0         1       239
         2      2056         2         4        16        10         4         5         0         0       225
         2      2056         2         4        17         8         1         3         0         0       324
         2      2056         2         4        18         6         2         6         1         1       131
         2      2056         2         4        19         9         3         5         0         0       283
         2      2056         2         4        20         1         1         2         0         0       250
         2      2056         2         4        21         1         4         2         0         0       316
         2      2056         2         4        22         6         1         3         0         0       460
         2      2056         2         4        23         6         3         2         0         0        54
         2      2056         2         4        24         2         4         8         0         0       271
         2      2056         2         4        25         3         3         7         0         0       226
         2      2056         2         4        26         3         2         4         0         1       260
         2      2056         2         4        27         9         1         6         0         0       310
         2      2056         2         4        28         3         4         8         0         0       230
         2      2056         2         4        29         4         4         4         1         0       262
         2      2056         2         4        30         9         4         6         0         0       259
         2      2056         2         4        31         5         2         7         0         1       228
         2      2056         2         4        32        10         2         4         0         1       200
         2      2056         2         4        33         9         2         5         0         1       236
         2      2056         2         4        34         4         2         8         0         1       238
         2      2056         2         4        35         2         3         7         0         0       193
         2      2056         2         4        36         7         2         6         0         1       277
         2      2056         2         4        37         4         3         4         1         0       182
         2      2056         2         4        38         5         1         8         0         0       153
         2      2056         2         4        39         8         3         4         0         0       238
         2      2056         2         4        40         7         3         4         0         0      1569
