Condition Subject Session Block Trial Subtype Token Response Correct Feedback RT 
         1      1007         1         1         1         7         1         1         0         1      4197
         1      1007         1         1         2         9         1         1         0         1      3336
         1      1007         1         1         3         6         1         1         0         1      1647
         1      1007         1         1         4         4         2         1         0         1      1623
         1      1007         1         1         5         3         1         7         0         1      6338
         1      1007         1         1         6         7         1         7         1         1      2881
         1      1007         1         1         7         6         1         5         0         1      2873
         1      1007         1         1         8        10         2         0         1         1      2674
         1      1007         1         1         9         8         2         3         0         1      3427
         1      1007         1         1        10         1         2         2         0         1      5574
         1      1007         1         1        11         3         1         3         1         1      5907
         1      1007         1         1        12        10         2         0         1         1      4947
         1      1007         1         1        13         7         2         8         0         1      6456
         1      1007         1         1        14         7         2         4         0         1      4417
         1      1007         1         1        15         2         2         4         0         1      2861
         1      1007         1         1        16         9         2         8         0         1     11206
         1      1007         1         1        17         5         1         3         0         1      8529
         1      1007         1         1        18         8         2         9         0         1      3223
         1      1007         1         1        19         3         2         6         0         1      6050
         1      1007         1         1        20         6         2         5         0         1      3675
         1      1007         1         1        21         4         2         2         0         1      9523
         1      1007         1         1        22         1         1         8         0         1     14944
         1      1007         1         1        23         5         2         8         0         1      8806
         1      1007         1         1        24         6         2         6         1         1      2817
         1      1007         1         1        25        10         1         8         0         1      3979
         1      1007         1         1        26         1         2         8         0         1      3335
         1      1007         1         1        27         3         2         5         0         1      5485
         1      1007         1         1        28         2         1         5         0         1      3406
         1      1007         1         1        29         4         1         7         0         1     11490
         1      1007         1         1        30        10         1         3         0         1      8977
         1      1007         1         1        31         8         1         1         0         1      6662
         1      1007         1         1        32         2         1         5         0         1      3847
         1      1007         1         1        33         1         1         5         0         1      9592
         1      1007         1         1        34         2         2         9         0         1      9397
         1      1007         1         1        35         4         1         8         0         1      3945
         1      1007         1         1        36         5         1         0         0         1      4231
         1      1007         1         1        37         9         2         9         1         1      1866
         1      1007         1         1        38         5         2         6         0         1      3275
         1      1007         1         1        39         8         1         8         1         1      4180
         1      1007         1         1        40         9         1         9         1         1      1559
         1      1007         1         2         1         2         2         4         0         1      2368
         1      1007         1         2         2         7         1         5         0         1      6110
         1      1007         1         2         3         3         1         3         1         1      7654
         1      1007         1         2         4         7         2         7         1         1      6400
         1      1007         1         2         5        10         2         0         1         1      2013
         1      1007         1         2         6         2         1         2         1         1      2216
         1      1007         1         2         7         4         2         4         1         1      3851
         1      1007         1         2         8         9         1         9         1         1      1308
         1      1007         1         2         9         5         2         7         0         1      6852
         1      1007         1         2        10         8         2         9         0         1      1390
         1      1007         1         2        11         4         1         4         1         1      2532
         1      1007         1         2        12         2         1         2         1         1      5835
         1      1007         1         2        13         3         2         3         1         1      4718
         1      1007         1         2        14         5         2         8         0         1      5517
         1      1007         1         2        15         1         1         1         1         1      6316
         1      1007         1         2        16         1         2         3         0         1      4395
         1      1007         1         2        17         3         1         3         1         1      2327
         1      1007         1         2        18         8         1         8         1         1      2518
         1      1007         1         2        19         6         2         6         1         1      2269
         1      1007         1         2        20        10         2         0         1         1      1950
         1      1007         1         2        21         6         1         6         1         1      1820
         1      1007         1         2        22         5         1         3         0         1      3967
         1      1007         1         2        23         4         2         2         0         1      1370
         1      1007         1         2        24         5         1         5         1         1      3199
         1      1007         1         2        25         4         1         4         1         1      4460
         1      1007         1         2        26         6         2         6         1         1      2070
         1      1007         1         2        27         6         1         6         1         1       735
         1      1007         1         2        28         1         1         1         1         1      3533
         1      1007         1         2        29         9         1         9         1         1      2027
         1      1007         1         2        30         7         2         5         0         1      7622
         1      1007         1         2        31         1         2         8         0         1      4641
         1      1007         1         2        32         8         2         9         0         1      4532
         1      1007         1         2        33         9         2         9         1         1      1306
         1      1007         1         2        34        10         1         1         0         1      5345
         1      1007         1         2        35         3         2         1         0         1      1575
         1      1007         1         2        36         8         1         8         1         1      1860
         1      1007         1         2        37         2         2         4         0         1      4631
         1      1007         1         2        38        10         1         0         1         1      3961
         1      1007         1         2        39         9         2         9         1         1      1094
         1      1007         1         2        40         7         1         3         0         1      5512
         1      1007         1         3         1         4         2         2         0         1      2356
         1      1007         1         3         2         9         1         9         1         1      4801
         1      1007         1         3         3         7         1         7         1         1      2766
         1      1007         1         3         4         8         1         8         1         1      2219
         1      1007         1         3         5         2         2         4         0         1      2447
         1      1007         1         3         6         7         1         7         1         1      3034
         1      1007         1         3         7         2         1         2         1         1      2637
         1      1007         1         3         8         9         2         9         1         1      1952
         1      1007         1         3         9         8         1         8         1         1      2013
         1      1007         1         3        10        10         2         0         1         1      1929
         1      1007         1         3        11         7         2         5         0         1      7495
         1      1007         1         3        12         6         2         6         1         1      1928
         1      1007         1         3        13         2         1         2         1         1      2551
         1      1007         1         3        14         7         2         7         1         1      2717
         1      1007         1         3        15         1         1         1         1         1      2171
         1      1007         1         3        16         9         1         9         1         1      5696
         1      1007         1         3        17         3         2         3         1         1      3864
         1      1007         1         3        18         1         2         7         0         1      2186
         1      1007         1         3        19         4         1         2         0         1      3327
         1      1007         1         3        20         6         2         6         1         1      1269
         1      1007         1         3        21         9         2         9         1         1      1535
         1      1007         1         3        22        10         1         0         1         1      2764
         1      1007         1         3        23         5         2         5         1         1      2937
         1      1007         1         3        24         5         2         5         1         1      1935
         1      1007         1         3        25        10         2         0         1         1      1598
         1      1007         1         3        26         3         2         3         1         1      2666
         1      1007         1         3        27         6         1         6         1         1      1580
         1      1007         1         3        28         1         1         1         1         1      1527
         1      1007         1         3        29         5         1         5         1         1     10119
         1      1007         1         3        30         5         1         5         1         1      1133
         1      1007         1         3        31         4         2         4         1         1      3883
         1      1007         1         3        32         8         2         0         0         1      2252
         1      1007         1         3        33         3         1         5         0         1      3919
         1      1007         1         3        34        10         1         0         1         1      1741
         1      1007         1         3        35         3         1         3         1         1      4597
         1      1007         1         3        36         4         1         4         1         1      5225
         1      1007         1         3        37         2         2         2         1         1      1157
         1      1007         1         3        38         6         1         6         1         1      1475
         1      1007         1         3        39         1         2         7         0         1      5924
         1      1007         1         3        40         8         2         8         1         1      2963
         1      1007         1         4         1         5         2         3         0         1      7173
         1      1007         1         4         2         8         1         8         1         1      1730
         1      1007         1         4         3         1         1         1         1         1       856
         1      1007         1         4         4         3         2         5         0         1      2947
         1      1007         1         4         5         8         1         8         1         1      1577
         1      1007         1         4         6         7         1         3         0         1      7000
         1      1007         1         4         7         9         1         9         1         1      1499
         1      1007         1         4         8         2         2         4         0         1      3851
         1      1007         1         4         9         2         2         2         1         1       702
         1      1007         1         4        10         6         2         6         1         1      1646
         1      1007         1         4        11         3         1         3         1         1      7592
         1      1007         1         4        12         7         2         7         1         1      7172
         1      1007         1         4        13         4         2         2         0         1      4401
         1      1007         1         4        14         9         2         9         1         1      2253
         1      1007         1         4        15         5         1         1         0         1      2239
         1      1007         1         4        16         1         1         1         1         1       976
         1      1007         1         4        17         7         1         5         0         1      7751
         1      1007         1         4        18         6         2         6         1         1      1436
         1      1007         1         4        19        10         1         0         1         1      2205
         1      1007         1         4        20         4         1         4         1         1      2753
         1      1007         1         4        21         5         1         7         0         1      4335
         1      1007         1         4        22         7         2         7         1         1      2478
         1      1007         1         4        23         8         2         8         1         1      2870
         1      1007         1         4        24         1         2         5         0         1      7950
         1      1007         1         4        25         9         2         9         1         1      1596
         1      1007         1         4        26         3         1         5         0         1      4233
         1      1007         1         4        27         6         1         6         1         1      1227
         1      1007         1         4        28         8         2         9         0         1      1639
         1      1007         1         4        29         3         2         1         0         1      2466
         1      1007         1         4        30         2         1         4         0         1      3516
         1      1007         1         4        31         5         2         5         1         1      9867
         1      1007         1         4        32         2         1         2         1         1      3933
         1      1007         1         4        33         1         2         1         1         1      3739
         1      1007         1         4        34         4         2         2         0         1      6337
         1      1007         1         4        35        10         1         0         1         1      1695
         1      1007         1         4        36         6         1         6         1         1      1495
         1      1007         1         4        37        10         2         0         1         1      3032
         1      1007         1         4        38         9         1         9         1         1      1161
         1      1007         1         4        39        10         2         0         1         1       759
         1      1007         1         4        40         4         1         4         1         1      4853
         1      1007         1         5         1         9         1         9         1         1      3794
         1      1007         1         5         2         4         1         4         1         1      1159
         1      1007         1         5         3        10         2         0         1         1      1653
         1      1007         1         5         4         4         1         4         1         1       880
         1      1007         1         5         5         4         2         4         1         1      1352
         1      1007         1         5         6         7         2         7         1         1      3534
         1      1007         1         5         7         2         1         4         0         1      1660
         1      1007         1         5         8         3         1         5         0         1      5863
         1      1007         1         5         9         8         1         8         1         1      1896
         1      1007         1         5        10         8         2         9         0         1      2408
         1      1007         1         5        11         7         1         5         0         1      3429
         1      1007         1         5        12         3         2         3         1         1      2808
         1      1007         1         5        13         2         2         2         1         1      1541
         1      1007         1         5        14         3         1         3         1         1      6580
         1      1007         1         5        15         9         2         9         1         1      1784
         1      1007         1         5        16         6         1         6         1         1      1581
         1      1007         1         5        17         1         2         1         1         1      2457
         1      1007         1         5        18         8         2         8         1         1      2739
         1      1007         1         5        19        10         1         0         1         1      2112
         1      1007         1         5        20         5         1         1         0         1      4887
         1      1007         1         5        21        10         2         0         1         1      1552
         1      1007         1         5        22         5         2         3         0         1      1886
         1      1007         1         5        23         3         2         3         1         1      1311
         1      1007         1         5        24         8         1         8         1         1      1767
         1      1007         1         5        25         6         2         6         1         1      1883
         1      1007         1         5        26         1         1         1         1         1       858
         1      1007         1         5        27         6         1         6         1         1      1285
         1      1007         1         5        28         5         2         3         0         1      2429
         1      1007         1         5        29         1         1         1         1         1       694
         1      1007         1         5        30        10         1         0         1         1      1558
         1      1007         1         5        31         7         2         7         1         1      3364
         1      1007         1         5        32         7         1         5         0         1      7145
         1      1007         1         5        33         1         2         5         0         1      4679
         1      1007         1         5        34         9         1         9         1         1      1862
         1      1007         1         5        35         6         2         6         1         1      1223
         1      1007         1         5        36         2         1         4         0         1      2099
         1      1007         1         5        37         4         2         4         1         1      1306
         1      1007         1         5        38         2         2         2         1         1      1074
         1      1007         1         5        39         9         2         9         1         1      1363
         1      1007         1         5        40         5         1         7         0         1      2584
         1      1007         1         6         1         2         2         2         1         1      2172
         1      1007         1         6         2         1         2         1         1         1      2226
         1      1007         1         6         3        10         1         0         1         1      1077
         1      1007         1         6         4         5         2         3         0         1      1941
         1      1007         1         6         5        10         2         0         1         1      1220
         1      1007         1         6         6         4         1         4         1         1      2128
         1      1007         1         6         7         9         2         9         1         1       999
         1      1007         1         6         8         3         1         3         1         1      2395
         1      1007         1         6         9         2         2         2         1         1      1368
         1      1007         1         6        10         7         1         7         1         1      4877
         1      1007         1         6        11         8         1         8         1         1      1110
         1      1007         1         6        12         2         1         4         0         1      1943
         1      1007         1         6        13         7         1         7         1         1      2390
         1      1007         1         6        14         8         2         8         1         1      1059
         1      1007         1         6        15        10         1         0         1         1      1540
         1      1007         1         6        16         9         2         9         1         1      1298
         1      1007         1         6        17         8         2         8         1         1      2697
         1      1007         1         6        18         3         1         3         1         1      4282
         1      1007         1         6        19         1         1         1         1         1      1050
         1      1007         1         6        20         6         2         6         1         1      1595
         1      1007         1         6        21         4         2         4         1         1      2118
         1      1007         1         6        22         5         1         5         1         1      4670
         1      1007         1         6        23         1         2         5         0         1      1471
         1      1007         1         6        24         6         2         6         1         1      1167
         1      1007         1         6        25         2         1         2         1         1      2077
         1      1007         1         6        26         6         1         6         1         1      1286
         1      1007         1         6        27         8         1         8         1         1      2511
         1      1007         1         6        28         3         2         5         0         1      2838
         1      1007         1         6        29         7         2         7         1         1      2225
         1      1007         1         6        30         6         1         6         1         1      2581
         1      1007         1         6        31         7         2         7         1         1      1961
         1      1007         1         6        32         4         1         2         0         1      1911
         1      1007         1         6        33         5         2         5         1         1      3799
         1      1007         1         6        34         1         1         1         1         1       826
         1      1007         1         6        35         5         1         5         1         1      3174
         1      1007         1         6        36         3         2         3         1         1      1539
         1      1007         1         6        37         9         1         9         1         1      1393
         1      1007         1         6        38         9         1         9         1         1      1861
         1      1007         1         6        39        10         2         0         1         1       855
         1      1007         1         6        40         4         2         2         0         1      3648
         1      1007         2         1         1         1         2         1         1         0      5214
         1      1007         2         1         2         6         1         6         1         1      1850
         1      1007         2         1         3        10         2         0         1         0      1468
         1      1007         2         1         4         6         2         6         1         0      2044
         1      1007         2         1         5         6         4         6         1         0      1669
         1      1007         2         1         6         4         2         2         0         0      2461
         1      1007         2         1         7         2         4         2         1         0      1766
         1      1007         2         1         8         8         1         8         1         1      1675
         1      1007         2         1         9         3         2         3         1         0      6917
         1      1007         2         1        10         7         2         7         1         0      2364
         1      1007         2         1        11         9         3         9         1         0      2520
         1      1007         2         1        12         1         3         3         0         0      7407
         1      1007         2         1        13         7         4         5         0         0      9331
         1      1007         2         1        14         7         3         7         1         0      3210
         1      1007         2         1        15         5         1         5         1         1      3670
         1      1007         2         1        16         1         4         3         0         0      4655
         1      1007         2         1        17         4         3         5         0         0      5857
         1      1007         2         1        18         3         1         3         1         1      4131
         1      1007         2         1        19         8         2         8         1         0      2698
         1      1007         2         1        20         3         4         1         0         0      4315
         1      1007         2         1        21         5         4         1         0         0      4761
         1      1007         2         1        22         4         1         4         1         1      2631
         1      1007         2         1        23        10         4         0         1         0      5562
         1      1007         2         1        24         5         2         5         1         0      6327
         1      1007         2         1        25         2         2         2         1         0      1430
         1      1007         2         1        26         1         1         1         1         1      1015
         1      1007         2         1        27         8         3         8         1         0      2906
         1      1007         2         1        28         2         1         4         0         1      4049
         1      1007         2         1        29         8         4         8         1         0      2875
         1      1007         2         1        30         9         2         9         1         0      1236
         1      1007         2         1        31         7         1         3         0         1      8959
         1      1007         2         1        32         2         3         4         0         0      4677
         1      1007         2         1        33         6         3         6         1         0      1654
         1      1007         2         1        34         9         1         9         1         1      1710
         1      1007         2         1        35         9         4         4         0         0      5349
         1      1007         2         1        36         3         3         3         1         0      4172
         1      1007         2         1        37        10         1         0         1         1      1664
         1      1007         2         1        38         4         4         2         0         0      4746
         1      1007         2         1        39         5         3         1         0         0      2088
         1      1007         2         1        40        10         3         1         0         0      3072
         1      1007         2         2         1         8         2         8         1         1      4638
         1      1007         2         2         2         2         2         2         1         1      3425
         1      1007         2         2         3        10         4         0         1         0      4788
         1      1007         2         2         4         9         3         9         1         0      1488
         1      1007         2         2         5        10         3         3         0         0      8960
         1      1007         2         2         6         1         4         7         0         0      9813
         1      1007         2         2         7        10         2         0         1         1      2825
         1      1007         2         2         8         5         2         3         0         1      2980
         1      1007         2         2         9         9         1         9         1         0      4296
         1      1007         2         2        10         9         2         9         1         1      3448
         1      1007         2         2        11         6         1         6         1         0      1514
         1      1007         2         2        12         1         2         7         0         1      4809
         1      1007         2         2        13         6         4         6         1         0      1844
         1      1007         2         2        14         5         1         5         1         0      1798
         1      1007         2         2        15         5         4         5         1         0      3290
         1      1007         2         2        16         1         1         1         1         0      1346
         1      1007         2         2        17         7         3         7         1         0      2568
         1      1007         2         2        18         4         2         4         1         1      3996
         1      1007         2         2        19         2         3         4         0         0      6616
         1      1007         2         2        20         6         2         6         1         1      1547
         1      1007         2         2        21         8         3         8         1         0      4217
         1      1007         2         2        22         5         3         3         0         0      9756
         1      1007         2         2        23         3         1         3         1         0      3314
         1      1007         2         2        24         9         4         9         1         0      3241
         1      1007         2         2        25         1         3         1         1         0      5620
         1      1007         2         2        26         6         3         6         1         0      1392
         1      1007         2         2        27         4         4         4         1         0      2628
         1      1007         2         2        28         7         1         3         0         0      8248
         1      1007         2         2        29         7         2         7         1         1      3402
         1      1007         2         2        30         7         4         3         0         0      6861
         1      1007         2         2        31         4         3         4         1         0      6151
         1      1007         2         2        32         2         1         4         0         0      2349
         1      1007         2         2        33         3         2         3         1         1      4427
         1      1007         2         2        34        10         1         0         1         0      1733
         1      1007         2         2        35         8         4         8         1         0      1963
         1      1007         2         2        36         8         1         8         1         0       856
         1      1007         2         2        37         3         3         1         0         0      3538
         1      1007         2         2        38         3         4         3         1         0      3457
         1      1007         2         2        39         4         1         4         1         0      6419
         1      1007         2         2        40         2         4         2         1         0      2670
         1      1007         2         3         1         3         2         3         1         0     26352
         1      1007         2         3         2         4         3         4         1         0      6095
         1      1007         2         3         3         5         1         5         1         1      5063
         1      1007         2         3         4         7         4         3         0         0      3560
         1      1007         2         3         5        10         3         1         0         0      3989
         1      1007         2         3         6         3         4         3         1         0      1874
         1      1007         2         3         7         5         3         1         0         0      1171
         1      1007         2         3         8         7         3         6         0         0      1713
         1      1007         2         3         9         1         4         7         0         0      5608
         1      1007         2         3        10         8         4         8         1         0      1891
         1      1007         2         3        11         4         1         4         1         1      3988
         1      1007         2         3        12         2         1         4         0         1      4433
         1      1007         2         3        13         1         1         1         1         1       779
         1      1007         2         3        14         9         1         9         1         1      1495
         1      1007         2         3        15         7         1         3         0         1      7800
         1      1007         2         3        16         7         2         7         1         0      3308
         1      1007         2         3        17         2         2         2         1         0      2132
         1      1007         2         3        18         2         3         4         0         0      5979
         1      1007         2         3        19         8         2         8         1         0      3463
         1      1007         2         3        20         6         1         6         1         1      1657
         1      1007         2         3        21         9         4         9         1         0      3123
         1      1007         2         3        22         5         4         1         0         0      2018
         1      1007         2         3        23         6         3         6         1         0      1613
         1      1007         2         3        24         1         2         7         0         0      6904
         1      1007         2         3        25         9         2         9         1         0      2896
         1      1007         2         3        26         8         3         8         1         0      1672
         1      1007         2         3        27        10         4         9         0         0      4721
         1      1007         2         3        28         4         4         2         0         0      4176
         1      1007         2         3        29         3         1         3         1         1      8918
         1      1007         2         3        30        10         2         0         1         0      1838
         1      1007         2         3        31         3         3         3         1         0      3825
         1      1007         2         3        32        10         1         0         1         1      1251
         1      1007         2         3        33         6         2         6         1         0      1133
         1      1007         2         3        34         1         3         1         1         0      2172
         1      1007         2         3        35         4         2         4         1         0      4256
         1      1007         2         3        36         5         2         5         1         0      2002
         1      1007         2         3        37         6         4         6         1         0      2718
         1      1007         2         3        38         9         3         9         1         0      1277
         1      1007         2         3        39         2         4         4         0         0      5958
         1      1007         2         3        40         8         1         8         1         1      1796
         1      1007         2         4         1        10         3         1         0         0      5192
         1      1007         2         4         2         6         3         6         1         0      2996
         1      1007         2         4         3         4         4         4         1         0      4024
         1      1007         2         4         4         8         3         8         1         0      2275
         1      1007         2         4         5         9         2         9         1         1      1349
         1      1007         2         4         6         3         2         3         1         1      5771
         1      1007         2         4         7         5         2         5         1         1      1824
         1      1007         2         4         8        10         2         0         1         1      2052
         1      1007         2         4         9        10         1         0         1         0      1597
         1      1007         2         4        10         6         4         6         1         0      1160
         1      1007         2         4        11         3         1         3         1         0      5062
         1      1007         2         4        12         1         3         1         1         0      1750
         1      1007         2         4        13         7         4         3         0         0      4204
         1      1007         2         4        14         1         2         7         0         1      3375
         1      1007         2         4        15         1         1         1         1         0      1124
         1      1007         2         4        16         4         2         2         0         1      3618
         1      1007         2         4        17         8         2         8         1         1      4254
         1      1007         2         4        18         7         2         7         1         1      2607
         1      1007         2         4        19         2         2         2         1         1      1491
         1      1007         2         4        20         5         1         5         1         0      1717
         1      1007         2         4        21         8         1         8         1         0      1644
         1      1007         2         4        22         4         1         4         1         0      4103
         1      1007         2         4        23         9         4         9         1         0      2142
         1      1007         2         4        24         6         2         6         1         1      1012
         1      1007         2         4        25         2         4         2         1         0      6887
         1      1007         2         4        26         7         3         7         1         0      2000
         1      1007         2         4        27         3         4         1         0         0      4044
         1      1007         2         4        28         3         3         1         0         0      2183
         1      1007         2         4        29         9         1         9         1         0      1371
         1      1007         2         4        30         6         1         6         1         0      1168
         1      1007         2         4        31         2         3         4         0         0      2557
         1      1007         2         4        32         2         1         4         0         0      1683
         1      1007         2         4        33         8         4         8         1         0      1499
         1      1007         2         4        34         9         3         9         1         0      1243
         1      1007         2         4        35         1         4         1         1         0      5269
         1      1007         2         4        36         5         3         1         0         0      1807
         1      1007         2         4        37         4         3         4         1         0      6019
         1      1007         2         4        38         5         4         7         0         0      3774
         1      1007         2         4        39         7         1         2         0         0      3621
         1      1007         2         4        40        10         4         9         0         0      1729
