Condition Subject Session Block Trial Subtype Token Response Correct Feedback RT 
         4      4113         1         1         1         9         2         5         0         1     10589
         4      4113         1         1         2         4         2         7         0         1      5224
         4      4113         1         1         3         9         1         0         0         1      3394
         4      4113         1         1         4         2         1         0         0         1      2918
         4      4113         1         1         5         6         1         6         1         1      1948
         4      4113         1         1         6         6         2         9         0         1      5673
         4      4113         1         1         7         5         2         3         0         1      2610
         4      4113         1         1         8         5         2         5         1         1      3621
         4      4113         1         1         9         5         1         5         1         1      2608
         4      4113         1         1        10         7         1         4         0         1      2325
         4      4113         1         1        11         1         1         2         0         1      6388
         4      4113         1         1        12        10         1         3         0         1      9343
         4      4113         1         1        13         6         1         6         1         1      8900
         4      4113         1         1        14         4         1         4         1         1      6027
         4      4113         1         1        15         8         1         0         0         1     14102
         4      4113         1         1        16        10         1         4         0         1     13660
         4      4113         1         1        17         8         1         4         0         1      2582
         4      4113         1         1        18         3         2         1         0         1     13802
         4      4113         1         1        19         7         2         7         1         1     16046
         4      4113         1         1        20         9         2         9         1         1     13352
         4      4113         1         1        21         1         1         1         1         1      7806
         4      4113         1         1        22         4         2         4         1         1      8114
         4      4113         1         1        23         7         2         8         0         1     23817
         4      4113         1         1        24         1         2         1         1         1      2397
         4      4113         1         1        25         9         1         9         1         1     10697
         4      4113         1         1        26        10         2         0         1         1     34554
         4      4113         1         1        27         2         1         7         0         1      3840
         4      4113         1         1        28         6         2         9         0         1      2002
         4      4113         1         1        29         1         2         1         1         1      1790
         4      4113         1         1        30         7         1         8         0         1     19426
         4      4113         1         1        31         5         1         5         1         1      5878
         4      4113         1         1        32         8         2         8         1         1      4071
         4      4113         1         1        33        10         2         0         1         1      2673
         4      4113         1         1        34         3         1         3         1         1      1954
         4      4113         1         1        35         8         2         8         1         1      2865
         4      4113         1         1        36         2         2         2         1         1      5401
         4      4113         1         1        37         3         1         5         0         1      4429
         4      4113         1         1        38         2         2         2         1         1      3160
         4      4113         1         1        39         3         2         3         1         1      2693
         4      4113         1         1        40         4         1         7         0         1      3605
         4      4113         1         2         1         2         1         4         0         1      3844
         4      4113         1         2         2         7         2         8         0         1      2919
         4      4113         1         2         3         5         1         5         1         1      3519
         4      4113         1         2         4         3         1         3         1         1      2942
         4      4113         1         2         5         1         2         1         1         1      5813
         4      4113         1         2         6         2         2         2         1         1      8089
         4      4113         1         2         7         7         1         8         0         1     12434
         4      4113         1         2         8         8         2         8         1         1      1581
         4      4113         1         2         9         2         2         2         1         1      1914
         4      4113         1         2        10         7         2         7         1         1      1913
         4      4113         1         2        11        10         1         0         1         1      1382
         4      4113         1         2        12         5         2         5         1         1      4795
         4      4113         1         2        13         4         1         4         1         1      2245
         4      4113         1         2        14        10         2         0         1         1      1753
         4      4113         1         2        15         4         2         4         1         1      2063
         4      4113         1         2        16         5         1         5         1         1      3368
         4      4113         1         2        17         3         2         3         1         1      1484
         4      4113         1         2        18         4         2         4         1         1      1518
         4      4113         1         2        19         3         1         3         1         1      3052
         4      4113         1         2        20         1         1         1         1         1      1935
         4      4113         1         2        21         6         1         6         1         1      1917
         4      4113         1         2        22         1         1         1         1         1      1149
         4      4113         1         2        23         6         2         6         1         1      2123
         4      4113         1         2        24         4         1         4         1         1      1617
         4      4113         1         2        25         9         2         9         1         1      3101
         4      4113         1         2        26         5         2         5         1         1      6956
         4      4113         1         2        27         9         2         9         1         1      5505
         4      4113         1         2        28         6         1         6         1         1      4017
         4      4113         1         2        29         7         1         7         1         1     10508
         4      4113         1         2        30         2         1         2         1         1      6548
         4      4113         1         2        31         9         1         9         1         1      8250
         4      4113         1         2        32         8         2         8         1         1      5885
         4      4113         1         2        33         1         2         1         1         1      3085
         4      4113         1         2        34        10         2         0         1         1      5486
         4      4113         1         2        35        10         1         0         1         1      2526
         4      4113         1         2        36         9         1         9         1         1      3750
         4      4113         1         2        37         6         2         6         1         1      5275
         4      4113         1         2        38         3         2         3         1         1      5956
         4      4113         1         2        39         8         1         7         0         1      3122
         4      4113         1         2        40         8         1         7         0         1      5968
         4      4113         1         3         1         9         1         9         1         1     15447
         4      4113         1         3         2         7         2         7         1         1      3097
         4      4113         1         3         3         1         2         1         1         1      1033
         4      4113         1         3         4         2         1         2         1         1       956
         4      4113         1         3         5         9         2         9         1         1      1858
         4      4113         1         3         6         6         2         6         1         1      1476
         4      4113         1         3         7         8         1         8         1         1      4885
         4      4113         1         3         8         9         1         9         1         1      1133
         4      4113         1         3         9         7         1         7         1         1      2636
         4      4113         1         3        10         1         1         1         1         1      1567
         4      4113         1         3        11         6         1         6         1         1      1675
         4      4113         1         3        12        10         2         0         1         1      1878
         4      4113         1         3        13         3         2         3         1         1      1430
         4      4113         1         3        14         8         2         8         1         1      2617
         4      4113         1         3        15         3         2         3         1         1      1612
         4      4113         1         3        16         3         1         5         0         1      5735
         4      4113         1         3        17         5         2         5         1         1      1757
         4      4113         1         3        18         3         1         3         1         1      1171
         4      4113         1         3        19         7         1         7         1         1      4096
         4      4113         1         3        20        10         1         0         1         1      1607
         4      4113         1         3        21         4         1         4         1         1      1714
         4      4113         1         3        22         4         2         4         1         1      1256
         4      4113         1         3        23        10         2         0         1         1      1188
         4      4113         1         3        24         6         2         6         1         1      1440
         4      4113         1         3        25         1         1         1         1         1      1363
         4      4113         1         3        26        10         1         0         1         1      2167
         4      4113         1         3        27         5         1         5         1         1      2045
         4      4113         1         3        28         9         2         9         1         1      1590
         4      4113         1         3        29         1         2         1         1         1      1283
         4      4113         1         3        30         2         2         2         1         1      1628
         4      4113         1         3        31         8         2         8         1         1      3735
         4      4113         1         3        32         6         1         6         1         1      1292
         4      4113         1         3        33         4         1         4         1         1      1667
         4      4113         1         3        34         7         2         7         1         1      1693
         4      4113         1         3        35         5         2         5         1         1      1798
         4      4113         1         3        36         8         1         8         1         1      3098
         4      4113         1         3        37         2         1         2         1         1      3162
         4      4113         1         3        38         2         2         2         1         1      4360
         4      4113         1         3        39         5         1         5         1         1      5606
         4      4113         1         3        40         4         2         4         1         1      1202
         4      4113         1         4         1         1         2         1         1         1      1602
         4      4113         1         4         2         7         2         8         0         1      1678
         4      4113         1         4         3         8         2         8         1         1       696
         4      4113         1         4         4         3         2         3         1         1      1382
         4      4113         1         4         5         8         1         8         1         1      1755
         4      4113         1         4         6         5         1         5         1         1      1346
         4      4113         1         4         7         6         2         6         1         1      1335
         4      4113         1         4         8         2         1         2         1         1      2671
         4      4113         1         4         9         8         1         8         1         1      1552
         4      4113         1         4        10         2         2         2         1         1      1359
         4      4113         1         4        11        10         1         0         1         1      1411
         4      4113         1         4        12         9         2         9         1         1      1142
         4      4113         1         4        13         7         1         7         1         1      3077
         4      4113         1         4        14         1         1         1         1         1      1414
         4      4113         1         4        15         9         2         9         1         1      1193
         4      4113         1         4        16         6         1         6         1         1      1412
         4      4113         1         4        17         7         1         7         1         1      4120
         4      4113         1         4        18         7         2         8         0         1      2096
         4      4113         1         4        19         3         2         3         1         1      1336
         4      4113         1         4        20         4         1         4         1         1      1102
         4      4113         1         4        21         5         1         5         1         1      1246
         4      4113         1         4        22         3         1         3         1         1      1464
         4      4113         1         4        23         9         1         9         1         1      1754
         4      4113         1         4        24        10         1         0         1         1      1550
         4      4113         1         4        25         4         2         4         1         1      1532
         4      4113         1         4        26         4         2         4         1         1      2171
         4      4113         1         4        27         5         2         5         1         1      1424
         4      4113         1         4        28         9         1         9         1         1       996
         4      4113         1         4        29         6         1         6         1         1      1191
         4      4113         1         4        30        10         2         0         1         1      1301
         4      4113         1         4        31         4         1         4         1         1      1339
         4      4113         1         4        32        10         2         0         1         1      1203
         4      4113         1         4        33         5         2         5         1         1      1295
         4      4113         1         4        34         2         1         2         1         1      1128
         4      4113         1         4        35         1         2         1         1         1      1303
         4      4113         1         4        36         6         2         6         1         1      2127
         4      4113         1         4        37         8         2         8         1         1      2118
         4      4113         1         4        38         3         1         3         1         1      2669
         4      4113         1         4        39         2         2         2         1         1      1455
         4      4113         1         4        40         1         1         1         1         1      1393
         4      4113         1         5         1         5         2         5         1         1      1367
         4      4113         1         5         2         4         1         4         1         1      1372
         4      4113         1         5         3         9         1         9         1         1      3665
         4      4113         1         5         4         8         1         8         1         1      3226
         4      4113         1         5         5        10         2         0         1         1      3319
         4      4113         1         5         6         8         2         8         1         1      1567
         4      4113         1         5         7         7         1         7         1         1      1500
         4      4113         1         5         8         9         2         9         1         1      3164
         4      4113         1         5         9         4         1         4         1         1      1256
         4      4113         1         5        10         7         1         7         1         1      1411
         4      4113         1         5        11         4         2         4         1         1      1238
         4      4113         1         5        12         7         2         7         1         1      1681
         4      4113         1         5        13         3         1         3         1         1      1066
         4      4113         1         5        14         6         2         6         1         1      7755
         4      4113         1         5        15         1         2         1         1         1      1122
         4      4113         1         5        16         1         1         1         1         1      3826
         4      4113         1         5        17         6         1         6         1         1      1172
         4      4113         1         5        18         2         1         2         1         1      8801
         4      4113         1         5        19        10         1         0         1         1      4044
         4      4113         1         5        20         9         1         9         1         1      1383
         4      4113         1         5        21         3         2         3         1         1      1563
         4      4113         1         5        22         3         2         3         1         1      6983
         4      4113         1         5        23         6         2         6         1         1     14523
         4      4113         1         5        24        10         2         0         1         1      2083
         4      4113         1         5        25         9         2         9         1         1      1228
         4      4113         1         5        26         1         2         1         1         1      1575
         4      4113         1         5        27        10         1         0         1         1      2243
         4      4113         1         5        28         2         1         2         1         1      1222
         4      4113         1         5        29         4         2         4         1         1      1378
         4      4113         1         5        30         5         2         5         1         1      1510
         4      4113         1         5        31         8         2         8         1         1      1846
         4      4113         1         5        32         3         1         3         1         1      1608
         4      4113         1         5        33         2         2         2         1         1      1493
         4      4113         1         5        34         8         1         8         1         1      2325
         4      4113         1         5        35         1         1         1         1         1      1061
         4      4113         1         5        36         6         1         6         1         1      1142
         4      4113         1         5        37         5         1         5         1         1      1509
         4      4113         1         5        38         2         2         2         1         1      1286
         4      4113         1         5        39         5         1         5         1         1      1679
         4      4113         1         5        40         7         2         7         1         1      2808
         4      4113         1         6         1         2         1         2         1         1      1265
         4      4113         1         6         2         8         1         8         1         1      1818
         4      4113         1         6         3         9         1         9         1         1      1885
         4      4113         1         6         4         9         2         9         1         1      1661
         4      4113         1         6         5         5         1         5         1         1     11735
         4      4113         1         6         6         4         1         4         1         1      4397
         4      4113         1         6         7         5         2         5         1         1      6377
         4      4113         1         6         8         3         2         3         1         1      1478
         4      4113         1         6         9         6         2         6         1         1      1814
         4      4113         1         6        10         6         2         6         1         1      1401
         4      4113         1         6        11         1         1         1         1         1      1421
         4      4113         1         6        12         3         2         3         1         1      1216
         4      4113         1         6        13         9         1         9         1         1      2108
         4      4113         1         6        14         1         2         1         1         1      1412
         4      4113         1         6        15         7         2         7         1         1      4295
         4      4113         1         6        16         6         1         6         1         1      1415
         4      4113         1         6        17         5         2         5         1         1      1450
         4      4113         1         6        18         2         1         2         1         1      1196
         4      4113         1         6        19         8         2         8         1         1      2297
         4      4113         1         6        20         2         2         2         1         1      1546
         4      4113         1         6        21         5         1         5         1         1      2344
         4      4113         1         6        22         7         1         7         1         1      2343
         4      4113         1         6        23         8         1         8         1         1      1558
         4      4113         1         6        24         3         1         3         1         1      1460
         4      4113         1         6        25         4         2         4         1         1      1669
         4      4113         1         6        26         7         2         7         1         1      1263
         4      4113         1         6        27         4         1         4         1         1       999
         4      4113         1         6        28         7         1         7         1         1      1548
         4      4113         1         6        29        10         1         0         1         1      1096
         4      4113         1         6        30        10         2         0         1         1      1241
         4      4113         1         6        31        10         2         0         1         1      1029
         4      4113         1         6        32         6         1         6         1         1       967
         4      4113         1         6        33         2         2         2         1         1      1501
         4      4113         1         6        34         1         2         1         1         1      1117
         4      4113         1         6        35         1         1         1         1         1      1517
         4      4113         1         6        36         3         1         3         1         1      1195
         4      4113         1         6        37        10         1         0         1         1      1238
         4      4113         1         6        38         9         2         9         1         1      1457
         4      4113         1         6        39         8         2         8         1         1      3763
         4      4113         1         6        40         4         2         4         1         1      1112
         4      4113         2         1         1         5         2         5         1         0      4290
         4      4113         2         1         2         5         4         5         1         0      6178
         4      4113         2         1         3        10         1         0         1         1      1238
         4      4113         2         1         4         2         1         2         1         1      1313
         4      4113         2         1         5         7         2         7         1         0      3112
         4      4113         2         1         6         9         3         9         1         0      2119
         4      4113         2         1         7         2         3         2         1         0      1824
         4      4113         2         1         8         7         1         7         1         1      2195
         4      4113         2         1         9         7         3         7         1         0      2184
         4      4113         2         1        10         2         4         2         1         0      4093
         4      4113         2         1        11         1         4         1         1         0       805
         4      4113         2         1        12         1         3         1         1         0       736
         4      4113         2         1        13         7         4         8         0         0      3023
         4      4113         2         1        14         3         4         3         1         0      1281
         4      4113         2         1        15         4         2         4         1         0      1289
         4      4113         2         1        16         1         1         1         1         1      1363
         4      4113         2         1        17         6         2         6         1         0      1368
         4      4113         2         1        18         5         3         3         0         0      5533
         4      4113         2         1        19         9         2         9         1         0      2188
         4      4113         2         1        20         3         3         3         1         0      2192
         4      4113         2         1        21        10         2         0         1         0      2694
         4      4113         2         1        22         2         2         2         1         0      1239
         4      4113         2         1        23         3         2         3         1         0      1649
         4      4113         2         1        24         8         4         9         0         0      6395
         4      4113         2         1        25         8         3         8         1         0      1160
         4      4113         2         1        26         5         1         5         1         1      1383
         4      4113         2         1        27         8         2         8         1         0      2076
         4      4113         2         1        28         8         1         8         1         1      2469
         4      4113         2         1        29         9         4         9         1         0      1358
         4      4113         2         1        30         6         3         6         1         0      1811
         4      4113         2         1        31        10         3         7         0         0      5125
         4      4113         2         1        32         4         1         4         1         1      1316
         4      4113         2         1        33         3         1         3         1         1      1035
         4      4113         2         1        34         4         3         4         1         0      1309
         4      4113         2         1        35         9         1         9         1         1      2726
         4      4113         2         1        36         6         4         6         1         0      3221
         4      4113         2         1        37         1         2         1         1         0      1201
         4      4113         2         1        38        10         4         4         0         0      7678
         4      4113         2         1        39         4         4         4         1         0      1334
         4      4113         2         1        40         6         1         6         1         1      1005
         4      4113         2         2         1         8         4         8         1         0      2846
         4      4113         2         2         2         3         3         3         1         0      1448
         4      4113         2         2         3        10         1         0         1         0      3657
         4      4113         2         2         4         1         2         1         1         1      1475
         4      4113         2         2         5         2         2         2         1         1      2341
         4      4113         2         2         6         6         1         6         1         0      2482
         4      4113         2         2         7         8         3         7         0         0      1820
         4      4113         2         2         8         5         2         5         1         1      2335
         4      4113         2         2         9         1         1         1         1         0      1166
         4      4113         2         2        10         6         2         6         1         1      1035
         4      4113         2         2        11         2         4         2         1         0      1134
         4      4113         2         2        12         7         1         7         1         0      1166
         4      4113         2         2        13         2         1         2         1         0      1147
         4      4113         2         2        14         6         4         6         1         0      2569
         4      4113         2         2        15         8         2         7         0         1      2223
         4      4113         2         2        16         6         3         6         1         0      1410
         4      4113         2         2        17         3         1         3         1         0      1270
         4      4113         2         2        18         4         2         4         1         1      2031
         4      4113         2         2        19         7         2         7         1         1      2314
         4      4113         2         2        20         8         1         8         1         0      2025
         4      4113         2         2        21         9         3         9         1         0      1237
         4      4113         2         2        22         9         1         9         1         0      1200
         4      4113         2         2        23         2         3         2         1         0      1149
         4      4113         2         2        24         4         4         4         1         0      1131
         4      4113         2         2        25        10         4         4         0         0      2602
         4      4113         2         2        26         9         2         9         1         1      1167
         4      4113         2         2        27         3         2         3         1         1      1259
         4      4113         2         2        28         4         1         4         1         0      1300
         4      4113         2         2        29         7         4         7         1         0      1948
         4      4113         2         2        30        10         2         0         1         1      1435
         4      4113         2         2        31         5         3         3         0         0      1373
         4      4113         2         2        32         1         4         1         1         0       931
         4      4113         2         2        33         5         4         3         0         0      1337
         4      4113         2         2        34        10         3         2         0         0      2143
         4      4113         2         2        35         3         4         3         1         0      1108
         4      4113         2         2        36         9         4         9         1         0      1236
         4      4113         2         2        37         4         3         4         1         0      1390
         4      4113         2         2        38         7         3         7         1         0      1428
         4      4113         2         2        39         1         3         1         1         0      1142
         4      4113         2         2        40         5         1         5         1         0      1493
         4      4113         2         3         1         9         4         9         1         0      1210
         4      4113         2         3         2         8         4         8         1         0      2245
         4      4113         2         3         3         1         4         1         1         0      1223
         4      4113         2         3         4         3         4         3         1         0      1152
         4      4113         2         3         5         4         3         4         1         0      1134
         4      4113         2         3         6         2         3         2         1         0      1310
         4      4113         2         3         7         1         2         1         1         0      1110
         4      4113         2         3         8         9         2         9         1         0      1238
         4      4113         2         3         9         2         4         2         1         0      1185
         4      4113         2         3        10         2         1         2         1         1       926
         4      4113         2         3        11        10         3         2         0         0     18116
         4      4113         2         3        12        10         2         0         1         0      1116
         4      4113         2         3        13         4         2         4         1         0      1227
         4      4113         2         3        14         3         2         3         1         0       950
         4      4113         2         3        15         1         3         1         1         0      1340
         4      4113         2         3        16         7         2         7         1         0      2754
         4      4113         2         3        17         6         1         6         1         1      1119
         4      4113         2         3        18         7         3         8         0         0      2990
         4      4113         2         3        19         9         3         9         1         0       936
         4      4113         2         3        20         7         1         7         1         1      2459
         4      4113         2         3        21         4         1         4         1         1      1156
         4      4113         2         3        22         5         4         5         1         0      2897
         4      4113         2         3        23         7         4         7         1         0      2808
         4      4113         2         3        24         3         1         3         1         1      1444
         4      4113         2         3        25         5         1         5         1         1      1751
         4      4113         2         3        26         8         1         8         1         1      3501
         4      4113         2         3        27         8         3         8         1         0      4574
         4      4113         2         3        28         9         1         9         1         1      1172
         4      4113         2         3        29         6         2         6         1         0      1217
         4      4113         2         3        30         3         3         3         1         0      1100
         4      4113         2         3        31         5         2         5         1         0      1116
         4      4113         2         3        32         1         1         1         1         1       892
         4      4113         2         3        33        10         4         2         0         0      2581
         4      4113         2         3        34         8         2         7         0         0      5578
         4      4113         2         3        35        10         1         0         1         1      1429
         4      4113         2         3        36         6         3         6         1         0       968
         4      4113         2         3        37         2         2         2         1         0       990
         4      4113         2         3        38         5         3         3         0         0      3667
         4      4113         2         3        39         4         4         4         1         0      1596
         4      4113         2         3        40         6         4         6         1         0      1496
         4      4113         2         4         1         2         1         2         1         0     13105
         4      4113         2         4         2         5         2         5         1         1      2608
         4      4113         2         4         3         4         4         4         1         0      1172
         4      4113         2         4         4         1         3         1         1         0      2209
         4      4113         2         4         5         8         2         7         0         1      2469
         4      4113         2         4         6         6         2         6         1         1      1982
         4      4113         2         4         7         8         3         8         1         0      8395
         4      4113         2         4         8        10         4         2         0         0      1640
         4      4113         2         4         9         5         3         3         0         0      4452
         4      4113         2         4        10         9         3         9         1         0      1246
         4      4113         2         4        11         6         1         6         1         0      1190
         4      4113         2         4        12         9         2         9         1         1      1107
         4      4113         2         4        13         7         4         7         1         0      1651
         4      4113         2         4        14         1         2         1         1         1      1565
         4      4113         2         4        15         5         1         5         1         0      1131
         4      4113         2         4        16         7         1         7         1         0      1418
         4      4113         2         4        17         2         2         2         1         1       990
         4      4113         2         4        18        10         1         0         1         0      2273
         4      4113         2         4        19         3         3         3         1         0      1730
         4      4113         2         4        20         2         4         2         1         0      1049
         4      4113         2         4        21         9         1         9         1         0      1772
         4      4113         2         4        22         2         3         2         1         0      1297
         4      4113         2         4        23         7         3         7         1         0      2313
         4      4113         2         4        24         5         4         5         1         0      3497
         4      4113         2         4        25         6         4         6         1         0      1737
         4      4113         2         4        26         1         1         1         1         0      1424
         4      4113         2         4        27         9         4         9         1         0      1267
         4      4113         2         4        28         8         1         8         1         0      1804
         4      4113         2         4        29        10         2         0         1         1      1473
         4      4113         2         4        30         7         2         7         1         1      1923
         4      4113         2         4        31         6         3         6         1         0      1250
         4      4113         2         4        32         3         4         3         1         0      1355
         4      4113         2         4        33        10         3         2         0         0      2512
         4      4113         2         4        34         4         1         4         1         0       982
         4      4113         2         4        35         1         4         1         1         0      1403
         4      4113         2         4        36         3         1         3         1         0      1278
         4      4113         2         4        37         8         4         8         1         0      2535
         4      4113         2         4        38         3         2         3         1         1      1181
         4      4113         2         4        39         4         3         4         1         0      1352
         4      4113         2         4        40         4         2         4         1         1      1118
