Condition Subject Session Block Trial Subtype Token Response Correct Feedback RT 
         1      1085         1         1         1         2         1         1         0         1      8933
         1      1085         1         1         2        10         2         1         0         1      5700
         1      1085         1         1         3         8         2         1         0         1      4907
         1      1085         1         1         4         7         1         1         0         1      3955
         1      1085         1         1         5         2         1         2         1         1      3233
         1      1085         1         1         6         3         1         7         0         1      6523
         1      1085         1         1         7         1         2         5         0         1      3234
         1      1085         1         1         8         8         1         8         1         1      4460
         1      1085         1         1         9         4         2         2         0         1      3028
         1      1085         1         1        10        10         2         0         1         1      3240
         1      1085         1         1        11         6         1         6         1         1      2194
         1      1085         1         1        12         2         2         9         0         1      4982
         1      1085         1         1        13         3         2         5         0         1      3659
         1      1085         1         1        14         5         2         1         0         1     16628
         1      1085         1         1        15         7         2         7         1         1     11126
         1      1085         1         1        16         7         2         7         1         1      1893
         1      1085         1         1        17         3         1         0         0         1      5989
         1      1085         1         1        18         9         2         9         1         1      2722
         1      1085         1         1        19        10         1         7         0         1      7871
         1      1085         1         1        20         5         1         0         0         1      5521
         1      1085         1         1        21         6         2         6         1         1      2255
         1      1085         1         1        22         6         2         6         1         1      1136
         1      1085         1         1        23         9         1         9         1         1      3629
         1      1085         1         1        24         9         2         9         1         1      1175
         1      1085         1         1        25         4         2         2         0         1      5539
         1      1085         1         1        26         1         1         1         1         1      7281
         1      1085         1         1        27         7         1         7         1         1      5689
         1      1085         1         1        28        10         1         5         0         1      5041
         1      1085         1         1        29         3         2         1         0         1      5555
         1      1085         1         1        30         8         2         8         1         1      1953
         1      1085         1         1        31         5         2         3         0         1      3855
         1      1085         1         1        32         4         1         2         0         1      2753
         1      1085         1         1        33         4         1         4         1         1      1663
         1      1085         1         1        34         9         1         9         1         1      1783
         1      1085         1         1        35         1         2         5         0         1      2555
         1      1085         1         1        36         2         2         2         1         1      4848
         1      1085         1         1        37         6         1         6         1         1      1754
         1      1085         1         1        38         1         1         1         1         1      5934
         1      1085         1         1        39         5         1         5         1         1      4124
         1      1085         1         1        40         8         1         8         1         1      1843
         1      1085         1         2         1         9         2         9         1         1      2875
         1      1085         1         2         2         8         2         8         1         1      1780
         1      1085         1         2         3        10         2         5         0         1      3816
         1      1085         1         2         4         5         2         5         1         1      4923
         1      1085         1         2         5         4         2         2         0         1      2241
         1      1085         1         2         6         7         1         7         1         1      3749
         1      1085         1         2         7         4         2         2         0         1      2058
         1      1085         1         2         8         5         2         5         1         1      2228
         1      1085         1         2         9         7         2         7         1         1      6389
         1      1085         1         2        10         7         2         7         1         1      1089
         1      1085         1         2        11         1         2         5         0         1      5857
         1      1085         1         2        12        10         2         0         1         1      3668
         1      1085         1         2        13         2         1         2         1         1      2349
         1      1085         1         2        14         2         1         2         1         1       763
         1      1085         1         2        15         3         2         3         1         1      3961
         1      1085         1         2        16         8         2         8         1         1      1542
         1      1085         1         2        17         9         2         9         1         1      1476
         1      1085         1         2        18         4         1         4         1         1      5573
         1      1085         1         2        19         9         1         9         1         1      1361
         1      1085         1         2        20         5         1         5         1         1      4022
         1      1085         1         2        21        10         1         3         0         1      5568
         1      1085         1         2        22         3         1         3         1         1      3965
         1      1085         1         2        23         6         2         6         1         1      1578
         1      1085         1         2        24         6         2         6         1         1      1029
         1      1085         1         2        25         2         2         2         1         1      5576
         1      1085         1         2        26         3         2         1         0         1      6805
         1      1085         1         2        27         5         1         5         1         1      5489
         1      1085         1         2        28         6         1         6         1         1      2049
         1      1085         1         2        29         7         1         7         1         1      2412
         1      1085         1         2        30         8         1         8         1         1      2102
         1      1085         1         2        31        10         1         0         1         1      4364
         1      1085         1         2        32         2         2         2         1         1      1833
         1      1085         1         2        33         1         2         3         0         1      1724
         1      1085         1         2        34         8         1         8         1         1      1330
         1      1085         1         2        35         1         1         1         1         1      2584
         1      1085         1         2        36         3         1         3         1         1      5900
         1      1085         1         2        37         9         1         9         1         1      1594
         1      1085         1         2        38         1         1         1         1         1      1316
         1      1085         1         2        39         4         1         4         1         1      2780
         1      1085         1         2        40         6         1         6         1         1      1193
         1      1085         1         3         1        10         2         0         1         1      2596
         1      1085         1         3         2         4         1         4         1         1      3209
         1      1085         1         3         3         7         1         7         1         1      1829
         1      1085         1         3         4         6         2         6         1         1      1975
         1      1085         1         3         5         8         2         8         1         1      1555
         1      1085         1         3         6         7         2         7         1         1      1921
         1      1085         1         3         7         8         1         8         1         1      1071
         1      1085         1         3         8         6         1         6         1         1      1153
         1      1085         1         3         9         3         2         0         0         1      6735
         1      1085         1         3        10         7         1         7         1         1      1678
         1      1085         1         3        11         4         2         2         0         1      5989
         1      1085         1         3        12        10         1         0         1         1      4273
         1      1085         1         3        13         3         1         3         1         1      1937
         1      1085         1         3        14         1         1         1         1         1      1054
         1      1085         1         3        15         1         2         3         0         1      2672
         1      1085         1         3        16         1         2         1         1         1       737
         1      1085         1         3        17         5         1         5         1         1      3167
         1      1085         1         3        18         4         1         2         0         1      5068
         1      1085         1         3        19         1         1         1         1         1       668
         1      1085         1         3        20         2         1         2         1         1      2717
         1      1085         1         3        21         3         2         3         1         1      2075
         1      1085         1         3        22         9         2         9         1         1      2372
         1      1085         1         3        23         4         2         2         0         1      2144
         1      1085         1         3        24         5         1         5         1         1      1846
         1      1085         1         3        25         5         2         3         0         1      1735
         1      1085         1         3        26         5         2         5         1         1      1262
         1      1085         1         3        27        10         2         0         1         1      1688
         1      1085         1         3        28         8         1         8         1         1      1520
         1      1085         1         3        29         9         1         9         1         1      1566
         1      1085         1         3        30         6         1         6         1         1      1451
         1      1085         1         3        31         2         2         2         1         1      3884
         1      1085         1         3        32        10         1         0         1         1      2764
         1      1085         1         3        33         9         2         9         1         1      2008
         1      1085         1         3        34         2         2         2         1         1      1940
         1      1085         1         3        35         7         2         7         1         1      1970
         1      1085         1         3        36         3         1         3         1         1      4496
         1      1085         1         3        37         9         1         9         1         1      2550
         1      1085         1         3        38         8         2         8         1         1      1421
         1      1085         1         3        39         6         2         6         1         1      1375
         1      1085         1         3        40         2         1         2         1         1      2596
         1      1085         1         4         1         6         2         6         1         1      1089
         1      1085         1         4         2         7         2         7         1         1      1729
         1      1085         1         4         3         9         1         9         1         1      1430
         1      1085         1         4         4         4         2         4         1         1      3223
         1      1085         1         4         5         8         2         8         1         1      1747
         1      1085         1         4         6         6         1         6         1         1      1256
         1      1085         1         4         7         5         2         5         1         1      3425
         1      1085         1         4         8         9         2         9         1         1      1381
         1      1085         1         4         9         5         1         5         1         1      2313
         1      1085         1         4        10         1         1         1         1         1      1367
         1      1085         1         4        11         4         2         4         1         1      3563
         1      1085         1         4        12         3         2         3         1         1      4328
         1      1085         1         4        13         7         2         7         1         1      1927
         1      1085         1         4        14         3         1         3         1         1      4118
         1      1085         1         4        15         4         1         4         1         1      2365
         1      1085         1         4        16         2         1         2         1         1      2171
         1      1085         1         4        17         2         2         2         1         1       847
         1      1085         1         4        18         8         1         8         1         1      1673
         1      1085         1         4        19         7         1         7         1         1      1266
         1      1085         1         4        20        10         1         0         1         1      3962
         1      1085         1         4        21         3         1         3         1         1      3767
         1      1085         1         4        22         2         1         2         1         1      2764
         1      1085         1         4        23         6         2         6         1         1      1433
         1      1085         1         4        24        10         2         0         1         1      1435
         1      1085         1         4        25         1         2         1         1         1      2045
         1      1085         1         4        26         3         2         3         1         1      2871
         1      1085         1         4        27         8         2         8         1         1      2895
         1      1085         1         4        28         4         1         4         1         1      1879
         1      1085         1         4        29         5         2         5         1         1      2407
         1      1085         1         4        30         8         1         8         1         1      1474
         1      1085         1         4        31         7         1         7         1         1      2244
         1      1085         1         4        32         1         1         1         1         1      1252
         1      1085         1         4        33         6         1         6         1         1      1918
         1      1085         1         4        34         9         1         9         1         1      1596
         1      1085         1         4        35         1         2         1         1         1      1608
         1      1085         1         4        36        10         1         0         1         1      1218
         1      1085         1         4        37        10         2         0         1         1       765
         1      1085         1         4        38         2         2         2         1         1      5306
         1      1085         1         4        39         5         1         5         1         1      3970
         1      1085         1         4        40         9         2         9         1         1      1327
         1      1085         1         5         1         2         1         2         1         1      2142
         1      1085         1         5         2         7         1         7         1         1      2229
         1      1085         1         5         3         3         1         3         1         1      2248
         1      1085         1         5         4         5         2         4         0         1      1402
         1      1085         1         5         5         4         1         4         1         1      3501
         1      1085         1         5         6         5         1         5         1         1      1613
         1      1085         1         5         7         7         2         7         1         1      1751
         1      1085         1         5         8         2         1         2         1         1      2334
         1      1085         1         5         9         8         1         8         1         1      1659
         1      1085         1         5        10         4         2         4         1         1      2020
         1      1085         1         5        11         9         1         9         1         1      1774
         1      1085         1         5        12        10         1         0         1         1      1073
         1      1085         1         5        13        10         2         0         1         1       659
         1      1085         1         5        14        10         2         0         1         1       965
         1      1085         1         5        15         1         1         1         1         1      1161
         1      1085         1         5        16         1         2         1         1         1       758
         1      1085         1         5        17         3         2         3         1         1      2068
         1      1085         1         5        18         6         1         6         1         1      1484
         1      1085         1         5        19         4         2         4         1         1      2572
         1      1085         1         5        20         5         1         5         1         1      1009
         1      1085         1         5        21         6         2         6         1         1      1124
         1      1085         1         5        22         7         2         7         1         1      1651
         1      1085         1         5        23         9         2         9         1         1      1740
         1      1085         1         5        24        10         1         0         1         1      1233
         1      1085         1         5        25         8         2         8         1         1      1372
         1      1085         1         5        26         5         2         5         1         1      1857
         1      1085         1         5        27         8         2         8         1         1      1459
         1      1085         1         5        28         9         2         9         1         1       948
         1      1085         1         5        29         1         1         1         1         1      1209
         1      1085         1         5        30         3         1         3         1         1      1972
         1      1085         1         5        31         6         1         6         1         1      1297
         1      1085         1         5        32         2         2         2         1         1      2249
         1      1085         1         5        33         3         2         3         1         1      1131
         1      1085         1         5        34         6         2         6         1         1      1577
         1      1085         1         5        35         1         2         1         1         1      1157
         1      1085         1         5        36         9         1         9         1         1      1218
         1      1085         1         5        37         8         1         8         1         1      2508
         1      1085         1         5        38         7         1         7         1         1      1924
         1      1085         1         5        39         4         1         4         1         1      2197
         1      1085         1         5        40         2         2         2         1         1      1448
         1      1085         1         6         1         1         2         1         1         1      1191
         1      1085         1         6         2        10         1         0         1         1      8514
         1      1085         1         6         3         5         2         5         1         1      2073
         1      1085         1         6         4         8         1         8         1         1      1554
         1      1085         1         6         5         8         2         8         1         1      1376
         1      1085         1         6         6         9         1         9         1         1      1268
         1      1085         1         6         7         3         2         3         1         1      1245
         1      1085         1         6         8         7         2         7         1         1      1446
         1      1085         1         6         9         4         2         4         1         1      2375
         1      1085         1         6        10         4         2         4         1         1       643
         1      1085         1         6        11         8         2         8         1         1      1350
         1      1085         1         6        12         6         1         6         1         1      1275
         1      1085         1         6        13         7         2         7         1         1      1412
         1      1085         1         6        14         2         2         2         1         1      1558
         1      1085         1         6        15         6         2         6         1         1       995
         1      1085         1         6        16         8         1         8         1         1      1334
         1      1085         1         6        17         3         1         3         1         1      1772
         1      1085         1         6        18         1         1         1         1         1      1008
         1      1085         1         6        19         4         1         4         1         1      1156
         1      1085         1         6        20         1         2         1         1         1      1506
         1      1085         1         6        21         2         1         2         1         1      2594
         1      1085         1         6        22        10         2         0         1         1      1286
         1      1085         1         6        23         6         1         6         1         1      1502
         1      1085         1         6        24         2         2         2         1         1       894
         1      1085         1         6        25         1         1         1         1         1       677
         1      1085         1         6        26         5         1         5         1         1      1174
         1      1085         1         6        27         7         1         7         1         1      2403
         1      1085         1         6        28         7         1         7         1         1       911
         1      1085         1         6        29        10         1         0         1         1      1205
         1      1085         1         6        30         9         2         9         1         1      2561
         1      1085         1         6        31         4         1         4         1         1      1527
         1      1085         1         6        32         5         1         5         1         1       949
         1      1085         1         6        33         3         1         3         1         1      1419
         1      1085         1         6        34         5         2         5         1         1       846
         1      1085         1         6        35         9         1         9         1         1      1063
         1      1085         1         6        36         2         1         2         1         1      1240
         1      1085         1         6        37         3         2         3         1         1      1090
         1      1085         1         6        38         6         2         6         1         1      1442
         1      1085         1         6        39        10         2         0         1         1      1045
         1      1085         1         6        40         9         2         9         1         1      1030
         1      1085         2         1         1        10         4         0         1         0     12249
         1      1085         2         1         2         5         4         5         1         0      7291
         1      1085         2         1         3         1         2         1         1         0      1363
         1      1085         2         1         4         2         1         2         1         1      1144
         1      1085         2         1         5         8         2         8         1         0      1798
         1      1085         2         1         6         4         1         4         1         1      1609
         1      1085         2         1         7         9         3         9         1         0      3702
         1      1085         2         1         8         2         4         4         0         0      2508
         1      1085         2         1         9        10         3         0         1         0      1971
         1      1085         2         1        10         8         4         8         1         0      1631
         1      1085         2         1        11         7         3         7         1         0      2073
         1      1085         2         1        12         3         1         3         1         1      1490
         1      1085         2         1        13         7         1         7         1         1      1155
         1      1085         2         1        14         9         4         8         0         0      1312
         1      1085         2         1        15         1         4         3         0         0      6247
         1      1085         2         1        16         5         1         5         1         1      1160
         1      1085         2         1        17         3         3         3         1         0      2278
         1      1085         2         1        18         3         4         3         1         0      3335
         1      1085         2         1        19         6         1         6         1         1      1069
         1      1085         2         1        20         9         2         9         1         0      1005
         1      1085         2         1        21         8         3         8         1         0      1169
         1      1085         2         1        22         7         4         5         0         0      6157
         1      1085         2         1        23        10         2         0         1         0      1139
         1      1085         2         1        24         6         4         6         1         0      1184
         1      1085         2         1        25         2         3         2         1         0      2156
         1      1085         2         1        26         7         2         7         1         0      1521
         1      1085         2         1        27         4         3         3         0         0      7649
         1      1085         2         1        28         4         2         2         0         0      5337
         1      1085         2         1        29         9         1         9         1         1      1119
         1      1085         2         1        30         1         3         5         0         0      4493
         1      1085         2         1        31         5         3         5         1         0      1893
         1      1085         2         1        32         6         2         6         1         0       981
         1      1085         2         1        33         3         2         3         1         0      1881
         1      1085         2         1        34         8         1         8         1         1      1129
         1      1085         2         1        35         2         2         2         1         0      2184
         1      1085         2         1        36        10         1         0         1         1      1082
         1      1085         2         1        37         1         1         1         1         1      1258
         1      1085         2         1        38         5         2         5         1         0      1236
         1      1085         2         1        39         4         4         4         1         0      5102
         1      1085         2         1        40         6         3         6         1         0      3406
         1      1085         2         2         1         3         1         3         1         0      1756
         1      1085         2         2         2         2         1         2         1         0      2578
         1      1085         2         2         3         2         2         2         1         1       662
         1      1085         2         2         4         3         2         3         1         1       839
         1      1085         2         2         5         8         3         8         1         0       993
         1      1085         2         2         6        10         3         0         1         0      2708
         1      1085         2         2         7         6         1         6         1         0      1028
         1      1085         2         2         8         1         2         1         1         1     11510
         1      1085         2         2         9         4         2         4         1         1      3877
         1      1085         2         2        10         2         3         2         1         0      2022
         1      1085         2         2        11         1         3         1         1         0      2608
         1      1085         2         2        12         1         1         1         1         0       595
         1      1085         2         2        13         9         4         9         1         0      2422
         1      1085         2         2        14         8         2         8         1         1      1041
         1      1085         2         2        15         6         3         6         1         0      1123
         1      1085         2         2        16         9         3         9         1         0      1185
         1      1085         2         2        17         6         2         6         1         1      1085
         1      1085         2         2        18         5         3         5         1         0      2013
         1      1085         2         2        19         5         1         5         1         0       759
         1      1085         2         2        20         7         1         7         1         0      1222
         1      1085         2         2        21         6         4         6         1         0       976
         1      1085         2         2        22         9         1         9         1         0      1171
         1      1085         2         2        23         5         4         5         1         0      2767
         1      1085         2         2        24         7         3         7         1         0      1052
         1      1085         2         2        25         8         1         8         1         0      1037
         1      1085         2         2        26         3         3         3         1         0      7296
         1      1085         2         2        27        10         1         0         1         0      1287
         1      1085         2         2        28         7         2         7         1         1      1198
         1      1085         2         2        29         4         3         4         1         0      9195
         1      1085         2         2        30         9         2         9         1         1      1271
         1      1085         2         2        31         8         4         8         1         0      1695
         1      1085         2         2        32        10         4         0         1         0      2567
         1      1085         2         2        33        10         2         0         1         1       732
         1      1085         2         2        34         4         1         4         1         0      1595
         1      1085         2         2        35         4         4         4         1         0      1975
         1      1085         2         2        36         7         4         5         0         0      1604
         1      1085         2         2        37         1         4         1         1         0      4111
         1      1085         2         2        38         2         4         2         1         0      6502
         1      1085         2         2        39         3         4         3         1         0      1117
         1      1085         2         2        40         5         2         5         1         1      1612
         1      1085         2         3         1         6         3         6         1         0      2668
         1      1085         2         3         2         4         4         2         0         0      4606
         1      1085         2         3         3        10         4         0         1         0      1250
         1      1085         2         3         4         9         4         9         1         0      1963
         1      1085         2         3         5         8         4         8         1         0      1560
         1      1085         2         3         6         9         1         9         1         1      1236
         1      1085         2         3         7         1         1         1         1         1      1822
         1      1085         2         3         8         1         3         3         0         0      6703
         1      1085         2         3         9         5         1         5         1         1      1391
         1      1085         2         3        10         4         3         3         0         0      5987
         1      1085         2         3        11         5         2         5         1         0      2447
         1      1085         2         3        12         3         1         3         1         1      2649
         1      1085         2         3        13         5         4         5         1         0      2186
         1      1085         2         3        14         7         4         5         0         0      4205
         1      1085         2         3        15         9         3         9         1         0      2689
         1      1085         2         3        16         1         4         1         1         0      2449
         1      1085         2         3        17         6         1         6         1         1      1114
         1      1085         2         3        18        10         3         0         1         0      1848
         1      1085         2         3        19         3         4         3         1         0      1786
         1      1085         2         3        20         3         3         3         1         0      4975
         1      1085         2         3        21         3         2         3         1         0       867
         1      1085         2         3        22         2         2         2         1         0      1100
         1      1085         2         3        23        10         1         0         1         1      1019
         1      1085         2         3        24         7         3         7         1         0      1214
         1      1085         2         3        25         6         4         6         1         0      1191
         1      1085         2         3        26         2         1         4         0         1      3219
         1      1085         2         3        27         4         1         4         1         1      1551
         1      1085         2         3        28         1         2         1         1         0      1132
         1      1085         2         3        29         7         1         7         1         1      1003
         1      1085         2         3        30         8         3         8         1         0       926
         1      1085         2         3        31         6         2         6         1         0      1124
         1      1085         2         3        32         7         2         7         1         0      1059
         1      1085         2         3        33         5         3         5         1         0      2740
         1      1085         2         3        34         8         1         8         1         1      1746
         1      1085         2         3        35        10         2         0         1         0      1192
         1      1085         2         3        36         9         2         9         1         0      1044
         1      1085         2         3        37         4         2         4         1         0      2901
         1      1085         2         3        38         8         2         8         1         0      1021
         1      1085         2         3        39         2         3         2         1         0      1695
         1      1085         2         3        40         2         4         4         0         0      2454
         1      1085         2         4         1         1         1         1         1         0       788
         1      1085         2         4         2         5         3         5         1         0      1616
         1      1085         2         4         3         4         3         4         1         0      4283
         1      1085         2         4         4         7         3         7         1         0      1211
         1      1085         2         4         5         9         1         9         1         0      1349
         1      1085         2         4         6         6         4         6         1         0      1097
         1      1085         2         4         7        10         4         0         1         0      1145
         1      1085         2         4         8         2         4         2         1         0      4934
         1      1085         2         4         9         8         1         8         1         0      2380
         1      1085         2         4        10         9         4         9         1         0      2039
         1      1085         2         4        11        10         3         0         1         0      1040
         1      1085         2         4        12         6         3         6         1         0      1538
         1      1085         2         4        13         7         4         5         0         0      5153
         1      1085         2         4        14         2         1         4         0         0      3966
         1      1085         2         4        15         1         2         1         1         1      1339
         1      1085         2         4        16         7         1         7         1         0      1106
         1      1085         2         4        17         9         2         9         1         1      1265
         1      1085         2         4        18         5         1         5         1         0      1162
         1      1085         2         4        19         1         3         1         1         0      3239
         1      1085         2         4        20         9         3         9         1         0      1409
         1      1085         2         4        21         6         1         6         1         0      1124
         1      1085         2         4        22        10         1         0         1         0      1170
         1      1085         2         4        23         8         4         8         1         0      1103
         1      1085         2         4        24         2         2         2         1         1      1822
         1      1085         2         4        25         2         3         2         1         0      1201
         1      1085         2         4        26        10         2         0         1         1      1469
         1      1085         2         4        27         4         1         4         1         0      1710
         1      1085         2         4        28         3         2         3         1         1      2326
         1      1085         2         4        29         1         4         1         1         0      1493
         1      1085         2         4        30         3         4         3         1         0      1205
         1      1085         2         4        31         8         3         8         1         0      1120
         1      1085         2         4        32         4         2         4         1         1      2894
         1      1085         2         4        33         5         2         5         1         1      3381
         1      1085         2         4        34         7         2         7         1         1      2537
         1      1085         2         4        35         3         1         3         1         0      1759
         1      1085         2         4        36         6         2         6         1         1      1157
         1      1085         2         4        37         3         3         3         1         0      2723
         1      1085         2         4        38         8         2         8         1         1      1409
         1      1085         2         4        39         4         4         4         1         0      2693
         1      1085         2         4        40         5         4         5         1         0      2069
