Condition Subject Session Block Trial Subtype Token Response Correct Feedback RT 
         2      2111         1         1         1         2         2         2         1         1      3865
         2      2111         1         1         2         7         1         0         0         1     47902
         2      2111         1         1         3         2         2         2         1         1      3086
         2      2111         1         1         4         9         2         2         0         1      4928
         2      2111         1         1         5         4         2         2         0         1      3766
         2      2111         1         1         6         1         1         6         0         1      8939
         2      2111         1         1         7         5         2         8         0         1      4577
         2      2111         1         1         8         4         1         6         0         1      7158
         2      2111         1         1         9         2         1         2         1         1      2932
         2      2111         1         1        10         1         2         7         0         1      6649
         2      2111         1         1        11         5         1         5         1         1      2666
         2      2111         1         1        12         3         2         9         0         1      6506
         2      2111         1         1        13         1         1         7         0         1      4178
         2      2111         1         1        14         3         1         5         0         1      5782
         2      2111         1         1        15         8         2         8         1         1      2939
         2      2111         1         1        16        10         2         0         1         1      3714
         2      2111         1         1        17         7         1         9         0         1      8841
         2      2111         1         1        18         3         2         3         1         1      3443
         2      2111         1         1        19         4         1         7         0         1     12101
         2      2111         1         1        20         1         2         1         1         1      2588
         2      2111         1         1        21         3         1         3         1         1      4849
         2      2111         1         1        22         6         1         4         0         1      7371
         2      2111         1         1        23         7         2         0         0         1      2480
         2      2111         1         1        24         8         1         0         0         1      8520
         2      2111         1         1        25         6         2         3         0         1      7856
         2      2111         1         1        26         9         2         0         0         1      2658
         2      2111         1         1        27         9         1         1         0         1      7301
         2      2111         1         1        28        10         2         0         1         1      1789
         2      2111         1         1        29         6         2         6         1         1      2546
         2      2111         1         1        30         6         1         6         1         1      5880
         2      2111         1         1        31        10         1         0         1         1      1689
         2      2111         1         1        32         9         1         7         0         1      5330
         2      2111         1         1        33         2         1         2         1         1      1912
         2      2111         1         1        34         8         2         8         1         1      3206
         2      2111         1         1        35        10         1         0         1         1      1523
         2      2111         1         1        36         5         2         5         1         1      2066
         2      2111         1         1        37         4         2         9         0         1      6811
         2      2111         1         1        38         8         1         4         0         1      7032
         2      2111         1         1        39         7         2         7         1         1      4506
         2      2111         1         1        40         5         1         5         1         1      3537
         2      2111         1         2         1         6         2         6         1         1      8104
         2      2111         1         2         2         9         2         2         0         1      4081
         2      2111         1         2         3         1         1         1         1         1      4184
         2      2111         1         2         4         1         2         1         1         1      1612
         2      2111         1         2         5         4         1         4         1         1      5735
         2      2111         1         2         6         3         2         8         0         1      8638
         2      2111         1         2         7         8         1         8         1         1      3585
         2      2111         1         2         8         7         2         7         1         1      3598
         2      2111         1         2         9         8         2         8         1         1      4634
         2      2111         1         2        10        10         1         0         1         1      1805
         2      2111         1         2        11         8         1         8         1         1      3601
         2      2111         1         2        12         4         2         9         0         1      6045
         2      2111         1         2        13         4         2         4         1         1      2552
         2      2111         1         2        14        10         2         0         1         1      3039
         2      2111         1         2        15         8         2         8         1         1      4080
         2      2111         1         2        16         5         1         5         1         1      3208
         2      2111         1         2        17         1         2         1         1         1      2706
         2      2111         1         2        18        10         1         0         1         1      1572
         2      2111         1         2        19         2         2         2         1         1      2064
         2      2111         1         2        20         1         1         1         1         1      1801
         2      2111         1         2        21         7         2         7         1         1      2718
         2      2111         1         2        22         6         1         6         1         1      2301
         2      2111         1         2        23         5         2         5         1         1      2445
         2      2111         1         2        24         3         1         3         1         1      8167
         2      2111         1         2        25         7         1         9         0         1      3469
         2      2111         1         2        26         2         2         2         1         1      1519
         2      2111         1         2        27         5         1         5         1         1      1661
         2      2111         1         2        28         5         2         5         1         1      3094
         2      2111         1         2        29         6         2         6         1         1      2375
         2      2111         1         2        30         3         1         7         0         1      3221
         2      2111         1         2        31         2         1         2         1         1      2785
         2      2111         1         2        32         9         1         1         0         1      3582
         2      2111         1         2        33         9         2         9         1         1      3594
         2      2111         1         2        34         6         1         6         1         1      1687
         2      2111         1         2        35         4         1         4         1         1      2832
         2      2111         1         2        36         7         1         9         0         1      2539
         2      2111         1         2        37         3         2         7         0         1      5233
         2      2111         1         2        38         9         1         1         0         1      7389
         2      2111         1         2        39        10         2         0         1         1      1747
         2      2111         1         2        40         2         1         2         1         1      1257
         2      2111         1         3         1         9         2         9         1         1      5858
         2      2111         1         3         2        10         2         0         1         1      2101
         2      2111         1         3         3         5         2         5         1         1      1485
         2      2111         1         3         4         1         2         1         1         1      1565
         2      2111         1         3         5         2         1         2         1         1      1323
         2      2111         1         3         6         7         1         9         0         1      2418
         2      2111         1         3         7         3         1         3         1         1      2414
         2      2111         1         3         8         5         1         5         1         1      2248
         2      2111         1         3         9         4         1         4         1         1      2202
         2      2111         1         3        10         2         1         2         1         1      1390
         2      2111         1         3        11         3         1         3         1         1      5252
         2      2111         1         3        12        10         2         0         1         1      1742
         2      2111         1         3        13         6         2         6         1         1      1894
         2      2111         1         3        14         5         2         5         1         1      2614
         2      2111         1         3        15         8         1         8         1         1      2346
         2      2111         1         3        16         3         2         3         1         1      5304
         2      2111         1         3        17         1         2         1         1         1      1344
         2      2111         1         3        18         3         2         3         1         1      2645
         2      2111         1         3        19         6         1         6         1         1      1720
         2      2111         1         3        20         8         1         8         1         1      4975
         2      2111         1         3        21         4         2         9         0         1      3333
         2      2111         1         3        22         8         2         8         1         1      4667
         2      2111         1         3        23         7         2         9         0         1      4029
         2      2111         1         3        24         8         2         8         1         1      1703
         2      2111         1         3        25         9         2         9         1         1      3455
         2      2111         1         3        26         6         2         6         1         1      1890
         2      2111         1         3        27         5         1         5         1         1      1505
         2      2111         1         3        28         6         1         6         1         1      3233
         2      2111         1         3        29         4         2         4         1         1      3821
         2      2111         1         3        30         9         1         7         0         1      6113
         2      2111         1         3        31        10         1         0         1         1      1641
         2      2111         1         3        32         9         1         9         1         1      3780
         2      2111         1         3        33         2         2         2         1         1      1945
         2      2111         1         3        34         1         1         1         1         1      1734
         2      2111         1         3        35         7         1         7         1         1      2173
         2      2111         1         3        36         1         1         1         1         1      1746
         2      2111         1         3        37         4         1         4         1         1      2519
         2      2111         1         3        38         7         2         9         0         1      3215
         2      2111         1         3        39        10         1         0         1         1      1739
         2      2111         1         3        40         2         2         2         1         1      1522
         2      2111         1         4         1         7         2         7         1         1      4814
         2      2111         1         4         2         3         2         3         1         1      2825
         2      2111         1         4         3        10         2         0         1         1      2197
         2      2111         1         4         4         5         2         5         1         1      2105
         2      2111         1         4         5        10         1         0         1         1      1698
         2      2111         1         4         6         4         2         4         1         1      1690
         2      2111         1         4         7         7         1         7         1         1      2083
         2      2111         1         4         8         5         1         5         1         1      1994
         2      2111         1         4         9        10         1         0         1         1      1447
         2      2111         1         4        10         6         2         6         1         1      2410
         2      2111         1         4        11         3         2         3         1         1      2133
         2      2111         1         4        12         1         1         1         1         1      1451
         2      2111         1         4        13         9         2         9         1         1      7742
         2      2111         1         4        14         2         2         2         1         1      1604
         2      2111         1         4        15         6         2         6         1         1      1729
         2      2111         1         4        16         1         1         1         1         1      1367
         2      2111         1         4        17         8         1         8         1         1      2076
         2      2111         1         4        18         8         1         8         1         1      3046
         2      2111         1         4        19         8         2         8         1         1      1976
         2      2111         1         4        20         7         2         7         1         1      2598
         2      2111         1         4        21         4         1         4         1         1      1962
         2      2111         1         4        22         3         1         3         1         1      4183
         2      2111         1         4        23         6         1         6         1         1      1964
         2      2111         1         4        24         6         1         6         1         1      1961
         2      2111         1         4        25         1         2         1         1         1      1782
         2      2111         1         4        26         4         1         4         1         1      1819
         2      2111         1         4        27         5         1         5         1         1      1628
         2      2111         1         4        28         5         2         5         1         1      1719
         2      2111         1         4        29         7         1         7         1         1      2703
         2      2111         1         4        30         2         2         2         1         1      1535
         2      2111         1         4        31         9         1         9         1         1      2846
         2      2111         1         4        32         4         2         4         1         1      4040
         2      2111         1         4        33         9         2         7         0         1      2260
         2      2111         1         4        34         1         2         1         1         1      1733
         2      2111         1         4        35        10         2         0         1         1      2477
         2      2111         1         4        36         9         1         9         1         1      2374
         2      2111         1         4        37         2         1         2         1         1      3540
         2      2111         1         4        38         2         1         2         1         1      2035
         2      2111         1         4        39         3         1         3         1         1      1791
         2      2111         1         4        40         8         2         8         1         1      3123
         2      2111         1         5         1         7         1         7         1         1      2271
         2      2111         1         5         2        10         1         0         1         1      1345
         2      2111         1         5         3         4         2         4         1         1      1960
         2      2111         1         5         4         3         2         3         1         1      2422
         2      2111         1         5         5         6         1         6         1         1      1553
         2      2111         1         5         6         8         2         8         1         1      1968
         2      2111         1         5         7         8         2         8         1         1      2012
         2      2111         1         5         8         4         1         4         1         1      1831
         2      2111         1         5         9         9         1         9         1         1      4378
         2      2111         1         5        10         3         1         3         1         1      1623
         2      2111         1         5        11         2         2         2         1         1      1346
         2      2111         1         5        12         2         1         2         1         1      2041
         2      2111         1         5        13         5         2         5         1         1      1923
         2      2111         1         5        14         3         1         3         1         1      2323
         2      2111         1         5        15         4         2         4         1         1      1811
         2      2111         1         5        16         2         2         2         1         1      1350
         2      2111         1         5        17        10         1         0         1         1      1869
         2      2111         1         5        18         1         1         1         1         1      1502
         2      2111         1         5        19         7         2         7         1         1      5839
         2      2111         1         5        20         1         1         1         1         1      1488
         2      2111         1         5        21         9         1         9         1         1      2737
         2      2111         1         5        22         6         1         6         1         1      2048
         2      2111         1         5        23         4         1         4         1         1      2106
         2      2111         1         5        24         2         1         2         1         1      2514
         2      2111         1         5        25         8         1         8         1         1      3050
         2      2111         1         5        26         6         2         6         1         1      1997
         2      2111         1         5        27         8         1         8         1         1      2442
         2      2111         1         5        28         5         2         5         1         1      1828
         2      2111         1         5        29        10         2         0         1         1      1895
         2      2111         1         5        30         6         2         6         1         1      6183
         2      2111         1         5        31         5         1         5         1         1      6442
         2      2111         1         5        32         9         2         9         1         1      3990
         2      2111         1         5        33         3         2         3         1         1      1746
         2      2111         1         5        34         1         2         1         1         1      1880
         2      2111         1         5        35         7         1         7         1         1      3753
         2      2111         1         5        36         7         2         7         1         1      2576
         2      2111         1         5        37         1         2         1         1         1      1572
         2      2111         1         5        38         9         2         9         1         1      3106
         2      2111         1         5        39         5         1         5         1         1      2880
         2      2111         1         5        40        10         2         0         1         1      2346
         2      2111         1         6         1         7         1         7         1         1      1761
         2      2111         1         6         2         3         1         3         1         1      2071
         2      2111         1         6         3         4         1         4         1         1      2128
         2      2111         1         6         4         3         2         3         1         1      1654
         2      2111         1         6         5         2         1         2         1         1      1649
         2      2111         1         6         6         8         2         8         1         1      2602
         2      2111         1         6         7         9         1         9         1         1      8318
         2      2111         1         6         8         1         1         1         1         1      2733
         2      2111         1         6         9        10         1         0         1         1      1902
         2      2111         1         6        10        10         1         0         1         1      1599
         2      2111         1         6        11         2         2         2         1         1      1370
         2      2111         1         6        12        10         2         0         1         1      8560
         2      2111         1         6        13         7         2         7         1         1      6726
         2      2111         1         6        14         2         2         2         1         1      1701
         2      2111         1         6        15         2         1         2         1         1      1565
         2      2111         1         6        16         6         2         6         1         1      1883
         2      2111         1         6        17         4         2         4         1         1      1836
         2      2111         1         6        18         4         2         4         1         1      1710
         2      2111         1         6        19         3         2         3         1         1      1974
         2      2111         1         6        20         3         1         3         1         1      1700
         2      2111         1         6        21         9         1         9         1         1      4316
         2      2111         1         6        22         8         1         8         1         1      3260
         2      2111         1         6        23        10         2         0         1         1      1655
         2      2111         1         6        24         7         1         7         1         1      1794
         2      2111         1         6        25         9         2         9         1         1      2918
         2      2111         1         6        26         8         2         8         1         1      6397
         2      2111         1         6        27         5         2         5         1         1      1594
         2      2111         1         6        28         1         2         1         1         1      1781
         2      2111         1         6        29         9         2         9         1         1      4842
         2      2111         1         6        30         8         1         8         1         1      2628
         2      2111         1         6        31         5         1         5         1         1      2455
         2      2111         1         6        32         6         2         6         1         1      1633
         2      2111         1         6        33         5         2         5         1         1      2476
         2      2111         1         6        34         5         1         5         1         1      1556
         2      2111         1         6        35         6         1         6         1         1      1778
         2      2111         1         6        36         6         1         6         1         1      1383
         2      2111         1         6        37         4         1         4         1         1      1851
         2      2111         1         6        38         1         1         1         1         1      1979
         2      2111         1         6        39         7         2         9         0         1      7065
         2      2111         1         6        40         1         2         1         1         1      1401
         2      2111         2         1         1         6         3         3         0         0     20202
         2      2111         2         1         2        10         3         0         1         0      4848
         2      2111         2         1         3         4         3         4         1         0      2490
         2      2111         2         1         4         7         1         7         1         1      2195
         2      2111         2         1         5         3         4         4         0         0      4663
         2      2111         2         1         6         2         3         2         1         0      1864
         2      2111         2         1         7         7         4         4         0         0      7849
         2      2111         2         1         8        10         1         0         1         1      1564
         2      2111         2         1         9         9         4         2         0         0      4506
         2      2111         2         1        10         3         2         3         1         0      2114
         2      2111         2         1        11         8         1         8         1         1      1914
         2      2111         2         1        12         8         3         8         1         0      5784
         2      2111         2         1        13         1         1         1         1         1      1548
         2      2111         2         1        14         9         1         9         1         1      3739
         2      2111         2         1        15         2         2         2         1         0      1634
         2      2111         2         1        16         2         4         2         1         0      1916
         2      2111         2         1        17        10         4         9         0         0      7227
         2      2111         2         1        18         8         4         8         1         0     13942
         2      2111         2         1        19         5         4         5         1         0      7701
         2      2111         2         1        20         9         3         9         1         0      6014
         2      2111         2         1        21         5         1         5         1         1      2072
         2      2111         2         1        22         6         1         6         1         1      2721
         2      2111         2         1        23         5         3         5         1         0      2816
         2      2111         2         1        24         7         2         7         1         0      3419
         2      2111         2         1        25         4         4         4         1         0      5757
         2      2111         2         1        26         6         4         4         0         0      5123
         2      2111         2         1        27         4         1         4         1         1      2563
         2      2111         2         1        28         3         3         0         0         0     10041
         2      2111         2         1        29         9         2         9         1         0      3349
         2      2111         2         1        30         2         1         2         1         1      1628
         2      2111         2         1        31         7         3         4         0         0      3607
         2      2111         2         1        32         1         2         1         1         0      1378
         2      2111         2         1        33         1         3         9         0         0      5400
         2      2111         2         1        34         8         2         8         1         0      2347
         2      2111         2         1        35         6         2         6         1         0      6297
         2      2111         2         1        36         1         4         1         1         0      1962
         2      2111         2         1        37         3         1         3         1         1      2071
         2      2111         2         1        38         5         2         5         1         0      1889
         2      2111         2         1        39         4         2         4         1         0      2097
         2      2111         2         1        40        10         2         0         1         0      2347
         2      2111         2         2         1         2         1         2         1         0      1486
         2      2111         2         2         2         4         4         4         1         0      3965
         2      2111         2         2         3         4         1         4         1         0      2314
         2      2111         2         2         4         4         3         4         1         0      3225
         2      2111         2         2         5         1         1         1         1         0      2116
         2      2111         2         2         6         9         3         9         1         0      2844
         2      2111         2         2         7         2         4         2         1         0      2726
         2      2111         2         2         8         7         3         4         0         0      3286
         2      2111         2         2         9         1         3         9         0         0      3039
         2      2111         2         2        10         7         2         7         1         1      3779
         2      2111         2         2        11         4         2         4         1         1      3367
         2      2111         2         2        12         6         1         6         1         0      4236
         2      2111         2         2        13         9         1         9         1         0      7872
         2      2111         2         2        14         6         3         6         1         0      7682
         2      2111         2         2        15         9         4         9         1         0      6058
         2      2111         2         2        16         2         2         2         1         1      2100
         2      2111         2         2        17         9         2         9         1         1      3564
         2      2111         2         2        18         2         3         2         1         0      3114
         2      2111         2         2        19         1         2         1         1         1      2040
         2      2111         2         2        20         1         4         1         1         0      1940
         2      2111         2         2        21         3         3         3         1         0     18211
         2      2111         2         2        22         5         3         5         1         0      7253
         2      2111         2         2        23         5         2         5         1         1      1583
         2      2111         2         2        24         3         4         4         0         0      7276
         2      2111         2         2        25         8         3         8         1         0      2100
         2      2111         2         2        26         7         1         7         1         0      2364
         2      2111         2         2        27         6         2         6         1         1      2170
         2      2111         2         2        28        10         1         0         1         0      1584
         2      2111         2         2        29        10         3         0         1         0      1790
         2      2111         2         2        30         8         2         8         1         1      1826
         2      2111         2         2        31         8         4         8         1         0      6070
         2      2111         2         2        32         3         2         3         1         1      1951
         2      2111         2         2        33         5         4         7         0         0      3725
         2      2111         2         2        34         3         1         3         1         0      1733
         2      2111         2         2        35         7         4         9         0         0     10588
         2      2111         2         2        36         8         1         8         1         0      1570
         2      2111         2         2        37         6         4         6         1         0      9919
         2      2111         2         2        38         5         1         5         1         0      1869
         2      2111         2         2        39        10         2         0         1         1      1711
         2      2111         2         2        40        10         4         0         1         0      2326
         2      2111         2         3         1         6         4         6         1         0      2063
         2      2111         2         3         2         1         1         1         1         1      1496
         2      2111         2         3         3         3         4         4         0         0     12663
         2      2111         2         3         4        10         3         0         1         0      1978
         2      2111         2         3         5         9         4         9         1         0      3478
         2      2111         2         3         6         2         1         2         1         1      1528
         2      2111         2         3         7         8         4         8         1         0      2310
         2      2111         2         3         8         7         1         7         1         1      1879
         2      2111         2         3         9         3         1         3         1         1      1544
         2      2111         2         3        10        10         1         0         1         1      1526
         2      2111         2         3        11         1         4         1         1         0      2262
         2      2111         2         3        12        10         2         0         1         0      1544
         2      2111         2         3        13         6         2         6         1         0      2743
         2      2111         2         3        14         5         3         5         1         0      7749
         2      2111         2         3        15         6         1         6         1         1      2283
         2      2111         2         3        16         7         3         4         0         0      4156
         2      2111         2         3        17         4         2         4         1         0      2018
         2      2111         2         3        18         6         3         6         1         0      2733
         2      2111         2         3        19         1         2         1         1         0      1819
         2      2111         2         3        20         5         2         5         1         0      2975
         2      2111         2         3        21         2         2         2         1         0      8148
         2      2111         2         3        22         5         4         3         0         0      9337
         2      2111         2         3        23         4         4         4         1         0      1870
         2      2111         2         3        24         5         1         5         1         1      1662
         2      2111         2         3        25         2         4         2         1         0      1559
         2      2111         2         3        26         2         3         2         1         0      2021
         2      2111         2         3        27         4         3         4         1         0      1937
         2      2111         2         3        28         7         2         7         1         0      8383
         2      2111         2         3        29         1         3         4         0         0      3532
         2      2111         2         3        30         9         2         9         1         0      5164
         2      2111         2         3        31         8         1         8         1         1      3034
         2      2111         2         3        32         7         4         7         1         0     28332
         2      2111         2         3        33        10         4         0         1         0      2443
         2      2111         2         3        34         3         3         0         0         0      9974
         2      2111         2         3        35         4         1         4         1         1      2147
         2      2111         2         3        36         8         2         8         1         0      1961
         2      2111         2         3        37         8         3         8         1         0      1877
         2      2111         2         3        38         9         1         9         1         1      3190
         2      2111         2         3        39         3         2         3         1         0      1827
         2      2111         2         3        40         9         3         9         1         0      2150
         2      2111         2         4         1         8         3         8         1         0      7813
         2      2111         2         4         2         3         3         0         0         0      2121
         2      2111         2         4         3         4         1         4         1         0      1569
         2      2111         2         4         4        10         2         0         1         1      2303
         2      2111         2         4         5         1         1         1         1         0      2414
         2      2111         2         4         6         8         1         8         1         0      2169
         2      2111         2         4         7         7         1         7         1         0      2271
         2      2111         2         4         8         5         2         5         1         1      2064
         2      2111         2         4         9         2         1         2         1         0      1450
         2      2111         2         4        10         5         1         5         1         0      7098
         2      2111         2         4        11         4         4         4         1         0      1449
         2      2111         2         4        12         2         4         2         1         0      1483
         2      2111         2         4        13         7         3         4         0         0      1836
         2      2111         2         4        14         6         1         6         1         0      2863
         2      2111         2         4        15         7         2         9         0         1      3145
         2      2111         2         4        16         1         4         1         1         0      2792
         2      2111         2         4        17         4         2         4         1         1      1797
         2      2111         2         4        18         5         4         3         0         0      9256
         2      2111         2         4        19        10         4         0         1         0      1730
         2      2111         2         4        20         9         3         9         1         0      1450
         2      2111         2         4        21         8         4         8         1         0      2348
         2      2111         2         4        22         3         1         3         1         0      1514
         2      2111         2         4        23         1         3         4         0         0      5802
         2      2111         2         4        24         9         4         9         1         0      1934
         2      2111         2         4        25         8         2         8         1         1      1547
         2      2111         2         4        26         3         4         4         0         0      2953
         2      2111         2         4        27         1         2         1         1         1      1790
         2      2111         2         4        28        10         3         0         1         0      1636
         2      2111         2         4        29         5         3         5         1         0      3309
         2      2111         2         4        30         6         2         6         1         1      2181
         2      2111         2         4        31        10         1         0         1         0      2187
         2      2111         2         4        32         2         2         2         1         1      2448
         2      2111         2         4        33         6         3         6         1         0      1739
         2      2111         2         4        34         3         2         3         1         1      1505
         2      2111         2         4        35         2         3         2         1         0      2257
         2      2111         2         4        36         4         3         4         1         0      1731
         2      2111         2         4        37         9         1         9         1         0      1882
         2      2111         2         4        38         7         4         0         0         0      5435
         2      2111         2         4        39         9         2         7         0         1      2046
         2      2111         2         4        40         6         4         6         1         0      2232
