Condition Subject Session Block Trial Subtype Token Response Correct Feedback RT 
         4      4036         1         1         1         2         1         3         0         1     10402
         4      4036         1         1         2         5         2         9         0         1     12124
         4      4036         1         1         3         2         2         3         0         1      4019
         4      4036         1         1         4        10         2         0         1         1      3422
         4      4036         1         1         5         8         2         1         0         1      2912
         4      4036         1         1         6         1         1         1         1         1      1751
         4      4036         1         1         7         3         2         9         0         1      4059
         4      4036         1         1         8         1         2         4         0         1      4019
         4      4036         1         1         9         4         2         7         0         1      5053
         4      4036         1         1        10         9         2         9         1         1      4205
         4      4036         1         1        11         6         1         6         1         1      2206
         4      4036         1         1        12         5         1         8         0         1      5889
         4      4036         1         1        13         8         1         4         0         1      7424
         4      4036         1         1        14         5         1         5         1         1      4018
         4      4036         1         1        15         1         1         1         1         1      3277
         4      4036         1         1        16         7         1         7         1         1      3733
         4      4036         1         1        17         8         1         5         0         1      2668
         4      4036         1         1        18         7         2         7         1         1      3133
         4      4036         1         1        19         1         2         4         0         1      3835
         4      4036         1         1        20         4         1         1         0         1      2205
         4      4036         1         1        21        10         1         8         0         1      4207
         4      4036         1         1        22        10         2         0         1         1      1956
         4      4036         1         1        23         3         2         5         0         1      3409
         4      4036         1         1        24         2         2         1         0         1      1844
         4      4036         1         1        25         7         2         7         1         1     39173
         4      4036         1         1        26         6         2         4         0         1     12048
         4      4036         1         1        27         7         1         7         1         1      5114
         4      4036         1         1        28         9         1         9         1         1      4025
         4      4036         1         1        29         3         1         3         1         1      2114
         4      4036         1         1        30         3         1         3         1         1      1529
         4      4036         1         1        31         2         1         1         0         1      2216
         4      4036         1         1        32         4         2         5         0         1      4282
         4      4036         1         1        33         9         2         9         1         1      2585
         4      4036         1         1        34        10         1         0         1         1      1948
         4      4036         1         1        35         4         1         4         1         1      3464
         4      4036         1         1        36         6         2         6         1         1      2152
         4      4036         1         1        37         5         2         5         1         1      4717
         4      4036         1         1        38         8         2         7         0         1      3085
         4      4036         1         1        39         9         1         9         1         1      2783
         4      4036         1         1        40         6         1         6         1         1      2810
         4      4036         1         2         1         3         1         3         1         1      5507
         4      4036         1         2         2         8         1         0         0         1      3506
         4      4036         1         2         3         7         2         7         1         1      1969
         4      4036         1         2         4         4         2         4         1         1      2990
         4      4036         1         2         5         9         2         9         1         1      2753
         4      4036         1         2         6         7         1         2         0         1      5744
         4      4036         1         2         7         3         2         9         0         1      3285
         4      4036         1         2         8         2         1         7         0         1      4926
         4      4036         1         2         9         8         2         2         0         1      8021
         4      4036         1         2        10         6         1         6         1         1      1695
         4      4036         1         2        11         1         1         8         0         1     12695
         4      4036         1         2        12         5         1         5         1         1      2647
         4      4036         1         2        13         3         2         3         1         1      5736
         4      4036         1         2        14         1         2         4         0         1      3246
         4      4036         1         2        15         4         1         1         0         1      1543
         4      4036         1         2        16         9         1         9         1         1      3588
         4      4036         1         2        17         2         2         6         0         1      6626
         4      4036         1         2        18         2         1         6         0         1      3413
         4      4036         1         2        19         8         2         8         1         1      3449
         4      4036         1         2        20         1         2         1         1         1      2347
         4      4036         1         2        21        10         1         0         1         1      4727
         4      4036         1         2        22         9         2         9         1         1      4293
         4      4036         1         2        23         4         2         4         1         1      2884
         4      4036         1         2        24         1         1         1         1         1      2844
         4      4036         1         2        25        10         2         0         1         1      1734
         4      4036         1         2        26         7         2         7         1         1      3501
         4      4036         1         2        27         5         1         5         1         1      1757
         4      4036         1         2        28         7         1         2         0         1      3747
         4      4036         1         2        29         6         1         6         1         1      1704
         4      4036         1         2        30         4         1         1         0         1      2782
         4      4036         1         2        31        10         2         0         1         1      1324
         4      4036         1         2        32         5         2         3         0         1      5763
         4      4036         1         2        33         9         1         9         1         1      1688
         4      4036         1         2        34        10         1         0         1         1      1759
         4      4036         1         2        35         3         1         5         0         1      1492
         4      4036         1         2        36         5         2         5         1         1      1492
         4      4036         1         2        37         6         2         6         1         1      2323
         4      4036         1         2        38         8         1         0         0         1      2417
         4      4036         1         2        39         2         2         1         0         1      4029
         4      4036         1         2        40         6         2         6         1         1      3223
         4      4036         1         3         1         1         1         1         1         1      5064
         4      4036         1         3         2         1         1         1         1         1      3241
         4      4036         1         3         3        10         1         0         1         1      1633
         4      4036         1         3         4         1         2         4         0         1      2316
         4      4036         1         3         5         6         1         6         1         1      1866
         4      4036         1         3         6         4         2         4         1         1      1595
         4      4036         1         3         7        10         2         0         1         1      2567
         4      4036         1         3         8         4         2         4         1         1      2749
         4      4036         1         3         9         2         2         8         0         1      4922
         4      4036         1         3        10         8         1         8         1         1      4017
         4      4036         1         3        11         2         1         1         0         1      3853
         4      4036         1         3        12         7         1         7         1         1      3311
         4      4036         1         3        13         5         1         5         1         1      4262
         4      4036         1         3        14         3         2         9         0         1      5527
         4      4036         1         3        15         3         1         3         1         1      2309
         4      4036         1         3        16         8         2         7         0         1      2564
         4      4036         1         3        17         6         2         6         1         1      1497
         4      4036         1         3        18         2         2         7         0         1      5801
         4      4036         1         3        19         4         1         4         1         1      5051
         4      4036         1         3        20         8         2         8         1         1      5918
         4      4036         1         3        21         5         2         5         1         1      2029
         4      4036         1         3        22         6         2         6         1         1      1464
         4      4036         1         3        23         5         1         5         1         1      3529
         4      4036         1         3        24         2         1         2         1         1      2904
         4      4036         1         3        25         3         2         3         1         1      3022
         4      4036         1         3        26        10         1         0         1         1      1792
         4      4036         1         3        27         6         1         6         1         1      1474
         4      4036         1         3        28         4         1         4         1         1      4497
         4      4036         1         3        29         9         2         9         1         1      2729
         4      4036         1         3        30         7         2         7         1         1      2119
         4      4036         1         3        31         5         2         5         1         1      3102
         4      4036         1         3        32         1         2         1         1         1      2478
         4      4036         1         3        33         9         1         9         1         1      2183
         4      4036         1         3        34         9         2         9         1         1      1450
         4      4036         1         3        35        10         2         0         1         1      1933
         4      4036         1         3        36         3         1         3         1         1      2555
         4      4036         1         3        37         7         1         7         1         1      6081
         4      4036         1         3        38         7         2         7         1         1      1802
         4      4036         1         3        39         9         1         9         1         1      1774
         4      4036         1         3        40         8         1         8         1         1      3506
         4      4036         1         4         1         1         1         1         1         1      1539
         4      4036         1         4         2         6         1         6         1         1      1791
         4      4036         1         4         3         4         2         4         1         1      2019
         4      4036         1         4         4         9         2         9         1         1      1774
         4      4036         1         4         5         8         2         8         1         1      4467
         4      4036         1         4         6         4         2         4         1         1      1708
         4      4036         1         4         7         2         1         2         1         1      3427
         4      4036         1         4         8        10         1         0         1         1      1461
         4      4036         1         4         9         8         1         8         1         1      5846
         4      4036         1         4        10         7         2         7         1         1      1896
         4      4036         1         4        11         6         1         6         1         1      1462
         4      4036         1         4        12         3         1         3         1         1      1990
         4      4036         1         4        13         8         1         8         1         1      1826
         4      4036         1         4        14         7         1         7         1         1      2374
         4      4036         1         4        15         5         2         5         1         1      3522
         4      4036         1         4        16         4         1         7         0         1     11615
         4      4036         1         4        17         5         1         5         1         1      3179
         4      4036         1         4        18        10         2         0         1         1      1192
         4      4036         1         4        19         9         1         9         1         1      2244
         4      4036         1         4        20        10         2         0         1         1      1415
         4      4036         1         4        21         2         2         2         1         1      2586
         4      4036         1         4        22         3         1         3         1         1      2111
         4      4036         1         4        23         6         2         6         1         1      1750
         4      4036         1         4        24         7         1         7         1         1      1724
         4      4036         1         4        25         9         2         9         1         1      1810
         4      4036         1         4        26         1         2         1         1         1      2645
         4      4036         1         4        27         3         2         3         1         1      2087
         4      4036         1         4        28         7         2         7         1         1      1615
         4      4036         1         4        29        10         1         0         1         1      1433
         4      4036         1         4        30         3         2         3         1         1      1419
         4      4036         1         4        31         1         2         1         1         1      1390
         4      4036         1         4        32         8         2         8         1         1      3187
         4      4036         1         4        33         4         1         4         1         1      2430
         4      4036         1         4        34         5         1         5         1         1      1593
         4      4036         1         4        35         9         1         9         1         1      2021
         4      4036         1         4        36         1         1         1         1         1      3168
         4      4036         1         4        37         2         2         2         1         1      2222
         4      4036         1         4        38         5         2         5         1         1      1728
         4      4036         1         4        39         2         1         2         1         1      1912
         4      4036         1         4        40         6         2         6         1         1      1367
         4      4036         1         5         1         8         2         8         1         1      2691
         4      4036         1         5         2         7         1         7         1         1      2179
         4      4036         1         5         3         9         2         8         0         1      1879
         4      4036         1         5         4         9         1         9         1         1      2408
         4      4036         1         5         5        10         2         0         1         1      1363
         4      4036         1         5         6         6         1         6         1         1      1815
         4      4036         1         5         7         5         1         5         1         1      2075
         4      4036         1         5         8         4         1         4         1         1      1890
         4      4036         1         5         9         3         1         3         1         1      1778
         4      4036         1         5        10         4         2         4         1         1      3415
         4      4036         1         5        11         1         2         1         1         1      2378
         4      4036         1         5        12        10         1         0         1         1      1253
         4      4036         1         5        13         1         1         1         1         1      1423
         4      4036         1         5        14         8         1         8         1         1      2354
         4      4036         1         5        15         3         2         3         1         1      3279
         4      4036         1         5        16         5         1         5         1         1      1704
         4      4036         1         5        17         4         1         4         1         1      2351
         4      4036         1         5        18         1         1         1         1         1      2429
         4      4036         1         5        19         6         2         6         1         1      1431
         4      4036         1         5        20         7         2         7         1         1      1913
         4      4036         1         5        21         3         1         3         1         1      1608
         4      4036         1         5        22        10         2         0         1         1      1429
         4      4036         1         5        23         2         1         2         1         1      1688
         4      4036         1         5        24         9         2         9         1         1      1840
         4      4036         1         5        25         6         2         6         1         1      1282
         4      4036         1         5        26         6         1         6         1         1      1417
         4      4036         1         5        27         7         2         7         1         1      1452
         4      4036         1         5        28         9         1         9         1         1      2590
         4      4036         1         5        29         2         2         2         1         1      1907
         4      4036         1         5        30         7         1         7         1         1      1891
         4      4036         1         5        31         1         2         1         1         1      2386
         4      4036         1         5        32         2         2         2         1         1      1520
         4      4036         1         5        33         8         1         8         1         1      1839
         4      4036         1         5        34         4         2         4         1         1      1937
         4      4036         1         5        35         5         2         5         1         1      1551
         4      4036         1         5        36         5         2         5         1         1      1693
         4      4036         1         5        37         2         1         2         1         1      1318
         4      4036         1         5        38        10         1         0         1         1      1372
         4      4036         1         5        39         8         2         8         1         1      1840
         4      4036         1         5        40         3         2         3         1         1      1698
         4      4036         1         6         1         8         1         8         1         1      2079
         4      4036         1         6         2         2         1         2         1         1      2151
         4      4036         1         6         3         5         2         5         1         1      1645
         4      4036         1         6         4         8         2         8         1         1      8615
         4      4036         1         6         5         2         1         2         1         1      1435
         4      4036         1         6         6        10         2         0         1         1      2862
         4      4036         1         6         7         2         2         2         1         1      1544
         4      4036         1         6         8         3         2         3         1         1      1861
         4      4036         1         6         9         3         1         3         1         1      1941
         4      4036         1         6        10         6         2         6         1         1      1347
         4      4036         1         6        11         7         2         7         1         1      2281
         4      4036         1         6        12        10         1         0         1         1      1592
         4      4036         1         6        13         2         2         2         1         1      1604
         4      4036         1         6        14         3         2         3         1         1      1807
         4      4036         1         6        15         9         1         9         1         1      2146
         4      4036         1         6        16         5         1         5         1         1      1561
         4      4036         1         6        17         1         1         1         1         1      2854
         4      4036         1         6        18         5         1         5         1         1      1552
         4      4036         1         6        19         5         2         5         1         1      1934
         4      4036         1         6        20         3         1         3         1         1      1756
         4      4036         1         6        21         8         1         8         1         1      1730
         4      4036         1         6        22         7         1         7         1         1      1865
         4      4036         1         6        23        10         1         0         1         1      1257
         4      4036         1         6        24         9         1         9         1         1      1618
         4      4036         1         6        25         6         2         6         1         1      2141
         4      4036         1         6        26         7         1         7         1         1      2084
         4      4036         1         6        27         6         1         6         1         1      1675
         4      4036         1         6        28         1         2         1         1         1      2547
         4      4036         1         6        29         9         2         9         1         1      1465
         4      4036         1         6        30        10         2         0         1         1      1514
         4      4036         1         6        31         1         1         1         1         1      2681
         4      4036         1         6        32         4         1         4         1         1      1752
         4      4036         1         6        33         6         1         6         1         1      2172
         4      4036         1         6        34         4         1         4         1         1      1840
         4      4036         1         6        35         8         2         8         1         1      2530
         4      4036         1         6        36         4         2         4         1         1      1881
         4      4036         1         6        37         9         2         9         1         1      1833
         4      4036         1         6        38         7         2         7         1         1      1627
         4      4036         1         6        39         1         2         1         1         1      2822
         4      4036         1         6        40         4         2         4         1         1      1809
         4      4036         2         1         1         5         3         5         1         0      3104
         4      4036         2         1         2         1         4         1         1         0     14239
         4      4036         2         1         3        10         4         0         1         0      1506
         4      4036         2         1         4         8         1         8         1         1      2416
         4      4036         2         1         5         6         3         6         1         0      2667
         4      4036         2         1         6         4         3         4         1         0      2923
         4      4036         2         1         7         6         2         6         1         0      1650
         4      4036         2         1         8         2         4         2         1         0      6220
         4      4036         2         1         9         7         3         0         0         0      2512
         4      4036         2         1        10         8         4         8         1         0      2982
         4      4036         2         1        11         1         3         4         0         0      1754
         4      4036         2         1        12         4         4         4         1         0      5471
         4      4036         2         1        13         4         1         4         1         1      1503
         4      4036         2         1        14         7         1         7         1         1      1663
         4      4036         2         1        15        10         1         0         1         1      1223
         4      4036         2         1        16         2         2         2         1         0      1473
         4      4036         2         1        17         1         2         1         1         0      2258
         4      4036         2         1        18         5         4         5         1         0      1587
         4      4036         2         1        19         5         2         5         1         0      1344
         4      4036         2         1        20         9         2         9         1         0      1989
         4      4036         2         1        21         6         1         6         1         1      1616
         4      4036         2         1        22         2         1         2         1         1      1275
         4      4036         2         1        23         8         3         8         1         0      3573
         4      4036         2         1        24         3         2         3         1         0      1713
         4      4036         2         1        25         2         3         2         1         0      3368
         4      4036         2         1        26         6         4         6         1         0      7469
         4      4036         2         1        27         1         1         1         1         1      1471
         4      4036         2         1        28         7         2         7         1         0      1424
         4      4036         2         1        29         9         4         9         1         0      3186
         4      4036         2         1        30         9         1         9         1         1      1375
         4      4036         2         1        31         4         2         4         1         0      1347
         4      4036         2         1        32         5         1         5         1         1      1401
         4      4036         2         1        33        10         3         2         0         0      6236
         4      4036         2         1        34        10         2         0         1         0      1520
         4      4036         2         1        35         7         4         8         0         0      3119
         4      4036         2         1        36         3         3         3         1         0      8525
         4      4036         2         1        37         8         2         8         1         0      1796
         4      4036         2         1        38         3         1         3         1         1      1576
         4      4036         2         1        39         9         3         9         1         0      1317
         4      4036         2         1        40         3         4         3         1         0      1323
         4      4036         2         2         1         7         3         7         1         0      4878
         4      4036         2         2         2         5         4         5         1         0      1879
         4      4036         2         2         3         3         2         3         1         1      6167
         4      4036         2         2         4         2         4         2         1         0      1548
         4      4036         2         2         5         7         1         7         1         0      1690
         4      4036         2         2         6         5         3         5         1         0      3026
         4      4036         2         2         7         6         1         6         1         0      1971
         4      4036         2         2         8         6         4         6         1         0     18752
         4      4036         2         2         9         4         4         4         1         0      1933
         4      4036         2         2        10         1         2         1         1         1      1531
         4      4036         2         2        11        10         2         0         1         1      1371
         4      4036         2         2        12         8         1         8         1         0      3696
         4      4036         2         2        13         9         4         9         1         0      1976
         4      4036         2         2        14         4         2         4         1         1      1812
         4      4036         2         2        15         8         2         8         1         1      1672
         4      4036         2         2        16        10         1         0         1         0      2127
         4      4036         2         2        17         3         3         3         1         0      2117
         4      4036         2         2        18         7         2         7         1         1      1596
         4      4036         2         2        19         2         1         2         1         0      1448
         4      4036         2         2        20         9         2         9         1         1      1626
         4      4036         2         2        21        10         3         0         1         0      1539
         4      4036         2         2        22         7         4         8         0         0      2880
         4      4036         2         2        23         1         3         1         1         0      2169
         4      4036         2         2        24         1         4         1         1         0      2989
         4      4036         2         2        25         9         1         9         1         0      1441
         4      4036         2         2        26         4         1         4         1         0      2674
         4      4036         2         2        27         3         4         3         1         0      1825
         4      4036         2         2        28         8         3         8         1         0      2885
         4      4036         2         2        29         9         3         9         1         0      1406
         4      4036         2         2        30         8         4         8         1         0      1618
         4      4036         2         2        31        10         4         0         1         0      1678
         4      4036         2         2        32         2         2         2         1         1      1224
         4      4036         2         2        33         6         3         6         1         0      2145
         4      4036         2         2        34         3         1         3         1         0      1319
         4      4036         2         2        35         2         3         2         1         0      1215
         4      4036         2         2        36         6         2         6         1         1      2634
         4      4036         2         2        37         5         2         5         1         1      1564
         4      4036         2         2        38         1         1         1         1         0      1273
         4      4036         2         2        39         4         3         4         1         0      2050
         4      4036         2         2        40         5         1         5         1         0      1373
         4      4036         2         3         1         1         3         1         1         0      2171
         4      4036         2         3         2         8         2         8         1         0      1857
         4      4036         2         3         3        10         4         0         1         0      1395
         4      4036         2         3         4         6         1         6         1         1      1669
         4      4036         2         3         5         7         2         7         1         0      2286
         4      4036         2         3         6         1         4         1         1         0      3502
         4      4036         2         3         7         7         4         8         0         0      2414
         4      4036         2         3         8         1         2         1         1         0      1578
         4      4036         2         3         9        10         3         0         1         0      1157
         4      4036         2         3        10         3         2         3         1         0      1714
         4      4036         2         3        11         6         4         6         1         0      1849
         4      4036         2         3        12         4         2         4         1         0      2667
         4      4036         2         3        13         8         4         8         1         0      1932
         4      4036         2         3        14         2         4         2         1         0      1244
         4      4036         2         3        15         6         3         6         1         0      1349
         4      4036         2         3        16         6         2         6         1         0      1515
         4      4036         2         3        17         9         3         9         1         0      1562
         4      4036         2         3        18         8         1         8         1         1      2040
         4      4036         2         3        19        10         2         0         1         0      1155
         4      4036         2         3        20         9         2         9         1         0      2928
         4      4036         2         3        21         2         2         2         1         0      1175
         4      4036         2         3        22         4         4         4         1         0      2179
         4      4036         2         3        23         5         1         5         1         1      1400
         4      4036         2         3        24         5         2         5         1         0      1532
         4      4036         2         3        25         9         1         9         1         1      1707
         4      4036         2         3        26         4         1         4         1         1      1777
         4      4036         2         3        27         7         1         7         1         1      1542
         4      4036         2         3        28         3         4         3         1         0      2227
         4      4036         2         3        29         3         1         3         1         1      1589
         4      4036         2         3        30         1         1         1         1         1      1152
         4      4036         2         3        31         2         1         2         1         1      1087
         4      4036         2         3        32         9         4         9         1         0      1759
         4      4036         2         3        33        10         1         0         1         1      1955
         4      4036         2         3        34         8         3         8         1         0      5794
         4      4036         2         3        35         4         3         4         1         0      4454
         4      4036         2         3        36         5         3         3         0         0      2128
         4      4036         2         3        37         2         3         2         1         0      1783
         4      4036         2         3        38         7         3         7         1         0      8140
         4      4036         2         3        39         3         3         3         1         0      1617
         4      4036         2         3        40         5         4         5         1         0      1804
         4      4036         2         4         1         9         3         9         1         0      1902
         4      4036         2         4         2         1         4         1         1         0      4221
         4      4036         2         4         3         8         4         8         1         0     17200
         4      4036         2         4         4         1         2         1         1         1      1932
         4      4036         2         4         5         3         2         3         1         1      3050
         4      4036         2         4         6        10         3         0         1         0      1994
         4      4036         2         4         7         3         3         3         1         0      1765
         4      4036         2         4         8         6         1         6         1         0      2057
         4      4036         2         4         9         6         2         6         1         1      1458
         4      4036         2         4        10        10         4         0         1         0      1812
         4      4036         2         4        11         3         1         3         1         0      4360
         4      4036         2         4        12         6         3         6         1         0      1796
         4      4036         2         4        13         1         3         1         1         0      2264
         4      4036         2         4        14        10         2         0         1         1      1323
         4      4036         2         4        15         6         4         6         1         0      2705
         4      4036         2         4        16         8         2         8         1         1      2146
         4      4036         2         4        17        10         1         0         1         0      1254
         4      4036         2         4        18         9         1         9         1         0      1328
         4      4036         2         4        19         5         4         5         1         0      1447
         4      4036         2         4        20         9         2         9         1         1      1352
         4      4036         2         4        21         5         3         5         1         0      2542
         4      4036         2         4        22         4         1         4         1         0      3618
         4      4036         2         4        23         2         2         2         1         1      1421
         4      4036         2         4        24         1         1         1         1         0      1313
         4      4036         2         4        25         8         3         8         1         0      2329
         4      4036         2         4        26         7         2         7         1         1      1608
         4      4036         2         4        27         9         4         9         1         0      1346
         4      4036         2         4        28         2         3         2         1         0      1817
         4      4036         2         4        29         2         4         2         1         0      1292
         4      4036         2         4        30         4         3         4         1         0      1924
         4      4036         2         4        31         7         3         7         1         0      2483
         4      4036         2         4        32         5         2         5         1         1      2108
         4      4036         2         4        33         3         4         3         1         0      2978
         4      4036         2         4        34         7         4         4         0         0      5510
         4      4036         2         4        35         4         4         4         1         0      2149
         4      4036         2         4        36         8         1         8         1         0      2235
         4      4036         2         4        37         2         1         2         1         0      1902
         4      4036         2         4        38         4         2         4         1         1      1614
         4      4036         2         4        39         5         1         5         1         0      1482
         4      4036         2         4        40         7         1         7         1         0      1787
