Condition Subject Session Block Trial Subtype Token Response Correct Feedback RT 
         2      2086         1         1         1         9         1         0         0         1     54348
         2      2086         1         1         2         3         1         0         0         1     18716
         2      2086         1         1         3         9         1         9         1         1     23211
         2      2086         1         1         4         1         1         1         1         1     15909
         2      2086         1         1         5         8         2         2         0         1     22547
         2      2086         1         1         6         3         2         4         0         1     18840
         2      2086         1         1         7        10         1         4         0         1     22243
         2      2086         1         1         8         2         2         5         0         1     14453
         2      2086         1         1         9         8         1         5         0         1     17087
         2      2086         1         1        10        10         2         4         0         1     20607
         2      2086         1         1        11         9         2         5         0         1     14036
         2      2086         1         1        12        10         2         0         1         1     14494
         2      2086         1         1        13         7         2         4         0         1     13238
         2      2086         1         1        14         4         2         5         0         1     18320
         2      2086         1         1        15         6         2         5         0         1     16623
         2      2086         1         1        16         5         2         5         1         1     19474
         2      2086         1         1        17         4         2         0         0         1     16483
         2      2086         1         1        18        10         1         0         1         1     10668
         2      2086         1         1        19         2         2         2         1         1     10957
         2      2086         1         1        20         5         1         5         1         1      4401
         2      2086         1         1        21         6         2         6         1         1      3166
         2      2086         1         1        22         4         1         3         0         1     22187
         2      2086         1         1        23         2         1         1         0         1     16591
         2      2086         1         1        24         1         2         7         0         1     18963
         2      2086         1         1        25         2         1         2         1         1     29127
         2      2086         1         1        26         7         2         7         1         1     17062
         2      2086         1         1        27         5         2         5         1         1      7879
         2      2086         1         1        28         4         1         4         1         1      5416
         2      2086         1         1        29         6         1         8         0         1      8778
         2      2086         1         1        30         8         2         4         0         1     12758
         2      2086         1         1        31         3         2         3         1         1     25618
         2      2086         1         1        32         1         2         1         1         1     12188
         2      2086         1         1        33         3         1         2         0         1      6194
         2      2086         1         1        34         7         1         4         0         1     19078
         2      2086         1         1        35         8         1         4         0         1     12406
         2      2086         1         1        36         6         1         9         0         1     19490
         2      2086         1         1        37         1         1         9         0         1     18305
         2      2086         1         1        38         5         1         5         1         1      6560
         2      2086         1         1        39         9         2         4         0         1     18694
         2      2086         1         1        40         7         1         9         0         1     14983
         2      2086         1         2         1        10         1         0         1         1      5537
         2      2086         1         2         2        10         1         0         1         1      2801
         2      2086         1         2         3         1         1         1         1         1      4956
         2      2086         1         2         4         6         2         6         1         1      7330
         2      2086         1         2         5         1         1         1         1         1      3449
         2      2086         1         2         6         4         1         4         1         1      6217
         2      2086         1         2         7         2         2         2         1         1     17371
         2      2086         1         2         8         3         1         3         1         1      7873
         2      2086         1         2         9         2         1         2         1         1      9602
         2      2086         1         2        10         9         1         9         1         1      5918
         2      2086         1         2        11         6         1         6         1         1      5997
         2      2086         1         2        12         6         2         6         1         1      5546
         2      2086         1         2        13         9         1         9         1         1     32680
         2      2086         1         2        14        10         2         0         1         1      4025
         2      2086         1         2        15        10         2         0         1         1      2885
         2      2086         1         2        16         7         2         7         1         1      7629
         2      2086         1         2        17         8         2         8         1         1      5559
         2      2086         1         2        18         5         2         5         1         1      4308
         2      2086         1         2        19         2         1         2         1         1      7204
         2      2086         1         2        20         4         2         4         1         1      6096
         2      2086         1         2        21         9         2         9         1         1      6008
         2      2086         1         2        22         8         2         8         1         1      9795
         2      2086         1         2        23         7         1         7         1         1     21191
         2      2086         1         2        24         7         1         7         1         1      3284
         2      2086         1         2        25         1         2         1         1         1      3563
         2      2086         1         2        26         6         1         6         1         1      6200
         2      2086         1         2        27         5         1         5         1         1      2987
         2      2086         1         2        28         3         2         3         1         1      5151
         2      2086         1         2        29         1         2         1         1         1      2604
         2      2086         1         2        30         2         2         2         1         1      9103
         2      2086         1         2        31         5         1         5         1         1      2238
         2      2086         1         2        32         8         1         8         1         1      8193
         2      2086         1         2        33         9         2         9         1         1      4869
         2      2086         1         2        34         3         2         3         1         1      3358
         2      2086         1         2        35         4         1         4         1         1      7412
         2      2086         1         2        36         8         1         8         1         1      8071
         2      2086         1         2        37         5         2         5         1         1      2400
         2      2086         1         2        38         7         2         7         1         1      6204
         2      2086         1         2        39         4         2         4         1         1      7440
         2      2086         1         2        40         3         1         3         1         1      5394
         2      2086         1         3         1         1         1         1         1         1      9316
         2      2086         1         3         2         5         1         5         1         1      2410
         2      2086         1         3         3         5         2         5         1         1      1542
         2      2086         1         3         4         4         2         4         1         1      5940
         2      2086         1         3         5         1         1         1         1         1      4402
         2      2086         1         3         6         8         2         8         1         1      4125
         2      2086         1         3         7         7         1         7         1         1      8708
         2      2086         1         3         8         8         2         8         1         1      4164
         2      2086         1         3         9         2         1         2         1         1      5961
         2      2086         1         3        10         7         2         7         1         1      5671
         2      2086         1         3        11         5         2         5         1         1      3503
         2      2086         1         3        12         9         2         9         1         1      3808
         2      2086         1         3        13        10         2         0         1         1      7636
         2      2086         1         3        14         4         1         4         1         1      6511
         2      2086         1         3        15         3         2         3         1         1     14326
         2      2086         1         3        16         6         1         6         1         1     11653
         2      2086         1         3        17         8         1         8         1         1      4735
         2      2086         1         3        18         7         1         7         1         1     16077
         2      2086         1         3        19         1         2         1         1         1      2661
         2      2086         1         3        20         8         1         8         1         1      3847
         2      2086         1         3        21         2         2         2         1         1     14200
         2      2086         1         3        22        10         1         0         1         1      3725
         2      2086         1         3        23         9         1         9         1         1      6501
         2      2086         1         3        24         2         1         2         1         1      2541
         2      2086         1         3        25         3         2         3         1         1      3426
         2      2086         1         3        26         3         1         3         1         1      6982
         2      2086         1         3        27         4         2         4         1         1      3291
         2      2086         1         3        28         9         2         9         1         1      3796
         2      2086         1         3        29         6         2         6         1         1      2856
         2      2086         1         3        30         4         1         4         1         1      3826
         2      2086         1         3        31         1         2         1         1         1      2068
         2      2086         1         3        32         6         1         6         1         1      4541
         2      2086         1         3        33         6         2         6         1         1      3252
         2      2086         1         3        34         7         2         7         1         1      3982
         2      2086         1         3        35         9         1         9         1         1     11755
         2      2086         1         3        36         3         1         3         1         1      8080
         2      2086         1         3        37        10         1         0         1         1      2137
         2      2086         1         3        38         2         2         2         1         1      7711
         2      2086         1         3        39        10         2         0         1         1      3495
         2      2086         1         3        40         5         1         5         1         1      1894
         2      2086         1         4         1         5         1         5         1         1      4223
         2      2086         1         4         2         4         2         4         1         1      3666
         2      2086         1         4         3         9         2         9         1         1      4188
         2      2086         1         4         4         3         1         3         1         1      3808
         2      2086         1         4         5         9         2         9         1         1      1797
         2      2086         1         4         6         7         2         7         1         1      4457
         2      2086         1         4         7        10         2         0         1         1      2804
         2      2086         1         4         8         2         1         3         0         1      2384
         2      2086         1         4         9         8         2         8         1         1      6460
         2      2086         1         4        10         1         1         1         1         1      2853
         2      2086         1         4        11         3         1         3         1         1      5407
         2      2086         1         4        12         2         2         2         1         1      6851
         2      2086         1         4        13         8         1         8         1         1      5054
         2      2086         1         4        14         5         2         5         1         1      1679
         2      2086         1         4        15        10         1         0         1         1      1673
         2      2086         1         4        16         4         2         4         1         1      5379
         2      2086         1         4        17         6         1         6         1         1      5976
         2      2086         1         4        18         5         2         5         1         1      1013
         2      2086         1         4        19         8         1         8         1         1      3369
         2      2086         1         4        20         4         1         4         1         1      4574
         2      2086         1         4        21         1         2         1         1         1      2291
         2      2086         1         4        22         6         2         6         1         1      3092
         2      2086         1         4        23         7         1         7         1         1     11316
         2      2086         1         4        24         3         2         3         1         1      3388
         2      2086         1         4        25        10         1         0         1         1      1713
         2      2086         1         4        26         7         1         7         1         1      4232
         2      2086         1         4        27        10         2         0         1         1      1612
         2      2086         1         4        28         2         1         2         1         1      2455
         2      2086         1         4        29         8         2         8         1         1      3649
         2      2086         1         4        30         6         2         6         1         1      6364
         2      2086         1         4        31         7         2         7         1         1      6026
         2      2086         1         4        32         9         1         9         1         1      9941
         2      2086         1         4        33         1         2         1         1         1      1140
         2      2086         1         4        34         5         1         5         1         1       801
         2      2086         1         4        35         6         1         6         1         1      3821
         2      2086         1         4        36         4         1         4         1         1      4305
         2      2086         1         4        37         9         1         9         1         1      4497
         2      2086         1         4        38         3         2         3         1         1      4266
         2      2086         1         4        39         1         1         1         1         1      2283
         2      2086         1         4        40         2         2         2         1         1      2091
         2      2086         1         5         1         4         2         4         1         1      4859
         2      2086         1         5         2         5         2         5         1         1      1093
         2      2086         1         5         3         7         1         4         0         1      3990
         2      2086         1         5         4         6         1         6         1         1      1219
         2      2086         1         5         5         1         1         1         1         1      2221
         2      2086         1         5         6         5         1         5         1         1      1056
         2      2086         1         5         7        10         1         0         1         1      1443
         2      2086         1         5         8         3         1         3         1         1      3894
         2      2086         1         5         9         8         2         8         1         1      5430
         2      2086         1         5        10         1         2         1         1         1      2520
         2      2086         1         5        11         5         2         5         1         1       944
         2      2086         1         5        12         2         2         2         1         1      2614
         2      2086         1         5        13         9         1         9         1         1      6298
         2      2086         1         5        14         4         1         4         1         1      3146
         2      2086         1         5        15         9         1         9         1         1      5384
         2      2086         1         5        16         4         1         4         1         1      2669
         2      2086         1         5        17         6         2         6         1         1      4078
         2      2086         1         5        18         6         1         6         1         1       871
         2      2086         1         5        19         3         1         3         1         1      4305
         2      2086         1         5        20         5         1         5         1         1       992
         2      2086         1         5        21         3         2         3         1         1      2085
         2      2086         1         5        22         4         2         4         1         1      4126
         2      2086         1         5        23        10         2         0         1         1      1543
         2      2086         1         5        24         7         1         7         1         1      3862
         2      2086         1         5        25         2         1         2         1         1      2008
         2      2086         1         5        26         9         2         9         1         1      2390
         2      2086         1         5        27         1         1         1         1         1      2370
         2      2086         1         5        28        10         2         0         1         1      1104
         2      2086         1         5        29         2         2         2         1         1      2479
         2      2086         1         5        30         1         2         1         1         1      1255
         2      2086         1         5        31         9         2         9         1         1      1250
         2      2086         1         5        32         3         2         3         1         1      2236
         2      2086         1         5        33        10         1         0         1         1      1040
         2      2086         1         5        34         8         1         8         1         1      2979
         2      2086         1         5        35         2         1         2         1         1      2344
         2      2086         1         5        36         8         1         8         1         1      2327
         2      2086         1         5        37         6         2         6         1         1      3127
         2      2086         1         5        38         7         2         7         1         1      3095
         2      2086         1         5        39         8         2         8         1         1      3158
         2      2086         1         5        40         7         2         7         1         1      2740
         2      2086         1         6         1         8         1         8         1         1      4918
         2      2086         1         6         2         7         2         7         1         1      3693
         2      2086         1         6         3         2         2         2         1         1      3926
         2      2086         1         6         4         2         2         2         1         1      1253
         2      2086         1         6         5        10         2         0         1         1      1136
         2      2086         1         6         6         5         2         5         1         1       975
         2      2086         1         6         7         4         2         4         1         1      3493
         2      2086         1         6         8         7         1         7         1         1      3910
         2      2086         1         6         9         4         1         4         1         1      2422
         2      2086         1         6        10         8         2         8         1         1      3393
         2      2086         1         6        11         2         1         2         1         1      2406
         2      2086         1         6        12         4         1         4         1         1      3170
         2      2086         1         6        13         9         2         9         1         1      1761
         2      2086         1         6        14         6         2         6         1         1      4055
         2      2086         1         6        15         3         1         3         1         1      3714
         2      2086         1         6        16        10         1         0         1         1      1050
         2      2086         1         6        17         1         1         1         1         1      1036
         2      2086         1         6        18         3         1         3         1         1      2111
         2      2086         1         6        19         8         1         8         1         1      4904
         2      2086         1         6        20         5         2         5         1         1      1439
         2      2086         1         6        21         7         1         7         1         1      4738
         2      2086         1         6        22        10         1         0         1         1       994
         2      2086         1         6        23         3         2         3         1         1      2278
         2      2086         1         6        24         3         2         3         1         1      1078
         2      2086         1         6        25         9         2         9         1         1      1112
         2      2086         1         6        26         6         1         6         1         1      1304
         2      2086         1         6        27         2         1         2         1         1      1136
         2      2086         1         6        28         9         1         9         1         1      5695
         2      2086         1         6        29         5         1         5         1         1       935
         2      2086         1         6        30         9         1         9         1         1      1310
         2      2086         1         6        31         1         1         1         1         1      1286
         2      2086         1         6        32         6         1         6         1         1      1182
         2      2086         1         6        33         5         1         5         1         1       858
         2      2086         1         6        34         4         2         7         0         1      3461
         2      2086         1         6        35         6         2         6         1         1      5078
         2      2086         1         6        36         1         2         1         1         1      1045
         2      2086         1         6        37         8         2         8         1         1      3751
         2      2086         1         6        38        10         2         0         1         1      1470
         2      2086         1         6        39         7         2         7         1         1      2832
         2      2086         1         6        40         1         2         1         1         1      1002
         2      2086         2         1         1         9         4         9         1         0     31196
         2      2086         2         1         2         4         3         0         0         0      4200
         2      2086         2         1         3        10         3         0         1         0      2477
         2      2086         2         1         4         2         3         2         1         0      3590
         2      2086         2         1         5         6         4         4         0         0      7763
         2      2086         2         1         6         5         1         5         1         1      1111
         2      2086         2         1         7         1         2         1         1         0      1094
         2      2086         2         1         8         5         2         5         1         0      1847
         2      2086         2         1         9         7         2         7         1         0      3352
         2      2086         2         1        10         1         1         1         1         1      1918
         2      2086         2         1        11         5         4         5         1         0      7133
         2      2086         2         1        12         6         2         6         1         0      3036
         2      2086         2         1        13        10         2         0         1         0      1168
         2      2086         2         1        14         7         4         0         0         0      5101
         2      2086         2         1        15         5         3         5         1         0      1885
         2      2086         2         1        16         2         2         2         1         0      7821
         2      2086         2         1        17         7         3         2         0         0      3377
         2      2086         2         1        18         1         3         8         0         0      5191
         2      2086         2         1        19         8         1         8         1         1      2341
         2      2086         2         1        20         4         1         4         1         1      2900
         2      2086         2         1        21         2         1         2         1         1      2380
         2      2086         2         1        22         4         2         4         1         0      4185
         2      2086         2         1        23         9         1         9         1         1      4702
         2      2086         2         1        24         8         3         8         1         0      4829
         2      2086         2         1        25         4         4         7         0         0      6951
         2      2086         2         1        26         1         4         1         1         0      3757
         2      2086         2         1        27         6         3         6         1         0      5028
         2      2086         2         1        28        10         4         0         1         0      1223
         2      2086         2         1        29         9         2         9         1         0      1842
         2      2086         2         1        30        10         1         0         1         1      1846
         2      2086         2         1        31         3         2         3         1         0      2055
         2      2086         2         1        32         2         4         2         1         0      5649
         2      2086         2         1        33         3         1         3         1         1      2699
         2      2086         2         1        34         8         2         8         1         0      3723
         2      2086         2         1        35         3         3         3         1         0     11251
         2      2086         2         1        36         3         4         1         0         0      9710
         2      2086         2         1        37         7         1         7         1         1      8038
         2      2086         2         1        38         9         3         3         0         0      5074
         2      2086         2         1        39         8         4         8         1         0      4180
         2      2086         2         1        40         6         1         6         1         1      1848
         2      2086         2         2         1         2         4         2         1         0      5153
         2      2086         2         2         2         5         1         5         1         0      1470
         2      2086         2         2         3         4         3         4         1         0     21151
         2      2086         2         2         4         7         3         4         0         0     12189
         2      2086         2         2         5         1         3         3         0         0      5859
         2      2086         2         2         6         9         3         3         0         0      1734
         2      2086         2         2         7         2         2         2         1         1      3452
         2      2086         2         2         8         3         4         3         1         0      5262
         2      2086         2         2         9         3         1         3         1         0      4232
         2      2086         2         2        10         2         3         2         1         0      2523
         2      2086         2         2        11         6         2         6         1         1      1875
         2      2086         2         2        12        10         2         0         1         1      1286
         2      2086         2         2        13         7         2         7         1         1      3262
         2      2086         2         2        14         6         1         6         1         0      1128
         2      2086         2         2        15         5         2         5         1         1      1014
         2      2086         2         2        16         3         2         3         1         1      1962
         2      2086         2         2        17         8         3         8         1         0      5206
         2      2086         2         2        18         7         1         7         1         0      4867
         2      2086         2         2        19         7         4         7         1         0      7772
         2      2086         2         2        20         4         1         4         1         0      2465
         2      2086         2         2        21         8         1         8         1         0      5147
         2      2086         2         2        22         4         4         8         0         0     28007
         2      2086         2         2        23         8         2         8         1         1      1602
         2      2086         2         2        24         2         1         2         1         0     10063
         2      2086         2         2        25        10         4         0         1         0      1256
         2      2086         2         2        26        10         1         0         1         0      1027
         2      2086         2         2        27         1         1         1         1         0      2454
         2      2086         2         2        28         9         2         9         1         1      1393
         2      2086         2         2        29         6         3         3         0         0      6950
         2      2086         2         2        30         9         4         6         0         0      4956
         2      2086         2         2        31         1         2         1         1         1      3234
         2      2086         2         2        32         5         3         5         1         0      1148
         2      2086         2         2        33         8         4         7         0         0      7177
         2      2086         2         2        34         9         1         3         0         0      2631
         2      2086         2         2        35         3         3         3         1         0      2314
         2      2086         2         2        36         5         4         5         1         0      2410
         2      2086         2         2        37         1         4         1         1         0      3270
         2      2086         2         2        38         4         2         4         1         1      2912
         2      2086         2         2        39        10         3         0         1         0      1048
         2      2086         2         2        40         6         4         4         0         0      6042
         2      2086         2         3         1         3         2         3         1         0      5081
         2      2086         2         3         2         8         3         3         0         0      3449
         2      2086         2         3         3         7         3         7         1         0      5035
         2      2086         2         3         4         3         3         8         0         0      3103
         2      2086         2         3         5         2         1         2         1         1      2143
         2      2086         2         3         6         6         4         4         0         0      5702
         2      2086         2         3         7         9         1         8         0         1      5038
         2      2086         2         3         8         7         1         7         1         1      3138
         2      2086         2         3         9         9         2         9         1         0      1585
         2      2086         2         3        10         8         4         6         0         0      8879
         2      2086         2         3        11        10         1         0         1         1      1033
         2      2086         2         3        12         5         1         5         1         1       954
         2      2086         2         3        13        10         2         0         1         0       914
         2      2086         2         3        14        10         4         0         1         0      1321
         2      2086         2         3        15         6         2         6         1         0      3217
         2      2086         2         3        16         4         4         7         0         0     10490
         2      2086         2         3        17         2         3         2         1         0      2323
         2      2086         2         3        18         8         1         8         1         1      2707
         2      2086         2         3        19         1         1         1         1         1      2131
         2      2086         2         3        20         6         3         4         0         0      3225
         2      2086         2         3        21        10         3         0         1         0      1030
         2      2086         2         3        22         1         2         1         1         0      1720
         2      2086         2         3        23         5         3         5         1         0      1311
         2      2086         2         3        24         9         4         7         0         0      6662
         2      2086         2         3        25         4         3         0         0         0      6264
         2      2086         2         3        26         6         1         6         1         1      1241
         2      2086         2         3        27         8         2         8         1         0      3220
         2      2086         2         3        28         7         4         0         0         0      1392
         2      2086         2         3        29         5         4         6         0         0     13651
         2      2086         2         3        30         1         4         1         1         0      1326
         2      2086         2         3        31         4         1         4         1         1      2358
         2      2086         2         3        32         1         3         1         1         0      7540
         2      2086         2         3        33         3         4         3         1         0      3364
         2      2086         2         3        34         9         3         0         0         0      2666
         2      2086         2         3        35         7         2         9         0         0      4588
         2      2086         2         3        36         2         4         2         1         0      3328
         2      2086         2         3        37         4         2         4         1         0      6967
         2      2086         2         3        38         5         2         5         1         0       973
         2      2086         2         3        39         3         1         3         1         1      2882
         2      2086         2         3        40         2         2         2         1         0      2059
         2      2086         2         4         1         5         2         5         1         1      1223
         2      2086         2         4         2         7         1         7         1         0      4851
         2      2086         2         4         3         8         4         8         1         0      7150
         2      2086         2         4         4         4         1         4         1         0      2540
         2      2086         2         4         5        10         3         0         1         0       996
         2      2086         2         4         6         9         1         3         0         0      2584
         2      2086         2         4         7         9         3         3         0         0      1901
         2      2086         2         4         8         1         4         1         1         0      1293
         2      2086         2         4         9         4         4         6         0         0      3956
         2      2086         2         4        10         4         2         4         1         1      3283
         2      2086         2         4        11         5         1         5         1         0       954
         2      2086         2         4        12         2         3         1         0         0      1233
         2      2086         2         4        13        10         1         0         1         0       973
         2      2086         2         4        14         1         3         3         0         0      3891
         2      2086         2         4        15         7         4         0         0         0      1108
         2      2086         2         4        16         9         4         7         0         0      8611
         2      2086         2         4        17         8         2         8         1         1      3110
         2      2086         2         4        18         2         4         2         1         0     10758
         2      2086         2         4        19         7         2         7         1         1      3508
         2      2086         2         4        20         2         1         2         1         0      1460
         2      2086         2         4        21         1         2         1         1         1       902
         2      2086         2         4        22         4         3         0         0         0      1006
         2      2086         2         4        23         5         3         5         1         0       898
         2      2086         2         4        24        10         4         0         1         0       891
         2      2086         2         4        25         6         2         6         1         1      1956
         2      2086         2         4        26         2         2         2         1         1      8274
         2      2086         2         4        27         7         3         0         0         0      2660
         2      2086         2         4        28         8         1         8         1         0      3270
         2      2086         2         4        29         5         4         5         1         0      6096
         2      2086         2         4        30         8         3         3         0         0      5910
         2      2086         2         4        31         3         3         7         0         0      7526
         2      2086         2         4        32         6         4         6         1         0      5686
         2      2086         2         4        33         6         1         6         1         0       943
         2      2086         2         4        34         3         4         3         1         0      2469
         2      2086         2         4        35         6         3         2         0         0      2623
         2      2086         2         4        36         3         1         3         1         0      3267
         2      2086         2         4        37         3         2         3         1         1      3851
         2      2086         2         4        38        10         2         0         1         1      1086
         2      2086         2         4        39         1         1         1         1         0      1054
         2      2086         2         4        40         9         2         9         1         1      1313
