Condition Subject Session Block Trial Subtype Token Response Correct Feedback RT 
         4      4122         1         1         1         8         2         0         0         1     15291
         4      4122         1         1         2         3         2         3         1         1      2947
         4      4122         1         1         3         8         1         0         0         1      3960
         4      4122         1         1         4         8         1         8         1         1      2774
         4      4122         1         1         5         1         1         1         1         1      2979
         4      4122         1         1         6         4         2         9         0         1      7207
         4      4122         1         1         7         3         2         3         1         1      2099
         4      4122         1         1         8         7         2         4         0         1      7114
         4      4122         1         1         9         5         2         3         0         1      3993
         4      4122         1         1        10         9         2         6         0         1      7588
         4      4122         1         1        11         7         1         0         0         1      7745
         4      4122         1         1        12         6         2         6         1         1      1942
         4      4122         1         1        13         2         1         2         1         1     12484
         4      4122         1         1        14         9         1         9         1         1      5292
         4      4122         1         1        15         4         2         4         1         1      4197
         4      4122         1         1        16         5         1         3         0         1      2217
         4      4122         1         1        17         6         2         6         1         1      4012
         4      4122         1         1        18         5         1         5         1         1     10359
         4      4122         1         1        19         1         1         8         0         1      5797
         4      4122         1         1        20        10         1         0         1         1      2136
         4      4122         1         1        21        10         1         0         1         1      2268
         4      4122         1         1        22         8         2         8         1         1     30237
         4      4122         1         1        23         4         1         4         1         1      3999
         4      4122         1         1        24         6         1         6         1         1      2346
         4      4122         1         1        25        10         2         0         1         1      6793
         4      4122         1         1        26         6         1         6         1         1      1797
         4      4122         1         1        27         2         2         4         0         1      3545
         4      4122         1         1        28         3         1         3         1         1      4215
         4      4122         1         1        29         9         2         9         1         1      2233
         4      4122         1         1        30         1         2         4         0         1     11084
         4      4122         1         1        31         5         2         5         1         1      4749
         4      4122         1         1        32         2         1         4         0         1      1756
         4      4122         1         1        33        10         2         0         1         1      1843
         4      4122         1         1        34         2         2         7         0         1      5910
         4      4122         1         1        35         3         1         3         1         1      6294
         4      4122         1         1        36         9         1         9         1         1      2567
         4      4122         1         1        37         1         2         1         1         1     11453
         4      4122         1         1        38         7         1         8         0         1      9167
         4      4122         1         1        39         7         2         7         1         1      4461
         4      4122         1         1        40         4         1         4         1         1      2853
         4      4122         1         2         1        10         2         0         1         1      6205
         4      4122         1         2         2         8         1         7         0         1      4465
         4      4122         1         2         3         5         2         5         1         1      2746
         4      4122         1         2         4         7         2         7         1         1      3577
         4      4122         1         2         5         8         2         8         1         1      8918
         4      4122         1         2         6         2         2         2         1         1      3214
         4      4122         1         2         7         3         2         3         1         1      2089
         4      4122         1         2         8         7         2         7         1         1      3282
         4      4122         1         2         9         6         2         6         1         1      2859
         4      4122         1         2        10         6         1         6         1         1      1716
         4      4122         1         2        11         2         1         4         0         1      3020
         4      4122         1         2        12         1         2         1         1         1      1936
         4      4122         1         2        13         5         1         5         1         1      2479
         4      4122         1         2        14         3         2         3         1         1      1944
         4      4122         1         2        15         9         2         9         1         1      2150
         4      4122         1         2        16        10         1         0         1         1      1867
         4      4122         1         2        17         5         1         5         1         1      2061
         4      4122         1         2        18         5         2         5         1         1      2343
         4      4122         1         2        19         2         1         2         1         1      4006
         4      4122         1         2        20         9         1         9         1         1      2706
         4      4122         1         2        21         2         2         2         1         1      3698
         4      4122         1         2        22         1         1         1         1         1      6363
         4      4122         1         2        23         8         1         8         1         1      5784
         4      4122         1         2        24         1         2         1         1         1      6989
         4      4122         1         2        25         4         2         4         1         1      6817
         4      4122         1         2        26         1         1         1         1         1      2140
         4      4122         1         2        27         4         2         4         1         1      4627
         4      4122         1         2        28         3         1         3         1         1      5206
         4      4122         1         2        29        10         1         0         1         1      1649
         4      4122         1         2        30         7         1         8         0         1      6235
         4      4122         1         2        31         4         1         4         1         1      3341
         4      4122         1         2        32         6         1         6         1         1      1538
         4      4122         1         2        33         4         1         4         1         1      1393
         4      4122         1         2        34         9         1         9         1         1      1701
         4      4122         1         2        35         6         2         6         1         1      2413
         4      4122         1         2        36         7         1         7         1         1      3529
         4      4122         1         2        37         3         1         3         1         1      2295
         4      4122         1         2        38        10         2         0         1         1      1640
         4      4122         1         2        39         9         2         9         1         1      1795
         4      4122         1         2        40         8         2         8         1         1      5014
         4      4122         1         3         1         8         1         8         1         1      3875
         4      4122         1         3         2         8         2         8         1         1      2821
         4      4122         1         3         3         1         1         1         1         1      1953
         4      4122         1         3         4         1         2         1         1         1      1359
         4      4122         1         3         5         9         1         9         1         1      1781
         4      4122         1         3         6         5         1         5         1         1      2442
         4      4122         1         3         7         5         2         5         1         1      2420
         4      4122         1         3         8        10         1         0         1         1      1598
         4      4122         1         3         9         5         2         5         1         1      2426
         4      4122         1         3        10        10         2         0         1         1      2023
         4      4122         1         3        11         3         1         3         1         1      3090
         4      4122         1         3        12         8         2         8         1         1      3651
         4      4122         1         3        13         2         2         2         1         1      3470
         4      4122         1         3        14         1         2         1         1         1      1504
         4      4122         1         3        15        10         1         0         1         1      1550
         4      4122         1         3        16         7         2         7         1         1      5276
         4      4122         1         3        17         3         1         3         1         1      2597
         4      4122         1         3        18         2         1         2         1         1      2121
         4      4122         1         3        19         4         1         4         1         1      2080
         4      4122         1         3        20         7         1         7         1         1      6985
         4      4122         1         3        21         6         2         6         1         1      3374
         4      4122         1         3        22         4         1         4         1         1      2530
         4      4122         1         3        23         9         2         9         1         1      2328
         4      4122         1         3        24         4         2         4         1         1      1383
         4      4122         1         3        25         3         2         3         1         1      1595
         4      4122         1         3        26         5         1         5         1         1      2648
         4      4122         1         3        27         7         2         7         1         1      1833
         4      4122         1         3        28         2         1         2         1         1      2316
         4      4122         1         3        29         1         1         1         1         1      2892
         4      4122         1         3        30         3         2         3         1         1      1988
         4      4122         1         3        31         2         2         2         1         1      1106
         4      4122         1         3        32         6         1         6         1         1      1793
         4      4122         1         3        33         4         2         4         1         1      1766
         4      4122         1         3        34         6         2         6         1         1      1099
         4      4122         1         3        35         7         1         7         1         1      2555
         4      4122         1         3        36         8         1         8         1         1      3297
         4      4122         1         3        37         9         1         9         1         1      1322
         4      4122         1         3        38         6         1         6         1         1      1232
         4      4122         1         3        39        10         2         0         1         1      1356
         4      4122         1         3        40         9         2         9         1         1      1250
         4      4122         1         4         1         7         2         7         1         1      1754
         4      4122         1         4         2         6         1         6         1         1      1918
         4      4122         1         4         3         2         2         2         1         1      2557
         4      4122         1         4         4         8         2         7         0         1      3924
         4      4122         1         4         5         5         1         5         1         1      1172
         4      4122         1         4         6         2         1         2         1         1      1122
         4      4122         1         4         7        10         1         0         1         1      1232
         4      4122         1         4         8         6         2         6         1         1      1178
         4      4122         1         4         9         1         1         1         1         1      1176
         4      4122         1         4        10         7         2         7         1         1      1381
         4      4122         1         4        11         4         2         4         1         1      1129
         4      4122         1         4        12         4         2         4         1         1       968
         4      4122         1         4        13         8         2         7         0         1      1566
         4      4122         1         4        14         5         1         5         1         1      1356
         4      4122         1         4        15         4         1         4         1         1      1345
         4      4122         1         4        16         7         1         7         1         1      2472
         4      4122         1         4        17         1         1         1         1         1      1170
         4      4122         1         4        18         6         1         6         1         1      1038
         4      4122         1         4        19         8         1         8         1         1      2144
         4      4122         1         4        20         9         2         9         1         1      1270
         4      4122         1         4        21         5         2         5         1         1      1312
         4      4122         1         4        22        10         1         0         1         1      1286
         4      4122         1         4        23         1         2         1         1         1      1119
         4      4122         1         4        24        10         2         0         1         1      1263
         4      4122         1         4        25         9         1         9         1         1      1145
         4      4122         1         4        26         3         2         3         1         1      1206
         4      4122         1         4        27         2         2         2         1         1      1090
         4      4122         1         4        28         5         2         5         1         1      1139
         4      4122         1         4        29         3         1         3         1         1      2258
         4      4122         1         4        30         6         2         6         1         1      1251
         4      4122         1         4        31         7         1         8         0         1      2430
         4      4122         1         4        32         1         2         1         1         1      1369
         4      4122         1         4        33         4         1         4         1         1      1181
         4      4122         1         4        34         2         1         2         1         1      1163
         4      4122         1         4        35         8         1         8         1         1      2504
         4      4122         1         4        36         9         1         9         1         1      1328
         4      4122         1         4        37         3         1         3         1         1      1606
         4      4122         1         4        38         3         2         3         1         1      1202
         4      4122         1         4        39        10         2         0         1         1      1552
         4      4122         1         4        40         9         2         9         1         1      1357
         4      4122         1         5         1        10         1         0         1         1      1165
         4      4122         1         5         2         7         2         7         1         1      2171
         4      4122         1         5         3         8         1         8         1         1      1056
         4      4122         1         5         4         3         2         3         1         1       834
         4      4122         1         5         5         1         2         1         1         1       717
         4      4122         1         5         6         6         2         6         1         1      1772
         4      4122         1         5         7         2         2         2         1         1       817
         4      4122         1         5         8         1         2         1         1         1       573
         4      4122         1         5         9         9         2         9         1         1      1538
         4      4122         1         5        10         7         1         7         1         1      7153
         4      4122         1         5        11         9         2         9         1         1      1407
         4      4122         1         5        12         3         2         3         1         1       979
         4      4122         1         5        13         9         1         9         1         1      1639
         4      4122         1         5        14         6         1         6         1         1      1841
         4      4122         1         5        15         5         1         5         1         1      2388
         4      4122         1         5        16         3         1         3         1         1       960
         4      4122         1         5        17         2         1         2         1         1       727
         4      4122         1         5        18         5         1         5         1         1      1478
         4      4122         1         5        19         5         2         5         1         1      2183
         4      4122         1         5        20        10         2         0         1         1      1325
         4      4122         1         5        21         4         2         4         1         1      3076
         4      4122         1         5        22         1         1         1         1         1      1606
         4      4122         1         5        23         9         1         9         1         1      1378
         4      4122         1         5        24         2         1         2         1         1      1399
         4      4122         1         5        25         7         2         7         1         1      2139
         4      4122         1         5        26        10         1         0         1         1       864
         4      4122         1         5        27         8         2         8         1         1      4202
         4      4122         1         5        28        10         2         0         1         1       815
         4      4122         1         5        29         6         2         6         1         1      1435
         4      4122         1         5        30         4         2         4         1         1      3565
         4      4122         1         5        31         5         2         5         1         1      2314
         4      4122         1         5        32         8         1         8         1         1      2761
         4      4122         1         5        33         7         1         7         1         1      2791
         4      4122         1         5        34         2         2         2         1         1       772
         4      4122         1         5        35         8         2         7         0         1      2434
         4      4122         1         5        36         3         1         3         1         1      1036
         4      4122         1         5        37         4         1         4         1         1      1406
         4      4122         1         5        38         1         1         1         1         1      1251
         4      4122         1         5        39         4         1         4         1         1      1084
         4      4122         1         5        40         6         1         6         1         1      1020
         4      4122         1         6         1         8         2         8         1         1      4259
         4      4122         1         6         2         9         1         9         1         1      1269
         4      4122         1         6         3        10         1         0         1         1      1117
         4      4122         1         6         4         7         2         7         1         1      1309
         4      4122         1         6         5         3         2         3         1         1      1029
         4      4122         1         6         6         9         1         9         1         1      1000
         4      4122         1         6         7         7         1         8         0         1      3037
         4      4122         1         6         8         7         2         7         1         1      1392
         4      4122         1         6         9         4         1         4         1         1      1187
         4      4122         1         6        10         8         2         8         1         1      3920
         4      4122         1         6        11         5         1         5         1         1      1280
         4      4122         1         6        12         3         1         3         1         1      1321
         4      4122         1         6        13         2         2         2         1         1      1840
         4      4122         1         6        14         1         2         1         1         1      1363
         4      4122         1         6        15         4         1         4         1         1      1271
         4      4122         1         6        16         2         2         2         1         1      1360
         4      4122         1         6        17         5         2         5         1         1      2054
         4      4122         1         6        18         1         1         1         1         1      1297
         4      4122         1         6        19         8         1         8         1         1      1913
         4      4122         1         6        20         4         2         4         1         1      1304
         4      4122         1         6        21         3         1         3         1         1      1296
         4      4122         1         6        22         9         2         9         1         1      1208
         4      4122         1         6        23         9         2         9         1         1      1283
         4      4122         1         6        24         6         2         6         1         1      1196
         4      4122         1         6        25         5         1         5         1         1      1016
         4      4122         1         6        26         4         2         4         1         1      1036
         4      4122         1         6        27         6         1         6         1         1       973
         4      4122         1         6        28         3         2         3         1         1      1057
         4      4122         1         6        29         2         1         2         1         1      1620
         4      4122         1         6        30        10         1         0         1         1      1022
         4      4122         1         6        31         5         2         5         1         1      1041
         4      4122         1         6        32         1         1         1         1         1      2323
         4      4122         1         6        33         7         1         7         1         1      3091
         4      4122         1         6        34         1         2         1         1         1       772
         4      4122         1         6        35         8         1         8         1         1      2417
         4      4122         1         6        36         2         1         2         1         1      1453
         4      4122         1         6        37        10         2         0         1         1      1201
         4      4122         1         6        38         6         2         6         1         1      1293
         4      4122         1         6        39         6         1         6         1         1      1253
         4      4122         1         6        40        10         2         0         1         1      1408
         4      4122         2         1         1         6         1         6         1         1      1561
         4      4122         2         1         2         5         2         5         1         0      1431
         4      4122         2         1         3         7         1         7         1         1      4874
         4      4122         2         1         4         7         4         4         0         0      4307
         4      4122         2         1         5         2         2         2         1         0      1443
         4      4122         2         1         6         2         1         2         1         1       710
         4      4122         2         1         7         2         4         2         1         0      1559
         4      4122         2         1         8         5         3         5         1         0      6213
         4      4122         2         1         9         4         1         4         1         1      1304
         4      4122         2         1        10         4         3         4         1         0      2688
         4      4122         2         1        11         6         2         6         1         0      1792
         4      4122         2         1        12         7         3         8         0         0      8804
         4      4122         2         1        13         8         1         8         1         1      2192
         4      4122         2         1        14         2         3         2         1         0      2005
         4      4122         2         1        15        10         3         0         1         0      4448
         4      4122         2         1        16         3         1         3         1         1      1338
         4      4122         2         1        17         3         4         3         1         0      1295
         4      4122         2         1        18         4         2         4         1         0      1447
         4      4122         2         1        19         4         4         4         1         0      1401
         4      4122         2         1        20         9         2         9         1         0      1517
         4      4122         2         1        21         5         4         3         0         0      2956
         4      4122         2         1        22         1         2         1         1         0       819
         4      4122         2         1        23         5         1         5         1         1      1375
         4      4122         2         1        24         3         2         3         1         0       868
         4      4122         2         1        25        10         1         0         1         1      1324
         4      4122         2         1        26        10         2         0         1         0      1348
         4      4122         2         1        27         7         2         7         1         0      2378
         4      4122         2         1        28         9         4         9         1         0      3191
         4      4122         2         1        29         8         2         7         0         0      4804
         4      4122         2         1        30        10         4         0         1         0      5473
         4      4122         2         1        31         8         3         8         1         0      8756
         4      4122         2         1        32         8         4         7         0         0      7266
         4      4122         2         1        33         3         3         3         1         0      2731
         4      4122         2         1        34         1         3         1         1         0      1706
         4      4122         2         1        35         9         1         9         1         1       978
         4      4122         2         1        36         1         1         1         1         1       951
         4      4122         2         1        37         9         3         9         1         0       797
         4      4122         2         1        38         1         4         1         1         0      2105
         4      4122         2         1        39         6         3         6         1         0      2465
         4      4122         2         1        40         6         4         6         1         0      6426
         4      4122         2         2         1        10         2         0         1         1      1741
         4      4122         2         2         2         8         4         7         0         0      3604
         4      4122         2         2         3         8         3         8         1         0      2193
         4      4122         2         2         4         6         4         6         1         0      1637
         4      4122         2         2         5         2         1         2         1         0       769
         4      4122         2         2         6         8         1         8         1         0      2830
         4      4122         2         2         7         7         3         6         0         0      7529
         4      4122         2         2         8         2         2         2         1         1       760
         4      4122         2         2         9         4         3         4         1         0      1126
         4      4122         2         2        10         2         3         2         1         0       678
         4      4122         2         2        11         4         2         4         1         1      1046
         4      4122         2         2        12         1         3         1         1         0      1128
         4      4122         2         2        13         9         3         9         1         0      1191
         4      4122         2         2        14        10         4         0         1         0      1077
         4      4122         2         2        15         3         4         3         1         0       789
         4      4122         2         2        16         3         1         3         1         0      1042
         4      4122         2         2        17        10         3         0         1         0       868
         4      4122         2         2        18         7         1         7         1         0     10125
         4      4122         2         2        19         1         2         1         1         1       694
         4      4122         2         2        20         3         2         3         1         1      1270
         4      4122         2         2        21         2         4         2         1         0       720
         4      4122         2         2        22         9         1         9         1         0      1792
         4      4122         2         2        23         5         3         5         1         0      5333
         4      4122         2         2        24         5         4         3         0         0       828
         4      4122         2         2        25         6         2         6         1         1      1190
         4      4122         2         2        26         5         1         5         1         0      2083
         4      4122         2         2        27         4         4         4         1         0      1212
         4      4122         2         2        28         1         1         1         1         0       680
         4      4122         2         2        29         4         1         4         1         0      2215
         4      4122         2         2        30        10         1         0         1         0      1018
         4      4122         2         2        31         5         2         5         1         1      4045
         4      4122         2         2        32         7         4         4         0         0      5046
         4      4122         2         2        33         9         4         9         1         0      2071
         4      4122         2         2        34         6         1         6         1         0      1696
         4      4122         2         2        35         8         2         7         0         1      4760
         4      4122         2         2        36         7         2         7         1         1      1302
         4      4122         2         2        37         6         3         6         1         0      2190
         4      4122         2         2        38         1         4         1         1         0      1523
         4      4122         2         2        39         9         2         9         1         1      1058
         4      4122         2         2        40         3         3         3         1         0       932
         4      4122         2         3         1         7         3         8         0         0      6714
         4      4122         2         3         2         3         1         3         1         1       761
         4      4122         2         3         3         6         2         6         1         0      1910
         4      4122         2         3         4         5         4         3         0         0       806
         4      4122         2         3         5         5         1         5         1         1      2451
         4      4122         2         3         6         8         2         8         1         0      3677
         4      4122         2         3         7         6         3         6         1         0      1926
         4      4122         2         3         8        10         1         0         1         1       691
         4      4122         2         3         9         7         2         7         1         0      1604
         4      4122         2         3        10         8         3         8         1         0      2337
         4      4122         2         3        11         5         3         5         1         0      2128
         4      4122         2         3        12         4         4         4         1         0      1126
         4      4122         2         3        13         4         1         4         1         1       997
         4      4122         2         3        14         6         1         6         1         1      2136
         4      4122         2         3        15         8         1         8         1         1      2895
         4      4122         2         3        16         9         4         9         1         0       807
         4      4122         2         3        17         3         4         3         1         0       754
         4      4122         2         3        18         3         3         3         1         0       656
         4      4122         2         3        19        10         4         0         1         0      1043
         4      4122         2         3        20         1         3         1         1         0      1478
         4      4122         2         3        21         2         2         2         1         0       823
         4      4122         2         3        22         4         2         4         1         0      1138
         4      4122         2         3        23         8         4         8         1         0      3904
         4      4122         2         3        24         4         3         4         1         0      1232
         4      4122         2         3        25         1         2         1         1         0       859
         4      4122         2         3        26         7         4         8         0         0      4325
         4      4122         2         3        27         5         2         5         1         0      2789
         4      4122         2         3        28        10         3         0         1         0       785
         4      4122         2         3        29         6         4         6         1         0      1581
         4      4122         2         3        30         1         1         1         1         1       682
         4      4122         2         3        31         1         4         1         1         0       714
         4      4122         2         3        32         2         3         2         1         0       634
         4      4122         2         3        33         3         2         3         1         0       763
         4      4122         2         3        34         9         3         9         1         0       889
         4      4122         2         3        35         2         4         2         1         0       595
         4      4122         2         3        36         9         1         9         1         1       759
         4      4122         2         3        37         9         2         9         1         0       773
         4      4122         2         3        38         7         1         7         1         1      1858
         4      4122         2         3        39        10         2         0         1         0       821
         4      4122         2         3        40         2         1         2         1         1       753
         4      4122         2         4         1         2         2         2         1         1       744
         4      4122         2         4         2         6         2         6         1         1      1302
         4      4122         2         4         3         7         3         8         0         0      2879
         4      4122         2         4         4         1         2         1         1         1       728
         4      4122         2         4         5         2         4         2         1         0       647
         4      4122         2         4         6         6         1         6         1         0      1320
         4      4122         2         4         7        10         2         0         1         1      5536
         4      4122         2         4         8         5         3         5         1         0      1504
         4      4122         2         4         9         9         2         9         1         1       895
         4      4122         2         4        10         3         1         3         1         0       647
         4      4122         2         4        11         1         4         1         1         0       776
         4      4122         2         4        12         6         4         6         1         0      1334
         4      4122         2         4        13         3         2         3         1         1       715
         4      4122         2         4        14         3         4         3         1         0       666
         4      4122         2         4        15         8         4         7         0         0      5611
         4      4122         2         4        16        10         4         0         1         0       744
         4      4122         2         4        17         7         4         8         0         0      4870
         4      4122         2         4        18         4         1         4         1         0      1038
         4      4122         2         4        19         4         4         4         1         0      1297
         4      4122         2         4        20         9         3         9         1         0       906
         4      4122         2         4        21         1         3         1         1         0      2530
         4      4122         2         4        22         5         2         5         1         1      1512
         4      4122         2         4        23        10         1         0         1         0       935
         4      4122         2         4        24         9         4         9         1         0      1052
         4      4122         2         4        25         2         1         2         1         0       671
         4      4122         2         4        26         8         1         8         1         0      3791
         4      4122         2         4        27         4         3         4         1         0      1972
         4      4122         2         4        28         3         3         3         1         0       720
         4      4122         2         4        29         1         1         1         1         0       688
         4      4122         2         4        30         7         2         7         1         1      1346
         4      4122         2         4        31         7         1         7         1         0      1448
         4      4122         2         4        32         9         1         9         1         0      1258
         4      4122         2         4        33        10         3         0         1         0       756
         4      4122         2         4        34         6         3         6         1         0      1537
         4      4122         2         4        35         8         2         7         0         1      3377
         4      4122         2         4        36         5         1         5         1         0      1063
         4      4122         2         4        37         5         4         3         0         0       743
         4      4122         2         4        38         8         3         8         1         0      2439
         4      4122         2         4        39         2         3         2         1         0       627
         4      4122         2         4        40         4         2         4         1         1       981
