Condition Subject Session Block Trial Subtype Token Response Correct Feedback RT 
         1      1110         1         1         1         5         1         7         0         1     20448
         1      1110         1         1         2         8         1         6         0         1      8829
         1      1110         1         1         3         5         1         5         1         1      3591
         1      1110         1         1         4         5         2         2         0         1      3458
         1      1110         1         1         5         9         1         0         0         1      2963
         1      1110         1         1         6         7         1         9         0         1      3319
         1      1110         1         1         7         3         1         9         0         1      6110
         1      1110         1         1         8         1         1         5         0         1      2820
         1      1110         1         1         9         7         1         8         0         1      3727
         1      1110         1         1        10         2         2         4         0         1      3606
         1      1110         1         1        11         1         2         0         0         1      3169
         1      1110         1         1        12         6         2         4         0         1      5918
         1      1110         1         1        13         1         2         3         0         1     19373
         1      1110         1         1        14        10         2         0         1         1      4177
         1      1110         1         1        15         3         1         8         0         1      3126
         1      1110         1         1        16         3         2         7         0         1      2725
         1      1110         1         1        17        10         1         8         0         1      5090
         1      1110         1         1        18         9         1         9         1         1      2738
         1      1110         1         1        19         2         2         4         0         1     11056
         1      1110         1         1        20         5         2         3         0         1      2882
         1      1110         1         1        21         9         2         9         1         1      2187
         1      1110         1         1        22         7         2         6         0         1      2158
         1      1110         1         1        23        10         1         5         0         1      2897
         1      1110         1         1        24         3         2         5         0         1      3833
         1      1110         1         1        25         8         1         5         0         1      9259
         1      1110         1         1        26         7         2         6         0         1      2853
         1      1110         1         1        27         4         2         0         0         1      4460
         1      1110         1         1        28         4         1         4         1         1      1671
         1      1110         1         1        29         1         1         1         1         1      7661
         1      1110         1         1        30         8         2         0         0         1      2966
         1      1110         1         1        31         9         2         9         1         1      1851
         1      1110         1         1        32         8         2         8         1         1      4269
         1      1110         1         1        33         6         2         6         1         1      1981
         1      1110         1         1        34        10         2         0         1         1      1818
         1      1110         1         1        35         2         1         6         0         1      2397
         1      1110         1         1        36         6         1         6         1         1      1687
         1      1110         1         1        37         4         1         7         0         1      3329
         1      1110         1         1        38         6         1         6         1         1      1671
         1      1110         1         1        39         4         2         4         1         1      2350
         1      1110         1         1        40         2         1         2         1         1      4141
         1      1110         1         2         1         7         2         7         1         1      5506
         1      1110         1         2         2         5         1         5         1         1      2928
         1      1110         1         2         3        10         2         0         1         1      1495
         1      1110         1         2         4         3         2         5         0         1      3543
         1      1110         1         2         5         3         2         3         1         1      3797
         1      1110         1         2         6         9         1         9         1         1      2424
         1      1110         1         2         7         1         2         1         1         1      3538
         1      1110         1         2         8         9         1         9         1         1      1360
         1      1110         1         2         9         3         1         8         0         1      7398
         1      1110         1         2        10         5         1         5         1         1      2361
         1      1110         1         2        11         1         1         1         1         1      4197
         1      1110         1         2        12         2         2         4         0         1      3465
         1      1110         1         2        13         8         1         8         1         1      2361
         1      1110         1         2        14         2         2         2         1         1      3015
         1      1110         1         2        15         2         1         4         0         1      2009
         1      1110         1         2        16         6         1         6         1         1      1622
         1      1110         1         2        17         9         2         9         1         1      1569
         1      1110         1         2        18         7         1         7         1         1      4479
         1      1110         1         2        19         7         1         7         1         1      1496
         1      1110         1         2        20         2         1         1         0         1      6168
         1      1110         1         2        21         6         2         6         1         1      1725
         1      1110         1         2        22         7         2         8         0         1      8067
         1      1110         1         2        23         1         2         1         1         1      4764
         1      1110         1         2        24         5         2         3         0         1     12602
         1      1110         1         2        25         4         1         4         1         1      1934
         1      1110         1         2        26         4         1         4         1         1      1517
         1      1110         1         2        27         9         2         9         1         1      1291
         1      1110         1         2        28         1         1         1         1         1      3266
         1      1110         1         2        29        10         1         0         1         1      2011
         1      1110         1         2        30         8         1         8         1         1      2053
         1      1110         1         2        31         3         1         5         0         1      3951
         1      1110         1         2        32         8         2         4         0         1      1661
         1      1110         1         2        33         6         2         6         1         1      3605
         1      1110         1         2        34         5         2         5         1         1      4322
         1      1110         1         2        35        10         1         0         1         1      1472
         1      1110         1         2        36         4         2         4         1         1      2048
         1      1110         1         2        37         4         2         4         1         1      1336
         1      1110         1         2        38        10         2         0         1         1      1279
         1      1110         1         2        39         6         1         6         1         1      1350
         1      1110         1         2        40         8         2         8         1         1      2334
         1      1110         1         3         1         5         2         5         1         1      1802
         1      1110         1         3         2         7         1         7         1         1     12079
         1      1110         1         3         3         4         2         2         0         1      6167
         1      1110         1         3         4         6         1         6         1         1      1387
         1      1110         1         3         5         2         2         2         1         1      3888
         1      1110         1         3         6         8         1         8         1         1      2672
         1      1110         1         3         7         4         1         4         1         1      2433
         1      1110         1         3         8         8         1         8         1         1      1435
         1      1110         1         3         9         2         1         2         1         1      3597
         1      1110         1         3        10         3         2         5         0         1      4329
         1      1110         1         3        11         1         1         1         1         1      1478
         1      1110         1         3        12         6         2         6         1         1      1285
         1      1110         1         3        13         4         2         4         1         1      1837
         1      1110         1         3        14         5         2         5         1         1      1663
         1      1110         1         3        15         9         2         9         1         1      2055
         1      1110         1         3        16         5         1         5         1         1      3905
         1      1110         1         3        17         1         2         1         1         1      3441
         1      1110         1         3        18        10         2         0         1         1      2019
         1      1110         1         3        19         4         1         4         1         1      2302
         1      1110         1         3        20         9         1         9         1         1      1341
         1      1110         1         3        21         9         2         9         1         1      1315
         1      1110         1         3        22         2         2         2         1         1      5994
         1      1110         1         3        23         7         1         7         1         1      4566
         1      1110         1         3        24         3         1         3         1         1      4092
         1      1110         1         3        25         1         1         1         1         1      1363
         1      1110         1         3        26         7         2         7         1         1     14871
         1      1110         1         3        27        10         1         0         1         1      1760
         1      1110         1         3        28         5         1         5         1         1      2230
         1      1110         1         3        29         2         1         2         1         1      2376
         1      1110         1         3        30        10         2         0         1         1       997
         1      1110         1         3        31         9         1         9         1         1       920
         1      1110         1         3        32         8         2         7         0         1      3663
         1      1110         1         3        33         6         1         6         1         1      1304
         1      1110         1         3        34         6         2         6         1         1      2575
         1      1110         1         3        35         3         1         3         1         1      2340
         1      1110         1         3        36         3         2         3         1         1      1603
         1      1110         1         3        37         1         2         1         1         1      1535
         1      1110         1         3        38        10         1         0         1         1      1675
         1      1110         1         3        39         8         2         8         1         1      2244
         1      1110         1         3        40         7         2         7         1         1      2565
         1      1110         1         4         1         2         2         2         1         1      4686
         1      1110         1         4         2         9         2         9         1         1      1727
         1      1110         1         4         3         1         1         1         1         1      1797
         1      1110         1         4         4         8         1         8         1         1      6440
         1      1110         1         4         5         7         2         7         1         1      6146
         1      1110         1         4         6         8         2         8         1         1      3928
         1      1110         1         4         7         8         2         8         1         1      1847
         1      1110         1         4         8         5         2         5         1         1      6632
         1      1110         1         4         9        10         1         0         1         1      1354
         1      1110         1         4        10         6         2         6         1         1      1727
         1      1110         1         4        11         1         2         1         1         1      3685
         1      1110         1         4        12         9         2         9         1         1      1565
         1      1110         1         4        13         4         2         4         1         1      3993
         1      1110         1         4        14         5         1         5         1         1      2773
         1      1110         1         4        15         6         1         6         1         1      1442
         1      1110         1         4        16         9         1         9         1         1      1156
         1      1110         1         4        17         4         2         4         1         1      4016
         1      1110         1         4        18         7         1         7         1         1      5308
         1      1110         1         4        19         3         2         3         1         1      2468
         1      1110         1         4        20         2         2         2         1         1      1964
         1      1110         1         4        21         5         2         5         1         1      3081
         1      1110         1         4        22        10         2         0         1         1      1514
         1      1110         1         4        23        10         1         0         1         1      1639
         1      1110         1         4        24         6         2         6         1         1      1232
         1      1110         1         4        25         8         1         8         1         1      1962
         1      1110         1         4        26         3         1         3         1         1      4119
         1      1110         1         4        27         6         1         6         1         1      1454
         1      1110         1         4        28         2         1         2         1         1      2720
         1      1110         1         4        29         3         1         3         1         1      8143
         1      1110         1         4        30        10         2         0         1         1      1414
         1      1110         1         4        31         2         1         2         1         1      2010
         1      1110         1         4        32         7         1         7         1         1      4581
         1      1110         1         4        33         3         2         3         1         1      1978
         1      1110         1         4        34         5         1         5         1         1      4886
         1      1110         1         4        35         4         1         4         1         1      2815
         1      1110         1         4        36         9         1         9         1         1      1385
         1      1110         1         4        37         1         1         1         1         1      2284
         1      1110         1         4        38         1         2         1         1         1      2876
         1      1110         1         4        39         4         1         4         1         1      1430
         1      1110         1         4        40         7         2         7         1         1      7656
         1      1110         1         5         1         9         2         9         1         1      1752
         1      1110         1         5         2         1         2         1         1         1      1326
         1      1110         1         5         3         5         2         5         1         1      4133
         1      1110         1         5         4         7         2         7         1         1      1851
         1      1110         1         5         5        10         2         0         1         1      1485
         1      1110         1         5         6         8         1         8         1         1      1565
         1      1110         1         5         7         8         1         8         1         1      1498
         1      1110         1         5         8         1         2         1         1         1      1337
         1      1110         1         5         9         7         2         7         1         1      3887
         1      1110         1         5        10         8         2         8         1         1      6975
         1      1110         1         5        11         6         1         6         1         1      1557
         1      1110         1         5        12         2         1         2         1         1      1331
         1      1110         1         5        13         3         1         3         1         1      3849
         1      1110         1         5        14         9         1         9         1         1      1546
         1      1110         1         5        15         2         1         2         1         1      2456
         1      1110         1         5        16         6         1         6         1         1      1569
         1      1110         1         5        17         2         2         2         1         1      2078
         1      1110         1         5        18         5         1         5         1         1      2983
         1      1110         1         5        19         3         2         3         1         1      1867
         1      1110         1         5        20         5         2         5         1         1      9596
         1      1110         1         5        21         1         1         1         1         1      1383
         1      1110         1         5        22         9         2         9         1         1      2523
         1      1110         1         5        23         8         2         8         1         1      2097
         1      1110         1         5        24         3         1         3         1         1      4105
         1      1110         1         5        25         4         1         4         1         1      1569
         1      1110         1         5        26         5         1         5         1         1      2175
         1      1110         1         5        27         9         1         9         1         1      1443
         1      1110         1         5        28        10         1         0         1         1      1476
         1      1110         1         5        29         7         1         7         1         1      2565
         1      1110         1         5        30         1         1         1         1         1      2137
         1      1110         1         5        31         2         2         2         1         1      2912
         1      1110         1         5        32         6         2         6         1         1      1463
         1      1110         1         5        33         4         1         4         1         1      1656
         1      1110         1         5        34         4         2         4         1         1      3232
         1      1110         1         5        35         6         2         6         1         1      1578
         1      1110         1         5        36         3         2         3         1         1      1941
         1      1110         1         5        37        10         2         0         1         1      1366
         1      1110         1         5        38         7         1         7         1         1      4234
         1      1110         1         5        39        10         1         0         1         1      1308
         1      1110         1         5        40         4         2         4         1         1      5938
         1      1110         1         6         1         6         2         6         1         1      1823
         1      1110         1         6         2         6         1         6         1         1      1650
         1      1110         1         6         3         3         1         3         1         1      3163
         1      1110         1         6         4         4         1         4         1         1      1641
         1      1110         1         6         5         8         2         8         1         1      2547
         1      1110         1         6         6         5         2         5         1         1     10249
         1      1110         1         6         7         8         1         8         1         1     10714
         1      1110         1         6         8         5         1         5         1         1      8841
         1      1110         1         6         9         9         1         9         1         1      8962
         1      1110         1         6        10         2         2         2         1         1      2887
         1      1110         1         6        11         7         2         7         1         1      7920
         1      1110         1         6        12         4         2         4         1         1      1790
         1      1110         1         6        13         1         1         1         1         1      3569
         1      1110         1         6        14         7         2         7         1         1      9726
         1      1110         1         6        15        10         2         0         1         1      1733
         1      1110         1         6        16         6         1         6         1         1      1243
         1      1110         1         6        17         8         2         8         1         1     11941
         1      1110         1         6        18         1         2         1         1         1      1267
         1      1110         1         6        19         5         1         5         1         1      1276
         1      1110         1         6        20         1         1         1         1         1      1155
         1      1110         1         6        21         3         2         3         1         1      2529
         1      1110         1         6        22         7         1         7         1         1      2760
         1      1110         1         6        23         9         1         9         1         1      1668
         1      1110         1         6        24         2         1         2         1         1      2734
         1      1110         1         6        25         4         1         4         1         1      2621
         1      1110         1         6        26         1         2         1         1         1      7919
         1      1110         1         6        27         2         2         2         1         1      1360
         1      1110         1         6        28        10         1         0         1         1      1508
         1      1110         1         6        29         4         2         4         1         1      2515
         1      1110         1         6        30         9         2         9         1         1      1993
         1      1110         1         6        31         3         2         3         1         1      1973
         1      1110         1         6        32        10         1         0         1         1      1618
         1      1110         1         6        33         2         1         2         1         1      5196
         1      1110         1         6        34         5         2         5         1         1      8215
         1      1110         1         6        35         6         2         6         1         1      1434
         1      1110         1         6        36        10         2         0         1         1      1357
         1      1110         1         6        37         7         1         7         1         1     10083
         1      1110         1         6        38         8         1         8         1         1      2284
         1      1110         1         6        39         3         1         3         1         1     10252
         1      1110         1         6        40         9         2         9         1         1      1326
         1      1110         2         1         1         9         1         9         1         1      2387
         1      1110         2         1         2         9         2         9         1         0      2367
         1      1110         2         1         3         3         2         3         1         0      1932
         1      1110         2         1         4         5         4         5         1         0      5577
         1      1110         2         1         5         4         3         4         1         0      1685
         1      1110         2         1         6         3         4         3         1         0      1822
         1      1110         2         1         7         3         1         3         1         1      4864
         1      1110         2         1         8         3         3         4         0         0      9098
         1      1110         2         1         9         6         4         6         1         0      1832
         1      1110         2         1        10         8         4         8         1         0      3097
         1      1110         2         1        11         7         2         7         1         0      3753
         1      1110         2         1        12         7         1         7         1         1      1520
         1      1110         2         1        13         1         3         3         0         0      5149
         1      1110         2         1        14         1         2         1         1         0      1435
         1      1110         2         1        15         4         1         4         1         1      1741
         1      1110         2         1        16         4         4         2         0         0      4051
         1      1110         2         1        17         9         3         9         1         0      1469
         1      1110         2         1        18         6         3         6         1         0      2397
         1      1110         2         1        19        10         3         4         0         0      3592
         1      1110         2         1        20         1         4         1         1         0      2706
         1      1110         2         1        21         2         4         2         1         0      1953
         1      1110         2         1        22        10         2         0         1         0      1407
         1      1110         2         1        23         2         2         2         1         0      1571
         1      1110         2         1        24         6         1         6         1         1      1696
         1      1110         2         1        25        10         1         0         1         1      1398
         1      1110         2         1        26         7         3         7         1         0      5368
         1      1110         2         1        27         7         4         5         0         0      8316
         1      1110         2         1        28        10         4         0         1         0     10587
         1      1110         2         1        29         9         4         9         1         0      5152
         1      1110         2         1        30         2         1         2         1         1      1854
         1      1110         2         1        31         2         3         2         1         0      3343
         1      1110         2         1        32         4         2         4         1         0      1636
         1      1110         2         1        33         5         3         5         1         0      8077
         1      1110         2         1        34         8         3         8         1         0      3157
         1      1110         2         1        35         5         2         5         1         0      3330
         1      1110         2         1        36         1         1         1         1         1      1640
         1      1110         2         1        37         6         2         6         1         0      1537
         1      1110         2         1        38         8         1         8         1         1      1343
         1      1110         2         1        39         5         1         5         1         1      2085
         1      1110         2         1        40         8         2         8         1         0      3149
         1      1110         2         2         1         6         2         6         1         1      1718
         1      1110         2         2         2         3         4         4         0         0      4141
         1      1110         2         2         3         6         1         6         1         0      4482
         1      1110         2         2         4         9         3         9         1         0      1611
         1      1110         2         2         5         5         3         3         0         0      5253
         1      1110         2         2         6        10         3         4         0         0      2366
         1      1110         2         2         7         5         4         5         1         0      2730
         1      1110         2         2         8         5         1         5         1         0      1192
         1      1110         2         2         9         8         4         8         1         0      2308
         1      1110         2         2        10         7         2         7         1         1      4259
         1      1110         2         2        11         8         1         8         1         0      1605
         1      1110         2         2        12         2         4         2         1         0      2543
         1      1110         2         2        13         1         4         1         1         0      6517
         1      1110         2         2        14         4         4         2         0         0      1837
         1      1110         2         2        15         5         2         5         1         1      2030
         1      1110         2         2        16        10         2         0         1         1      1306
         1      1110         2         2        17         3         3         8         0         0      5634
         1      1110         2         2        18         7         1         7         1         0      1517
         1      1110         2         2        19         2         3         2         1         0      1612
         1      1110         2         2        20        10         4         0         1         0      3335
         1      1110         2         2        21         1         3         3         0         0      5598
         1      1110         2         2        22         6         4         6         1         0      1431
         1      1110         2         2        23         4         2         4         1         1      2952
         1      1110         2         2        24         9         4         9         1         0      4509
         1      1110         2         2        25        10         1         0         1         0      1620
         1      1110         2         2        26         1         2         1         1         1      1551
         1      1110         2         2        27         3         1         3         1         0      4989
         1      1110         2         2        28         2         1         2         1         0      1522
         1      1110         2         2        29         4         1         4         1         0      1585
         1      1110         2         2        30         9         2         9         1         1      1853
         1      1110         2         2        31         2         2         2         1         1      3599
         1      1110         2         2        32         7         3         7         1         0      2010
         1      1110         2         2        33         8         3         8         1         0      1717
         1      1110         2         2        34         9         1         9         1         0      1739
         1      1110         2         2        35         3         2         3         1         1      1634
         1      1110         2         2        36         8         2         8         1         1      2333
         1      1110         2         2        37         4         3         4         1         0      5115
         1      1110         2         2        38         6         3         6         1         0      1434
         1      1110         2         2        39         7         4         3         0         0      8044
         1      1110         2         2        40         1         1         1         1         0      1429
         1      1110         2         3         1        10         3         4         0         0      2000
         1      1110         2         3         2         9         3         9         1         0      1723
         1      1110         2         3         3         8         2         8         1         0      1858
         1      1110         2         3         4         7         2         7         1         0      2052
         1      1110         2         3         5         7         3         7         1         0      2190
         1      1110         2         3         6         9         1         9         1         1      1249
         1      1110         2         3         7         3         4         3         1         0      2683
         1      1110         2         3         8        10         2         0         1         0      1276
         1      1110         2         3         9         1         4         1         1         0      4645
         1      1110         2         3        10         3         2         3         1         0      1957
         1      1110         2         3        11         3         1         3         1         1      3475
         1      1110         2         3        12         9         4         9         1         0      2228
         1      1110         2         3        13         4         3         4         1         0      1494
         1      1110         2         3        14         5         1         5         1         1      2118
         1      1110         2         3        15         1         3         7         0         0     20188
         1      1110         2         3        16         8         3         8         1         0      1376
         1      1110         2         3        17         7         1         7         1         1      1413
         1      1110         2         3        18         3         3         7         0         0      5305
         1      1110         2         3        19         9         2         9         1         0      1424
         1      1110         2         3        20         6         4         6         1         0      1442
         1      1110         2         3        21         2         1         2         1         1      1349
         1      1110         2         3        22         6         3         6         1         0      1578
         1      1110         2         3        23         7         4         5         0         0     19445
         1      1110         2         3        24         2         4         2         1         0      3111
         1      1110         2         3        25         4         1         4         1         1      1367
         1      1110         2         3        26         2         2         2         1         0      1436
         1      1110         2         3        27         5         4         5         1         0      1534
         1      1110         2         3        28         5         2         5         1         0      2124
         1      1110         2         3        29         1         2         1         1         0      1298
         1      1110         2         3        30        10         1         0         1         1      1465
         1      1110         2         3        31        10         4         0         1         0      5546
         1      1110         2         3        32         1         1         1         1         1      1512
         1      1110         2         3        33         6         2         6         1         0      1158
         1      1110         2         3        34         4         2         4         1         0      3667
         1      1110         2         3        35         4         4         2         0         0      8604
         1      1110         2         3        36         8         1         8         1         1      1472
         1      1110         2         3        37         5         3         5         1         0      2241
         1      1110         2         3        38         2         3         2         1         0      3156
         1      1110         2         3        39         8         4         8         1         0      1873
         1      1110         2         3        40         6         1         6         1         1      1427
         1      1110         2         4         1         3         4         3         1         0      3169
         1      1110         2         4         2         1         2         1         1         1      1342
         1      1110         2         4         3         4         3         4         1         0      1685
         1      1110         2         4         4         1         4         1         1         0      4780
         1      1110         2         4         5         9         4         9         1         0      4568
         1      1110         2         4         6         6         4         6         1         0      1325
         1      1110         2         4         7         8         4         8         1         0      1683
         1      1110         2         4         8        10         1         0         1         0      1899
         1      1110         2         4         9         8         3         8         1         0      1515
         1      1110         2         4        10         8         1         8         1         0      1418
         1      1110         2         4        11         1         1         1         1         0      1116
         1      1110         2         4        12         4         1         4         1         0      1597
         1      1110         2         4        13         2         4         2         1         0      2216
         1      1110         2         4        14         9         2         9         1         1      1658
         1      1110         2         4        15         5         2         5         1         1      1381
         1      1110         2         4        16         4         4         2         0         0      9321
         1      1110         2         4        17         7         3         3         0         0     11104
         1      1110         2         4        18         3         3         4         0         0      7536
         1      1110         2         4        19         6         3         6         1         0      1487
         1      1110         2         4        20        10         3         4         0         0      2478
         1      1110         2         4        21         3         1         3         1         0      3784
         1      1110         2         4        22         8         2         8         1         1      1500
         1      1110         2         4        23         4         2         4         1         1      1803
         1      1110         2         4        24         2         2         2         1         1      1215
         1      1110         2         4        25         5         4         5         1         0      1771
         1      1110         2         4        26        10         2         0         1         1      1521
         1      1110         2         4        27         5         1         5         1         0      1151
         1      1110         2         4        28         5         3         5         1         0      7885
         1      1110         2         4        29         2         3         2         1         0      4494
         1      1110         2         4        30         6         1         6         1         0      1430
         1      1110         2         4        31         2         1         2         1         0      1369
         1      1110         2         4        32        10         4         0         1         0      3070
         1      1110         2         4        33         3         2         3         1         1      1423
         1      1110         2         4        34         9         1         9         1         0      1202
         1      1110         2         4        35         7         2         7         1         1      3053
         1      1110         2         4        36         6         2         6         1         1      1439
         1      1110         2         4        37         7         4         7         1         0     11457
         1      1110         2         4        38         1         3         3         0         0      4082
         1      1110         2         4        39         9         3         9         1         0      1451
         1      1110         2         4        40         7         1         7         1         0      2077
