Condition Subject Session Block Trial Subtype Token Response Correct Feedback RT 
         4      4075         1         1         1         9         2         7         0         1     18828
         4      4075         1         1         2         6         2         4         0         1     12992
         4      4075         1         1         3         9         1         2         0         1     13092
         4      4075         1         1         4         1         2         0         0         1     10581
         4      4075         1         1         5        10         1         0         1         1      5048
         4      4075         1         1         6         3         1         3         1         1      3129
         4      4075         1         1         7         2         1         8         0         1      7368
         4      4075         1         1         8         5         2         4         0         1      7948
         4      4075         1         1         9        10         2         0         1         1      5547
         4      4075         1         1        10         4         1         8         0         1      4919
         4      4075         1         1        11         3         2         3         1         1      2061
         4      4075         1         1        12         5         1         5         1         1      9446
         4      4075         1         1        13         8         2         0         0         1      1993
         4      4075         1         1        14         6         1         6         1         1      2500
         4      4075         1         1        15         9         2         9         1         1      2090
         4      4075         1         1        16         2         2         1         0         1      7779
         4      4075         1         1        17         7         1         7         1         1     11127
         4      4075         1         1        18         1         2         1         1         1      9013
         4      4075         1         1        19         1         1         7         0         1      9624
         4      4075         1         1        20         9         1         6         0         1      7907
         4      4075         1         1        21         4         2         4         1         1     12402
         4      4075         1         1        22         7         2         8         0         1     23822
         4      4075         1         1        23         1         1         2         0         1     16626
         4      4075         1         1        24         3         1         3         1         1      1813
         4      4075         1         1        25         6         1         6         1         1      3318
         4      4075         1         1        26         6         2         6         1         1      2781
         4      4075         1         1        27         2         2         2         1         1      4666
         4      4075         1         1        28         8         1         0         0         1      2138
         4      4075         1         1        29         5         2         5         1         1      8384
         4      4075         1         1        30         4         1         8         0         1     21563
         4      4075         1         1        31         7         1         0         0         1     14312
         4      4075         1         1        32         5         1         3         0         1      4231
         4      4075         1         1        33         3         2         3         1         1      2378
         4      4075         1         1        34        10         1         0         1         1      4676
         4      4075         1         1        35         2         1         2         1         1      1541
         4      4075         1         1        36         8         2         4         0         1      3043
         4      4075         1         1        37         4         2         4         1         1      2453
         4      4075         1         1        38         8         1         8         1         1      8367
         4      4075         1         1        39         7         2         7         1         1     14764
         4      4075         1         1        40        10         2         4         0         1      2074
         4      4075         1         2         1         1         2         1         1         1      5843
         4      4075         1         2         2         3         1         3         1         1      5813
         4      4075         1         2         3         4         2         4         1         1      1687
         4      4075         1         2         4         5         2         5         1         1      1775
         4      4075         1         2         5         1         1         1         1         1     20372
         4      4075         1         2         6        10         1         0         1         1      2672
         4      4075         1         2         7         8         2         8         1         1      5633
         4      4075         1         2         8        10         2         0         1         1      4716
         4      4075         1         2         9         9         1         9         1         1      2250
         4      4075         1         2        10         1         2         1         1         1      1485
         4      4075         1         2        11         5         2         5         1         1      4812
         4      4075         1         2        12         9         2         9         1         1      3735
         4      4075         1         2        13         8         2         8         1         1      4782
         4      4075         1         2        14         9         1         9         1         1      1978
         4      4075         1         2        15         5         1         5         1         1      6055
         4      4075         1         2        16         8         1         7         0         1     10288
         4      4075         1         2        17         4         1         4         1         1      1584
         4      4075         1         2        18         3         2         3         1         1      2620
         4      4075         1         2        19         3         1         3         1         1      1934
         4      4075         1         2        20         8         1         8         1         1      1660
         4      4075         1         2        21         7         1         7         1         1      4422
         4      4075         1         2        22         1         1         1         1         1      2529
         4      4075         1         2        23         6         2         6         1         1      1911
         4      4075         1         2        24         4         1         4         1         1      1269
         4      4075         1         2        25         6         2         6         1         1      1534
         4      4075         1         2        26         7         2         7         1         1     10012
         4      4075         1         2        27        10         1         0         1         1      2757
         4      4075         1         2        28        10         2         0         1         1      5875
         4      4075         1         2        29         7         1         7         1         1      1749
         4      4075         1         2        30         9         2         9         1         1      1354
         4      4075         1         2        31         3         2         3         1         1      5375
         4      4075         1         2        32         6         1         6         1         1      3651
         4      4075         1         2        33         2         2         2         1         1      1261
         4      4075         1         2        34         2         1         2         1         1      1462
         4      4075         1         2        35         2         2         2         1         1      1431
         4      4075         1         2        36         4         2         4         1         1      1529
         4      4075         1         2        37         6         1         6         1         1      1559
         4      4075         1         2        38         2         1         2         1         1      1109
         4      4075         1         2        39         5         1         5         1         1      3700
         4      4075         1         2        40         7         2         7         1         1      1436
         4      4075         1         3         1         8         1         8         1         1      4579
         4      4075         1         3         2         7         1         7         1         1      1400
         4      4075         1         3         3         9         1         9         1         1      3516
         4      4075         1         3         4         6         2         6         1         1      1178
         4      4075         1         3         5         5         2         5         1         1      2710
         4      4075         1         3         6         2         2         2         1         1      1206
         4      4075         1         3         7         3         1         3         1         1      1570
         4      4075         1         3         8         8         2         4         0         1      7968
         4      4075         1         3         9         2         2         2         1         1      1116
         4      4075         1         3        10        10         1         0         1         1      1594
         4      4075         1         3        11         6         1         6         1         1      1124
         4      4075         1         3        12         3         2         3         1         1      2034
         4      4075         1         3        13         4         2         4         1         1      1244
         4      4075         1         3        14         9         2         9         1         1      1621
         4      4075         1         3        15         9         2         9         1         1      2159
         4      4075         1         3        16         1         1         1         1         1      2196
         4      4075         1         3        17         1         2         1         1         1      1368
         4      4075         1         3        18         3         1         3         1         1      2109
         4      4075         1         3        19         1         1         1         1         1      2533
         4      4075         1         3        20         4         2         4         1         1      1115
         4      4075         1         3        21        10         2         0         1         1      1403
         4      4075         1         3        22         8         2         8         1         1      1823
         4      4075         1         3        23         6         2         6         1         1      2130
         4      4075         1         3        24         4         1         4         1         1      6471
         4      4075         1         3        25         2         1         2         1         1      4849
         4      4075         1         3        26         7         1         7         1         1     10779
         4      4075         1         3        27        10         2         0         1         1      2632
         4      4075         1         3        28         5         1         5         1         1      5962
         4      4075         1         3        29         3         2         3         1         1      6871
         4      4075         1         3        30         5         2         5         1         1      4704
         4      4075         1         3        31         1         2         1         1         1      2848
         4      4075         1         3        32         7         2         7         1         1      3674
         4      4075         1         3        33        10         1         0         1         1      1361
         4      4075         1         3        34         6         1         6         1         1      1157
         4      4075         1         3        35         5         1         5         1         1      1570
         4      4075         1         3        36         9         1         9         1         1       991
         4      4075         1         3        37         8         1         8         1         1      3091
         4      4075         1         3        38         7         2         7         1         1      1604
         4      4075         1         3        39         4         1         4         1         1      1359
         4      4075         1         3        40         2         1         2         1         1      1508
         4      4075         1         4         1         9         2         9         1         1      1398
         4      4075         1         4         2         2         2         2         1         1       922
         4      4075         1         4         3        10         2         0         1         1      1154
         4      4075         1         4         4         6         1         6         1         1       991
         4      4075         1         4         5         5         1         5         1         1      1252
         4      4075         1         4         6         8         2         8         1         1      4142
         4      4075         1         4         7         4         2         4         1         1      1460
         4      4075         1         4         8         1         2         1         1         1      1190
         4      4075         1         4         9         6         2         6         1         1      2066
         4      4075         1         4        10         2         2         2         1         1      1228
         4      4075         1         4        11         7         1         7         1         1      4406
         4      4075         1         4        12         4         1         4         1         1      1137
         4      4075         1         4        13         1         1         1         1         1      1696
         4      4075         1         4        14        10         1         0         1         1      1142
         4      4075         1         4        15         6         2         6         1         1      3379
         4      4075         1         4        16         1         2         1         1         1      1399
         4      4075         1         4        17         8         1         8         1         1      2971
         4      4075         1         4        18         9         1         9         1         1      2432
         4      4075         1         4        19         4         1         4         1         1      1433
         4      4075         1         4        20         3         1         3         1         1      3371
         4      4075         1         4        21         7         1         7         1         1      1873
         4      4075         1         4        22         6         1         6         1         1      1073
         4      4075         1         4        23         2         1         2         1         1      5954
         4      4075         1         4        24         5         1         5         1         1      1648
         4      4075         1         4        25         8         1         8         1         1      2697
         4      4075         1         4        26         1         1         1         1         1      1321
         4      4075         1         4        27         7         2         7         1         1      1024
         4      4075         1         4        28        10         1         0         1         1      2385
         4      4075         1         4        29         2         1         2         1         1      1054
         4      4075         1         4        30        10         2         0         1         1      1025
         4      4075         1         4        31         3         1         3         1         1      1892
         4      4075         1         4        32         3         2         3         1         1      1940
         4      4075         1         4        33         5         2         5         1         1      2402
         4      4075         1         4        34         3         2         3         1         1      1453
         4      4075         1         4        35         8         2         8         1         1      4271
         4      4075         1         4        36         9         2         9         1         1      1215
         4      4075         1         4        37         7         2         7         1         1      1466
         4      4075         1         4        38         5         2         5         1         1      1594
         4      4075         1         4        39         4         2         4         1         1      1958
         4      4075         1         4        40         9         1         9         1         1      1588
         4      4075         1         5         1         4         2         4         1         1      1408
         4      4075         1         5         2         9         2         9         1         1      1122
         4      4075         1         5         3         3         2         3         1         1      2689
         4      4075         1         5         4         4         1         4         1         1      2272
         4      4075         1         5         5         1         2         1         1         1      1041
         4      4075         1         5         6         6         2         6         1         1      1155
         4      4075         1         5         7         1         2         1         1         1       736
         4      4075         1         5         8         9         1         9         1         1      1486
         4      4075         1         5         9         9         1         9         1         1       926
         4      4075         1         5        10         7         2         7         1         1       934
         4      4075         1         5        11         2         2         2         1         1       796
         4      4075         1         5        12        10         2         0         1         1      1369
         4      4075         1         5        13         9         2         9         1         1       989
         4      4075         1         5        14         7         1         7         1         1      2578
         4      4075         1         5        15         4         1         4         1         1      1124
         4      4075         1         5        16         3         1         3         1         1      2148
         4      4075         1         5        17         1         1         1         1         1      1066
         4      4075         1         5        18         7         1         7         1         1      1067
         4      4075         1         5        19         8         1         8         1         1      1068
         4      4075         1         5        20         6         1         6         1         1      1116
         4      4075         1         5        21         2         2         2         1         1       907
         4      4075         1         5        22         4         2         4         1         1       994
         4      4075         1         5        23        10         2         0         1         1      1190
         4      4075         1         5        24         5         1         5         1         1      1587
         4      4075         1         5        25        10         1         0         1         1      1806
         4      4075         1         5        26         6         2         6         1         1      1041
         4      4075         1         5        27         3         2         3         1         1      1395
         4      4075         1         5        28        10         1         0         1         1      2789
         4      4075         1         5        29         1         1         1         1         1      1201
         4      4075         1         5        30         5         2         5         1         1      1277
         4      4075         1         5        31         8         2         8         1         1      1798
         4      4075         1         5        32         8         1         8         1         1      1417
         4      4075         1         5        33         3         1         3         1         1      1996
         4      4075         1         5        34         5         1         5         1         1      1128
         4      4075         1         5        35         6         1         6         1         1       981
         4      4075         1         5        36         2         1         2         1         1      1209
         4      4075         1         5        37         2         1         2         1         1      1333
         4      4075         1         5        38         5         2         5         1         1      1371
         4      4075         1         5        39         7         2         7         1         1      1841
         4      4075         1         5        40         8         2         8         1         1      1043
         4      4075         1         6         1         5         1         5         1         1      1167
         4      4075         1         6         2        10         2         0         1         1      1597
         4      4075         1         6         3         3         2         3         1         1      1385
         4      4075         1         6         4         6         1         6         1         1      1212
         4      4075         1         6         5         8         1         8         1         1      1558
         4      4075         1         6         6         1         2         1         1         1      1236
         4      4075         1         6         7         2         2         2         1         1       767
         4      4075         1         6         8         9         2         9         1         1       907
         4      4075         1         6         9         9         1         9         1         1      1842
         4      4075         1         6        10         7         2         7         1         1      2901
         4      4075         1         6        11        10         1         0         1         1       988
         4      4075         1         6        12         3         2         3         1         1      1854
         4      4075         1         6        13         8         2         9         0         1      1281
         4      4075         1         6        14         6         2         6         1         1      1145
         4      4075         1         6        15         7         1         7         1         1      1479
         4      4075         1         6        16         1         1         1         1         1      1239
         4      4075         1         6        17         8         2         8         1         1      1266
         4      4075         1         6        18         1         2         1         1         1       842
         4      4075         1         6        19         5         1         5         1         1      1189
         4      4075         1         6        20         2         1         2         1         1       817
         4      4075         1         6        21         3         1         3         1         1      1020
         4      4075         1         6        22         1         1         1         1         1       880
         4      4075         1         6        23         9         2         9         1         1      1111
         4      4075         1         6        24         6         1         6         1         1       949
         4      4075         1         6        25         9         1         9         1         1      1066
         4      4075         1         6        26         7         1         7         1         1      1084
         4      4075         1         6        27        10         2         0         1         1      1181
         4      4075         1         6        28         4         2         4         1         1      1193
         4      4075         1         6        29         8         1         8         1         1      1925
         4      4075         1         6        30         4         2         4         1         1       948
         4      4075         1         6        31         6         2         6         1         1      1097
         4      4075         1         6        32         5         2         5         1         1       984
         4      4075         1         6        33         5         2         5         1         1      2748
         4      4075         1         6        34         4         1         4         1         1      1337
         4      4075         1         6        35         3         1         3         1         1      1551
         4      4075         1         6        36         2         2         2         1         1       941
         4      4075         1         6        37        10         1         0         1         1      1154
         4      4075         1         6        38         7         2         7         1         1      1311
         4      4075         1         6        39         2         1         2         1         1       919
         4      4075         1         6        40         4         1         4         1         1       956
         4      4075         2         1         1        10         2         0         1         0      4227
         4      4075         2         1         2         2         4         2         1         0      1989
         4      4075         2         1         3         5         2         5         1         0      1250
         4      4075         2         1         4        10         1         0         1         1      1113
         4      4075         2         1         5         5         3         5         1         0      7048
         4      4075         2         1         6         4         2         4         1         0      1163
         4      4075         2         1         7         6         3         6         1         0      1991
         4      4075         2         1         8         3         1         3         1         1      1555
         4      4075         2         1         9         2         3         2         1         0      3937
         4      4075         2         1        10         1         3         1         1         0      1615
         4      4075         2         1        11         6         1         6         1         1      1017
         4      4075         2         1        12         4         4         1         0         0      6924
         4      4075         2         1        13         4         3         4         1         0      5570
         4      4075         2         1        14         5         4         3         0         0      2943
         4      4075         2         1        15         7         1         7         1         1      1588
         4      4075         2         1        16         7         4         8         0         0      5105
         4      4075         2         1        17         8         1         8         1         1       849
         4      4075         2         1        18         1         4         1         1         0      9529
         4      4075         2         1        19         9         3         9         1         0      1353
         4      4075         2         1        20         4         1         4         1         1      1982
         4      4075         2         1        21         6         2         6         1         0      1225
         4      4075         2         1        22         6         4         7         0         0      2675
         4      4075         2         1        23         9         2         9         1         0      1124
         4      4075         2         1        24         7         3         7         1         0     15555
         4      4075         2         1        25        10         3         8         0         0      2016
         4      4075         2         1        26         3         2         3         1         0      1274
         4      4075         2         1        27         8         2         8         1         0       947
         4      4075         2         1        28         2         2         2         1         0      1017
         4      4075         2         1        29         2         1         2         1         1       940
         4      4075         2         1        30         8         4         8         1         0      2546
         4      4075         2         1        31        10         4         0         1         0      4440
         4      4075         2         1        32         3         4         3         1         0      1073
         4      4075         2         1        33         1         2         1         1         0      1345
         4      4075         2         1        34         1         1         1         1         1      3623
         4      4075         2         1        35         9         4         9         1         0      4978
         4      4075         2         1        36         8         3         8         1         0      5654
         4      4075         2         1        37         3         3         3         1         0      2096
         4      4075         2         1        38         5         1         5         1         1      1480
         4      4075         2         1        39         9         1         9         1         1      1175
         4      4075         2         1        40         7         2         7         1         0      2741
         4      4075         2         2         1         7         1         7         1         0      1715
         4      4075         2         2         2         3         3         3         1         0      2362
         4      4075         2         2         3         8         2         8         1         1      1767
         4      4075         2         2         4         2         1         2         1         0      1324
         4      4075         2         2         5         2         3         2         1         0      1012
         4      4075         2         2         6         9         4         9         1         0      4198
         4      4075         2         2         7         9         1         9         1         0      1066
         4      4075         2         2         8         1         3         1         1         0      5515
         4      4075         2         2         9         2         4         2         1         0      1162
         4      4075         2         2        10         7         4         8         0         0      5175
         4      4075         2         2        11         5         2         5         1         1      1364
         4      4075         2         2        12         4         4         4         1         0      2568
         4      4075         2         2        13         1         4         1         1         0      4381
         4      4075         2         2        14         4         1         4         1         0      1352
         4      4075         2         2        15        10         1         0         1         0      1740
         4      4075         2         2        16        10         2         0         1         1      2324
         4      4075         2         2        17        10         4         0         1         0      5683
         4      4075         2         2        18         5         3         5         1         0      8716
         4      4075         2         2        19         3         2         3         1         1      2299
         4      4075         2         2        20         6         1         6         1         0      1241
         4      4075         2         2        21         1         1         1         1         0      2131
         4      4075         2         2        22         4         2         4         1         1      2617
         4      4075         2         2        23         4         3         4         1         0      2284
         4      4075         2         2        24         8         3         8         1         0      2653
         4      4075         2         2        25         3         1         3         1         0      1407
         4      4075         2         2        26         5         4         5         1         0      7858
         4      4075         2         2        27         1         2         1         1         1      1316
         4      4075         2         2        28         6         4         7         0         0      1994
         4      4075         2         2        29         9         2         9         1         1      1094
         4      4075         2         2        30         6         3         6         1         0      1173
         4      4075         2         2        31         7         3         7         1         0      3906
         4      4075         2         2        32         6         2         6         1         1       994
         4      4075         2         2        33         5         1         5         1         0      1206
         4      4075         2         2        34        10         3         8         0         0     16544
         4      4075         2         2        35         9         3         9         1         0      2327
         4      4075         2         2        36         8         4         8         1         0      2949
         4      4075         2         2        37         3         4         4         0         0      1929
         4      4075         2         2        38         7         2         7         1         1      1240
         4      4075         2         2        39         2         2         2         1         1      1123
         4      4075         2         2        40         8         1         8         1         0      2833
         4      4075         2         3         1         7         4         8         0         0     17065
         4      4075         2         3         2        10         3         8         0         0      5512
         4      4075         2         3         3         8         1         8         1         1      1767
         4      4075         2         3         4         6         4         7         0         0      1132
         4      4075         2         3         5         4         4         1         0         0      3737
         4      4075         2         3         6        10         2         0         1         0      1121
         4      4075         2         3         7        10         4         0         1         0      1184
         4      4075         2         3         8         4         3         4         1         0      5436
         4      4075         2         3         9         2         1         2         1         1      1038
         4      4075         2         3        10         3         4         3         1         0      1167
         4      4075         2         3        11         8         4         8         1         0      2076
         4      4075         2         3        12        10         1         0         1         1      1123
         4      4075         2         3        13         3         3         3         1         0      1234
         4      4075         2         3        14         5         4         5         1         0      1116
         4      4075         2         3        15         9         2         9         1         0      1098
         4      4075         2         3        16         5         2         5         1         0      1177
         4      4075         2         3        17         9         4         9         1         0      2422
         4      4075         2         3        18         1         1         1         1         1      4977
         4      4075         2         3        19         6         3         6         1         0      1109
         4      4075         2         3        20         5         1         5         1         1      1205
         4      4075         2         3        21         9         3         9         1         0      1281
         4      4075         2         3        22         5         3         5         1         0      3673
         4      4075         2         3        23         7         2         7         1         0      1122
         4      4075         2         3        24         2         3         2         1         0      2850
         4      4075         2         3        25         3         2         3         1         0      1275
         4      4075         2         3        26         1         2         1         1         0      1172
         4      4075         2         3        27         4         1         4         1         1       992
         4      4075         2         3        28         7         1         7         1         1      1189
         4      4075         2         3        29         9         1         9         1         1      1393
         4      4075         2         3        30         1         4         1         1         0     21380
         4      4075         2         3        31         7         3         7         1         0      2361
         4      4075         2         3        32         8         2         8         1         0      1479
         4      4075         2         3        33         6         1         6         1         1       982
         4      4075         2         3        34         3         1         3         1         1      1050
         4      4075         2         3        35         2         2         2         1         0       844
         4      4075         2         3        36         4         2         4         1         0      1078
         4      4075         2         3        37         6         2         6         1         0      1286
         4      4075         2         3        38         8         3         8         1         0      3263
         4      4075         2         3        39         2         4         2         1         0      1144
         4      4075         2         3        40         1         3         1         1         0      7509
         4      4075         2         4         1         7         3         7         1         0      1799
         4      4075         2         4         2         3         4         3         1         0      1258
         4      4075         2         4         3        10         1         0         1         0      1154
         4      4075         2         4         4         2         3         2         1         0      1040
         4      4075         2         4         5         3         1         3         1         0      1090
         4      4075         2         4         6         7         2         7         1         1      1426
         4      4075         2         4         7         4         1         4         1         0      1060
         4      4075         2         4         8         4         3         4         1         0      3109
         4      4075         2         4         9         5         3         5         1         0      4293
         4      4075         2         4        10         1         3         1         1         0      1461
         4      4075         2         4        11         8         4         8         1         0      1414
         4      4075         2         4        12         6         2         6         1         1       952
         4      4075         2         4        13        10         2         0         1         1      1007
         4      4075         2         4        14         2         1         2         1         0      1043
         4      4075         2         4        15         5         1         5         1         0      1157
         4      4075         2         4        16         9         1         9         1         0      1059
         4      4075         2         4        17         8         3         8         1         0      1669
         4      4075         2         4        18         8         2         8         1         1      1551
         4      4075         2         4        19         4         4         4         1         0      9596
         4      4075         2         4        20         6         4         6         1         0     16424
         4      4075         2         4        21         1         4         1         1         0      4322
         4      4075         2         4        22         9         2         9         1         1      1120
         4      4075         2         4        23         7         1         7         1         0      1247
         4      4075         2         4        24         4         2         4         1         1      1065
         4      4075         2         4        25        10         4         0         1         0      1082
         4      4075         2         4        26         2         4         2         1         0       954
         4      4075         2         4        27         9         3         9         1         0      1040
         4      4075         2         4        28        10         3         8         0         0     31969
         4      4075         2         4        29         3         3         3         1         0      1182
         4      4075         2         4        30         5         2         5         1         1      1050
         4      4075         2         4        31         8         1         8         1         0      5724
         4      4075         2         4        32         1         2         1         1         1      1506
         4      4075         2         4        33         1         1         1         1         0      1346
         4      4075         2         4        34         5         4         5         1         0      1976
         4      4075         2         4        35         6         1         6         1         0       995
         4      4075         2         4        36         7         4         7         1         0     31637
         4      4075         2         4        37         6         3         6         1         0      1008
         4      4075         2         4        38         3         2         3         1         1      1715
         4      4075         2         4        39         9         4         9         1         0      1722
         4      4075         2         4        40         2         2         2         1         1      1089
