Condition Subject Session Block Trial Subtype Token Response Correct Feedback RT 
         4      4137         1         1         1         1         2         4         0         1     29096
         4      4137         1         1         2         3         2         3         1         1      8265
         4      4137         1         1         3         8         2         0         0         1      6747
         4      4137         1         1         4         6         2         5         0         1      8712
         4      4137         1         1         5         2         2         5         0         1      5943
         4      4137         1         1         6         8         1         0         0         1      4421
         4      4137         1         1         7         3         1         3         1         1      3679
         4      4137         1         1         8         7         2         0         0         1      5912
         4      4137         1         1         9         4         1         4         1         1      5078
         4      4137         1         1        10         3         2         3         1         1      3446
         4      4137         1         1        11         5         2         5         1         1      5943
         4      4137         1         1        12         7         2         8         0         1      4438
         4      4137         1         1        13         5         1         5         1         1      6817
         4      4137         1         1        14         1         1         1         1         1      7372
         4      4137         1         1        15         2         2         2         1         1      4194
         4      4137         1         1        16         5         2         5         1         1      3990
         4      4137         1         1        17         3         1         5         0         1      3107
         4      4137         1         1        18        10         1         0         1         1      2513
         4      4137         1         1        19         1         2         1         1         1      4825
         4      4137         1         1        20         2         1         2         1         1      3029
         4      4137         1         1        21        10         1         0         1         1      1862
         4      4137         1         1        22         9         1         9         1         1      5144
         4      4137         1         1        23         6         1         6         1         1      3365
         4      4137         1         1        24         1         1         1         1         1      3723
         4      4137         1         1        25         7         1         8         0         1      7827
         4      4137         1         1        26         4         1         4         1         1      2374
         4      4137         1         1        27         8         2         7         0         1      6020
         4      4137         1         1        28         7         1         8         0         1      5759
         4      4137         1         1        29        10         2         7         0         1      4615
         4      4137         1         1        30         6         2         6         1         1      2170
         4      4137         1         1        31         5         1         5         1         1      3504
         4      4137         1         1        32         8         1         7         0         1      3759
         4      4137         1         1        33        10         2         0         1         1      2502
         4      4137         1         1        34         2         1         2         1         1      1839
         4      4137         1         1        35         6         1         6         1         1      1936
         4      4137         1         1        36         9         2         9         1         1      5455
         4      4137         1         1        37         9         1         9         1         1      2081
         4      4137         1         1        38         9         2         9         1         1      2264
         4      4137         1         1        39         4         2         4         1         1      2074
         4      4137         1         1        40         4         2         4         1         1      1987
         4      4137         1         2         1         1         1         1         1         1      8091
         4      4137         1         2         2         7         1         7         1         1      5300
         4      4137         1         2         3         4         1         4         1         1      1659
         4      4137         1         2         4         6         2         6         1         1      1733
         4      4137         1         2         5         5         1         5         1         1      1980
         4      4137         1         2         6        10         2         0         1         1      2314
         4      4137         1         2         7         4         1         4         1         1      1449
         4      4137         1         2         8         1         2         1         1         1      1788
         4      4137         1         2         9         5         1         5         1         1      3153
         4      4137         1         2        10         8         2         7         0         1      7855
         4      4137         1         2        11         3         1         3         1         1      2257
         4      4137         1         2        12        10         1         0         1         1      1634
         4      4137         1         2        13         2         1         2         1         1      1789
         4      4137         1         2        14         8         2         8         1         1      4194
         4      4137         1         2        15         6         1         6         1         1      1686
         4      4137         1         2        16         7         1         8         0         1      2687
         4      4137         1         2        17         2         2         2         1         1      1345
         4      4137         1         2        18         9         1         9         1         1      2135
         4      4137         1         2        19         3         1         3         1         1      2317
         4      4137         1         2        20         8         1         8         1         1      3132
         4      4137         1         2        21         1         2         1         1         1      2107
         4      4137         1         2        22         3         2         3         1         1      1859
         4      4137         1         2        23         5         2         5         1         1      2261
         4      4137         1         2        24         3         2         3         1         1      1573
         4      4137         1         2        25         2         1         2         1         1      1187
         4      4137         1         2        26         4         2         4         1         1      1439
         4      4137         1         2        27         6         2         6         1         1      1398
         4      4137         1         2        28         7         2         7         1         1     12613
         4      4137         1         2        29        10         2         0         1         1      3610
         4      4137         1         2        30         1         1         3         0         1      4534
         4      4137         1         2        31         9         2         9         1         1      2317
         4      4137         1         2        32         9         2         9         1         1      1708
         4      4137         1         2        33         8         1         8         1         1      4131
         4      4137         1         2        34         6         1         6         1         1      1465
         4      4137         1         2        35         9         1         9         1         1      2874
         4      4137         1         2        36        10         1         0         1         1      1330
         4      4137         1         2        37         4         2         4         1         1      1417
         4      4137         1         2        38         7         2         7         1         1      4749
         4      4137         1         2        39         5         2         5         1         1      3082
         4      4137         1         2        40         2         2         2         1         1      1403
         4      4137         1         3         1         7         1         8         0         1      4824
         4      4137         1         3         2         2         2         2         1         1      1396
         4      4137         1         3         3         8         2         8         1         1      3033
         4      4137         1         3         4         9         1         9         1         1      1564
         4      4137         1         3         5        10         1         0         1         1      1304
         4      4137         1         3         6         6         2         6         1         1      2016
         4      4137         1         3         7        10         1         0         1         1      1129
         4      4137         1         3         8         6         1         6         1         1      1351
         4      4137         1         3         9         8         2         7         0         1      2253
         4      4137         1         3        10         2         2         2         1         1      1167
         4      4137         1         3        11         4         1         4         1         1      1292
         4      4137         1         3        12         2         1         2         1         1      1349
         4      4137         1         3        13         3         1         3         1         1      1835
         4      4137         1         3        14         9         2         9         1         1      1133
         4      4137         1         3        15         4         2         4         1         1      1675
         4      4137         1         3        16         5         1         5         1         1      2868
         4      4137         1         3        17         6         1         6         1         1      1372
         4      4137         1         3        18         6         2         6         1         1      1858
         4      4137         1         3        19         7         1         8         0         1      2980
         4      4137         1         3        20         7         2         8         0         1      2297
         4      4137         1         3        21         4         1         4         1         1      1815
         4      4137         1         3        22         5         2         5         1         1      1834
         4      4137         1         3        23        10         2         0         1         1      1566
         4      4137         1         3        24         1         2         1         1         1      1468
         4      4137         1         3        25        10         2         0         1         1      1582
         4      4137         1         3        26         4         2         4         1         1      1242
         4      4137         1         3        27         1         1         1         1         1      1413
         4      4137         1         3        28         3         2         3         1         1      1672
         4      4137         1         3        29         9         1         0         0         1      1202
         4      4137         1         3        30         8         1         7         0         1      5918
         4      4137         1         3        31         7         2         7         1         1      1934
         4      4137         1         3        32         2         1         2         1         1      1197
         4      4137         1         3        33         1         2         1         1         1      1241
         4      4137         1         3        34         1         1         1         1         1      2116
         4      4137         1         3        35         8         1         8         1         1      2828
         4      4137         1         3        36         3         1         5         0         1      2534
         4      4137         1         3        37         3         2         3         1         1      1420
         4      4137         1         3        38         5         2         5         1         1      1264
         4      4137         1         3        39         9         2         9         1         1      1688
         4      4137         1         3        40         5         1         5         1         1      1362
         4      4137         1         4         1         4         1         4         1         1      2856
         4      4137         1         4         2         2         1         2         1         1      2082
         4      4137         1         4         3         6         2         6         1         1      1434
         4      4137         1         4         4         6         1         6         1         1      1468
         4      4137         1         4         5         8         1         8         1         1      2414
         4      4137         1         4         6         5         1         5         1         1      2265
         4      4137         1         4         7         2         2         2         1         1      1275
         4      4137         1         4         8         8         2         7         0         1      2149
         4      4137         1         4         9        10         2         0         1         1      1660
         4      4137         1         4        10         1         2         1         1         1      1383
         4      4137         1         4        11         9         2         9         1         1      1258
         4      4137         1         4        12         1         1         1         1         1      1381
         4      4137         1         4        13         5         2         5         1         1      1338
         4      4137         1         4        14         8         2         8         1         1      8049
         4      4137         1         4        15         3         2         3         1         1      2346
         4      4137         1         4        16         2         2         2         1         1      1880
         4      4137         1         4        17        10         1         0         1         1      1239
         4      4137         1         4        18         4         1         4         1         1      1233
         4      4137         1         4        19         5         1         5         1         1      1500
         4      4137         1         4        20         3         1         3         1         1      2972
         4      4137         1         4        21         4         2         4         1         1      1473
         4      4137         1         4        22         3         2         3         1         1      1298
         4      4137         1         4        23         5         2         5         1         1      1898
         4      4137         1         4        24         7         2         7         1         1      2762
         4      4137         1         4        25         8         1         8         1         1      3239
         4      4137         1         4        26        10         2         0         1         1      1475
         4      4137         1         4        27         4         2         4         1         1      1492
         4      4137         1         4        28         9         2         9         1         1      1333
         4      4137         1         4        29         6         1         6         1         1      1450
         4      4137         1         4        30         9         1         9         1         1      1356
         4      4137         1         4        31         7         1         7         1         1      3282
         4      4137         1         4        32         7         1         7         1         1      1483
         4      4137         1         4        33         1         1         1         1         1      1276
         4      4137         1         4        34         6         2         6         1         1      1173
         4      4137         1         4        35        10         1         0         1         1      1137
         4      4137         1         4        36         1         2         1         1         1      1119
         4      4137         1         4        37         9         1         9         1         1      1135
         4      4137         1         4        38         2         1         2         1         1      1182
         4      4137         1         4        39         7         2         7         1         1      2443
         4      4137         1         4        40         3         1         3         1         1      2614
         4      4137         1         5         1         3         2         3         1         1      2185
         4      4137         1         5         2         3         2         3         1         1      1341
         4      4137         1         5         3         5         1         5         1         1      1269
         4      4137         1         5         4         2         2         2         1         1      1358
         4      4137         1         5         5         4         2         4         1         1      1172
         4      4137         1         5         6         1         2         1         1         1      1138
         4      4137         1         5         7         6         1         6         1         1      1184
         4      4137         1         5         8         2         1         2         1         1      1133
         4      4137         1         5         9         8         2         7         0         1      2812
         4      4137         1         5        10         4         1         4         1         1      1127
         4      4137         1         5        11         6         1         6         1         1      1110
         4      4137         1         5        12         6         2         6         1         1      1158
         4      4137         1         5        13         4         2         4         1         1      1139
         4      4137         1         5        14         9         2         9         1         1      1249
         4      4137         1         5        15         4         1         4         1         1      1163
         4      4137         1         5        16        10         1         0         1         1      1255
         4      4137         1         5        17         5         1         5         1         1      1313
         4      4137         1         5        18         8         1         7         0         1      2520
         4      4137         1         5        19         5         2         5         1         1      1264
         4      4137         1         5        20         7         1         7         1         1      1722
         4      4137         1         5        21         8         1         8         1         1      1313
         4      4137         1         5        22         3         1         3         1         1      1960
         4      4137         1         5        23         8         2         7         0         1      4647
         4      4137         1         5        24         2         2         2         1         1      1177
         4      4137         1         5        25         9         2         9         1         1      1382
         4      4137         1         5        26         6         2         6         1         1      1451
         4      4137         1         5        27         9         1         9         1         1      1213
         4      4137         1         5        28         7         2         8         0         1      1881
         4      4137         1         5        29        10         2         0         1         1      1419
         4      4137         1         5        30         1         1         1         1         1      1359
         4      4137         1         5        31         1         2         1         1         1      1172
         4      4137         1         5        32         3         1         3         1         1      2082
         4      4137         1         5        33         1         1         1         1         1      1419
         4      4137         1         5        34         5         2         5         1         1      1183
         4      4137         1         5        35         7         2         8         0         1      2380
         4      4137         1         5        36         9         1         9         1         1      1177
         4      4137         1         5        37         2         1         2         1         1      1222
         4      4137         1         5        38        10         2         0         1         1      1251
         4      4137         1         5        39         7         1         7         1         1      2781
         4      4137         1         5        40        10         1         0         1         1      1225
         4      4137         1         6         1         2         2         2         1         1      1292
         4      4137         1         6         2         9         2         9         1         1      1124
         4      4137         1         6         3         4         2         4         1         1      1187
         4      4137         1         6         4         9         2         9         1         1      1087
         4      4137         1         6         5         3         2         3         1         1      1424
         4      4137         1         6         6         7         2         7         1         1      2435
         4      4137         1         6         7        10         1         0         1         1      1644
         4      4137         1         6         8         5         1         5         1         1      1959
         4      4137         1         6         9         3         2         3         1         1      1380
         4      4137         1         6        10         2         1         2         1         1      1145
         4      4137         1         6        11        10         1         0         1         1      1190
         4      4137         1         6        12         6         1         6         1         1      1186
         4      4137         1         6        13        10         2         0         1         1      1135
         4      4137         1         6        14         9         1         9         1         1      1438
         4      4137         1         6        15         5         2         5         1         1      1425
         4      4137         1         6        16         5         2         5         1         1      1252
         4      4137         1         6        17         2         2         2         1         1      1167
         4      4137         1         6        18         7         1         8         0         1      1597
         4      4137         1         6        19         2         1         2         1         1      1289
         4      4137         1         6        20         4         1         4         1         1      1121
         4      4137         1         6        21         7         2         7         1         1      1729
         4      4137         1         6        22         3         1         3         1         1      1383
         4      4137         1         6        23         5         1         5         1         1      1292
         4      4137         1         6        24         6         2         6         1         1      1412
         4      4137         1         6        25         8         1         8         1         1      2664
         4      4137         1         6        26         8         2         7         0         1      1370
         4      4137         1         6        27         4         2         4         1         1      1615
         4      4137         1         6        28         7         1         7         1         1      2171
         4      4137         1         6        29         8         2         8         1         1      2577
         4      4137         1         6        30         6         1         6         1         1      1573
         4      4137         1         6        31        10         2         0         1         1      1491
         4      4137         1         6        32         1         2         1         1         1      1172
         4      4137         1         6        33         1         2         1         1         1      1106
         4      4137         1         6        34         6         2         6         1         1      1074
         4      4137         1         6        35         1         1         1         1         1      1108
         4      4137         1         6        36         3         1         3         1         1      1779
         4      4137         1         6        37         1         1         1         1         1      1336
         4      4137         1         6        38         4         1         4         1         1      1182
         4      4137         1         6        39         9         1         9         1         1      1323
         4      4137         1         6        40         8         1         8         1         1      1459
         4      4137         2         1         1         7         1         7         1         1      5522
         4      4137         2         1         2         1         2         1         1         0      1505
         4      4137         2         1         3         5         3         5         1         0      3650
         4      4137         2         1         4         5         2         5         1         0      2284
         4      4137         2         1         5         3         1         3         1         1      1596
         4      4137         2         1         6         1         1         1         1         1      1416
         4      4137         2         1         7         2         1         2         1         1      1196
         4      4137         2         1         8         7         3         8         0         0      5689
         4      4137         2         1         9        10         3         7         0         0      3856
         4      4137         2         1        10         9         3         9         1         0      2083
         4      4137         2         1        11         2         2         2         1         0      1196
         4      4137         2         1        12         8         3         8         1         0      5977
         4      4137         2         1        13         1         4         7         0         0      5638
         4      4137         2         1        14         6         3         6         1         0      2737
         4      4137         2         1        15         3         4         3         1         0      2383
         4      4137         2         1        16         9         4         9         1         0      5227
         4      4137         2         1        17         5         4         5         1         0      1623
         4      4137         2         1        18         5         1         5         1         1      1443
         4      4137         2         1        19        10         4         0         1         0      3302
         4      4137         2         1        20         1         3         1         1         0      2430
         4      4137         2         1        21         4         2         4         1         0      1977
         4      4137         2         1        22         4         1         4         1         1      1286
         4      4137         2         1        23         9         1         9         1         1      1375
         4      4137         2         1        24         2         3         2         1         0      1605
         4      4137         2         1        25         7         4         8         0         0      4961
         4      4137         2         1        26         6         4         7         0         0      7127
         4      4137         2         1        27         8         1         8         1         1      1734
         4      4137         2         1        28         6         2         6         1         0      1484
         4      4137         2         1        29         6         1         6         1         1      1452
         4      4137         2         1        30        10         2         0         1         0      1615
         4      4137         2         1        31         4         3         4         1         0      1818
         4      4137         2         1        32         2         4         2         1         0      1678
         4      4137         2         1        33         4         4         1         0         0      2983
         4      4137         2         1        34         7         2         7         1         0      3660
         4      4137         2         1        35         3         3         5         0         0      2934
         4      4137         2         1        36         3         2         3         1         0      1996
         4      4137         2         1        37        10         1         0         1         1      1895
         4      4137         2         1        38         8         4         7         0         0      8071
         4      4137         2         1        39         8         2         7         0         0      3377
         4      4137         2         1        40         9         2         9         1         0      2165
         4      4137         2         2         1         6         2         6         1         1      1899
         4      4137         2         2         2         1         4         1         1         0      6731
         4      4137         2         2         3         8         4         7         0         0      4793
         4      4137         2         2         4         5         3         5         1         0      2871
         4      4137         2         2         5         4         2         4         1         1      1728
         4      4137         2         2         6         4         3         4         1         0      1846
         4      4137         2         2         7         6         4         8         0         0      8120
         4      4137         2         2         8         8         1         8         1         0      1456
         4      4137         2         2         9         7         4         7         1         0      3969
         4      4137         2         2        10         9         1         9         1         0      1519
         4      4137         2         2        11         4         4         4         1         0      2399
         4      4137         2         2        12         6         1         6         1         0      1385
         4      4137         2         2        13         3         1         3         1         0      2014
         4      4137         2         2        14         2         1         2         1         0      1226
         4      4137         2         2        15         3         2         3         1         1      1285
         4      4137         2         2        16         8         2         8         1         1      2046
         4      4137         2         2        17        10         1         0         1         0      1175
         4      4137         2         2        18         5         4         5         1         0      1924
         4      4137         2         2        19         4         1         4         1         0      1299
         4      4137         2         2        20         2         2         2         1         1      1179
         4      4137         2         2        21        10         3         0         1         0      5190
         4      4137         2         2        22         1         3         1         1         0      2195
         4      4137         2         2        23         7         1         7         1         0      3847
         4      4137         2         2        24        10         4         0         1         0      2586
         4      4137         2         2        25         6         3         6         1         0      1437
         4      4137         2         2        26         5         2         5         1         1      1312
         4      4137         2         2        27         1         1         1         1         0      2072
         4      4137         2         2        28         1         2         1         1         1      1410
         4      4137         2         2        29         8         3         8         1         0      2983
         4      4137         2         2        30        10         2         0         1         1      1325
         4      4137         2         2        31         3         4         3         1         0      1235
         4      4137         2         2        32         9         3         9         1         0      1118
         4      4137         2         2        33         2         4         2         1         0      1198
         4      4137         2         2        34         7         3         8         0         0      4826
         4      4137         2         2        35         5         1         5         1         0      1238
         4      4137         2         2        36         9         2         9         1         1      1089
         4      4137         2         2        37         3         3         5         0         0      3105
         4      4137         2         2        38         2         3         2         1         0      1297
         4      4137         2         2        39         7         2         7         1         1      3082
         4      4137         2         2        40         9         4         9         1         0      1851
         4      4137         2         3         1         5         3         5         1         0      3828
         4      4137         2         3         2         2         1         2         1         1      1223
         4      4137         2         3         3         4         4         4         1         0      2531
         4      4137         2         3         4         3         3         5         0         0      1785
         4      4137         2         3         5         5         2         5         1         0      1389
         4      4137         2         3         6        10         4         0         1         0      1730
         4      4137         2         3         7        10         1         0         1         1      1544
         4      4137         2         3         8         3         1         3         1         1      1654
         4      4137         2         3         9         7         2         7         1         0      1841
         4      4137         2         3        10         1         3         1         1         0      7491
         4      4137         2         3        11         9         4         9         1         0      1460
         4      4137         2         3        12        10         2         0         1         0      1671
         4      4137         2         3        13         2         4         2         1         0      1377
         4      4137         2         3        14         1         4         7         0         0      5349
         4      4137         2         3        15         5         4         5         1         0      1483
         4      4137         2         3        16         6         3         6         1         0      1419
         4      4137         2         3        17         6         4         8         0         0      5534
         4      4137         2         3        18         2         3         2         1         0      1421
         4      4137         2         3        19         2         2         2         1         0      1441
         4      4137         2         3        20         7         1         8         0         1      2581
         4      4137         2         3        21         1         2         1         1         0      1450
         4      4137         2         3        22         6         2         6         1         0      1484
         4      4137         2         3        23         8         3         8         1         0      3389
         4      4137         2         3        24        10         3         0         1         0      3665
         4      4137         2         3        25         8         2         8         1         0      2939
         4      4137         2         3        26         7         4         7         1         0      2898
         4      4137         2         3        27         4         2         4         1         0      1353
         4      4137         2         3        28         1         1         1         1         1      1280
         4      4137         2         3        29         4         3         4         1         0      1161
         4      4137         2         3        30         9         1         9         1         1      1383
         4      4137         2         3        31         9         3         9         1         0      1260
         4      4137         2         3        32         7         3         8         0         0      6806
         4      4137         2         3        33         9         2         9         1         0      1137
         4      4137         2         3        34         8         1         8         1         1      1328
         4      4137         2         3        35         8         4         7         0         0      2438
         4      4137         2         3        36         5         1         5         1         1      1410
         4      4137         2         3        37         4         1         4         1         1      1221
         4      4137         2         3        38         3         4         3         1         0      1439
         4      4137         2         3        39         3         2         3         1         0      1121
         4      4137         2         3        40         6         1         6         1         1      1184
         4      4137         2         4         1         7         1         7         1         0      2508
         4      4137         2         4         2         9         4         9         1         0      1236
         4      4137         2         4         3         2         2         2         1         1      1135
         4      4137         2         4         4         6         1         6         1         0      1085
         4      4137         2         4         5         2         4         2         1         0      1070
         4      4137         2         4         6        10         1         0         1         0      1342
         4      4137         2         4         7        10         3         0         1         0      3859
         4      4137         2         4         8         7         2         7         1         1      3925
         4      4137         2         4         9         4         4         4         1         0      1731
         4      4137         2         4        10         3         3         5         0         0      2089
         4      4137         2         4        11         2         1         2         1         0      1058
         4      4137         2         4        12         1         4         7         0         0      3460
         4      4137         2         4        13         3         4         3         1         0      1109
         4      4137         2         4        14         9         3         9         1         0      1206
         4      4137         2         4        15         4         1         4         1         0      1233
         4      4137         2         4        16         5         4         5         1         0      1179
         4      4137         2         4        17         6         3         6         1         0      1159
         4      4137         2         4        18         2         3         2         1         0      1238
         4      4137         2         4        19         6         4         7         0         0      7920
         4      4137         2         4        20         1         3         1         1         0      2607
         4      4137         2         4        21         3         1         3         1         0      1396
         4      4137         2         4        22         1         1         1         1         0      1848
         4      4137         2         4        23         8         4         8         1         0      9050
         4      4137         2         4        24         7         4         7         1         0      1644
         4      4137         2         4        25         6         2         6         1         1      1334
         4      4137         2         4        26         4         2         4         1         1      1677
         4      4137         2         4        27         9         2         9         1         1      1414
         4      4137         2         4        28         8         2         8         1         1      1786
         4      4137         2         4        29        10         2         0         1         1      1472
         4      4137         2         4        30         8         1         8         1         0      1649
         4      4137         2         4        31         9         1         9         1         0      1388
         4      4137         2         4        32         5         1         5         1         0      1440
         4      4137         2         4        33         1         2         1         1         1      1363
         4      4137         2         4        34         4         3         4         1         0      1544
         4      4137         2         4        35         3         2         3         1         1      1782
         4      4137         2         4        36         5         2         5         1         1      1355
         4      4137         2         4        37         5         3         5         1         0      2161
         4      4137         2         4        38        10         4         0         1         0      2040
         4      4137         2         4        39         8         3         8         1         0      4708
         4      4137         2         4        40         7         3         7         1         0      2821
