Condition Subject Session Block Trial Subtype Token Response Correct Feedback RT 
         1      1025         1         1         1         1         1         2         0         1      5893
         1      1025         1         1         2         2         1         3         0         1      5413
         1      1025         1         1         3         5         1         3         0         1      2087
         1      1025         1         1         4         1         1         2         0         1      2543
         1      1025         1         1         5        10         1         5         0         1      3124
         1      1025         1         1         6         5         2         9         0         1      4371
         1      1025         1         1         7        10         2         4         0         1      3936
         1      1025         1         1         8         5         1         2         0         1      3055
         1      1025         1         1         9         9         2         5         0         1      3536
         1      1025         1         1        10         4         2         1         0         1      2542
         1      1025         1         1        11         7         2         6         0         1      2771
         1      1025         1         1        12         8         1         8         1         1      3489
         1      1025         1         1        13         1         2         8         0         1      1441
         1      1025         1         1        14         3         2         2         0         1      4132
         1      1025         1         1        15         3         1         8         0         1      3802
         1      1025         1         1        16         9         1         2         0         1      5389
         1      1025         1         1        17         4         1         6         0         1      2626
         1      1025         1         1        18         8         1         3         0         1      6085
         1      1025         1         1        19         8         2         6         0         1      5725
         1      1025         1         1        20         8         2         8         1         1      3556
         1      1025         1         1        21         9         2         6         0         1      3778
         1      1025         1         1        22         2         2         4         0         1      2374
         1      1025         1         1        23         5         2         1         0         1      2451
         1      1025         1         1        24         7         2         7         1         1      5900
         1      1025         1         1        25         3         1         2         0         1      6172
         1      1025         1         1        26         2         2         7         0         1      6161
         1      1025         1         1        27         2         1         1         0         1      3126
         1      1025         1         1        28         4         2         2         0         1      1301
         1      1025         1         1        29         4         1         5         0         1      5101
         1      1025         1         1        30         6         1         0         0         1      5772
         1      1025         1         1        31         6         2         6         1         1      3488
         1      1025         1         1        32         7         1         7         1         1      2674
         1      1025         1         1        33        10         2         1         0         1      3203
         1      1025         1         1        34         6         1         6         1         1      3519
         1      1025         1         1        35        10         1         0         1         1      1933
         1      1025         1         1        36         3         2         0         0         1      1179
         1      1025         1         1        37         1         2         3         0         1      2056
         1      1025         1         1        38         9         1         1         0         1      1648
         1      1025         1         1        39         6         2         6         1         1      1401
         1      1025         1         1        40         7         1         3         0         1      3101
         1      1025         1         2         1         5         1         3         0         1      3425
         1      1025         1         2         2         3         1         9         0         1     11380
         1      1025         1         2         3         1         1         6         0         1      5591
         1      1025         1         2         4         6         2         6         1         1      1236
         1      1025         1         2         5         1         2         2         0         1      1822
         1      1025         1         2         6         5         2         1         0         1      1490
         1      1025         1         2         7         2         1         6         0         1      2707
         1      1025         1         2         8         7         1         5         0         1      2388
         1      1025         1         2         9        10         1         5         0         1      3232
         1      1025         1         2        10         8         1         9         0         1      4346
         1      1025         1         2        11         8         2         2         0         1      4537
         1      1025         1         2        12         9         1         1         0         1      1599
         1      1025         1         2        13         2         2         3         0         1      4939
         1      1025         1         2        14         4         2         3         0         1      4464
         1      1025         1         2        15         1         2         8         0         1      4362
         1      1025         1         2        16         7         1         8         0         1      1319
         1      1025         1         2        17         4         2         2         0         1      1950
         1      1025         1         2        18         6         1         6         1         1      1484
         1      1025         1         2        19        10         1         1         0         1      3435
         1      1025         1         2        20         5         2         3         0         1      9550
         1      1025         1         2        21         6         1         6         1         1      1387
         1      1025         1         2        22         5         1         2         0         1      2401
         1      1025         1         2        23         7         2         7         1         1      5741
         1      1025         1         2        24         8         2         4         0         1      5171
         1      1025         1         2        25         6         2         6         1         1      1264
         1      1025         1         2        26         9         2         9         1         1      3769
         1      1025         1         2        27         8         1         4         0         1      3966
         1      1025         1         2        28         9         1         9         1         1      1787
         1      1025         1         2        29         3         2         8         0         1      3520
         1      1025         1         2        30         4         1         8         0         1      8304
         1      1025         1         2        31         2         2         4         0         1      5840
         1      1025         1         2        32         2         1         5         0         1      2691
         1      1025         1         2        33         4         1         2         0         1      2245
         1      1025         1         2        34         9         2         9         1         1      2231
         1      1025         1         2        35         3         1         2         0         1      2425
         1      1025         1         2        36         1         1         3         0         1      3075
         1      1025         1         2        37         3         2         3         1         1      1461
         1      1025         1         2        38        10         2         5         0         1      4551
         1      1025         1         2        39         7         2         0         0         1      2573
         1      1025         1         2        40        10         2         0         1         1      1123
         1      1025         1         3         1         6         1         6         1         1      3087
         1      1025         1         3         2         2         2         2         1         1      3089
         1      1025         1         3         3         7         2         0         0         1      5089
         1      1025         1         3         4         8         2         0         0         1      3170
         1      1025         1         3         5         5         1         5         1         1      5615
         1      1025         1         3         6         7         1         3         0         1      4636
         1      1025         1         3         7         5         1         5         1         1      2431
         1      1025         1         3         8        10         1         1         0         1      2009
         1      1025         1         3         9         9         2         9         1         1      2740
         1      1025         1         3        10        10         1         0         1         1      2818
         1      1025         1         3        11         8         1         4         0         1      5021
         1      1025         1         3        12         4         1         5         0         1      4896
         1      1025         1         3        13         1         2         1         1         1      3495
         1      1025         1         3        14         5         2         3         0         1      2839
         1      1025         1         3        15         2         2         2         1         1      1731
         1      1025         1         3        16         3         1         3         1         1      1082
         1      1025         1         3        17         1         1         1         1         1      8761
         1      1025         1         3        18         9         2         9         1         1      1943
         1      1025         1         3        19         3         2         3         1         1      5238
         1      1025         1         3        20         9         1         9         1         1      2288
         1      1025         1         3        21         4         2         4         1         1      4224
         1      1025         1         3        22         9         1         9         1         1      1522
         1      1025         1         3        23         3         1         3         1         1      8770
         1      1025         1         3        24         4         2         7         0         1     13422
         1      1025         1         3        25         8         2         8         1         1      3153
         1      1025         1         3        26        10         2         0         1         1      1840
         1      1025         1         3        27         8         1         8         1         1      1330
         1      1025         1         3        28         6         2         6         1         1      1497
         1      1025         1         3        29         2         1         4         0         1      3082
         1      1025         1         3        30         7         1         3         0         1      1802
         1      1025         1         3        31        10         2         0         1         1      2111
         1      1025         1         3        32         6         2         6         1         1      1254
         1      1025         1         3        33         3         2         2         0         1      1505
         1      1025         1         3        34         6         1         6         1         1      1376
         1      1025         1         3        35         2         1         2         1         1      2950
         1      1025         1         3        36         1         2         1         1         1      1660
         1      1025         1         3        37         5         2         3         0         1      1894
         1      1025         1         3        38         4         1         5         0         1      2007
         1      1025         1         3        39         1         1         1         1         1      1026
         1      1025         1         3        40         7         2         8         0         1      9077
         1      1025         1         4         1         9         2         9         1         1      1887
         1      1025         1         4         2         4         2         7         0         1      2415
         1      1025         1         4         3         9         2         9         1         1      1147
         1      1025         1         4         4         9         1         9         1         1       984
         1      1025         1         4         5         4         1         4         1         1      3677
         1      1025         1         4         6         8         2         8         1         1      3623
         1      1025         1         4         7         1         2         1         1         1      1138
         1      1025         1         4         8         1         1         1         1         1       944
         1      1025         1         4         9        10         2         0         1         1      1111
         1      1025         1         4        10         5         1         3         0         1      2247
         1      1025         1         4        11         3         2         3         1         1      1386
         1      1025         1         4        12         2         2         2         1         1      2703
         1      1025         1         4        13         8         1         8         1         1      2190
         1      1025         1         4        14         3         2         2         0         1      1892
         1      1025         1         4        15         1         2         1         1         1      2212
         1      1025         1         4        16         8         2         8         1         1      3000
         1      1025         1         4        17         9         1         9         1         1      1051
         1      1025         1         4        18         2         1         7         0         1      2830
         1      1025         1         4        19        10         1         7         0         1      1560
         1      1025         1         4        20         7         2         7         1         1      2678
         1      1025         1         4        21         4         2         7         0         1      1173
         1      1025         1         4        22         8         1         8         1         1      2322
         1      1025         1         4        23        10         2         0         1         1      1363
         1      1025         1         4        24        10         1         0         1         1      1703
         1      1025         1         4        25         2         2         2         1         1       912
         1      1025         1         4        26         3         1         3         1         1      3303
         1      1025         1         4        27         6         1         6         1         1      3775
         1      1025         1         4        28         5         1         7         0         1      2021
         1      1025         1         4        29         6         2         7         0         1       992
         1      1025         1         4        30         5         2         7         0         1      2069
         1      1025         1         4        31         2         1         2         1         1      2111
         1      1025         1         4        32         6         1         6         1         1      1366
         1      1025         1         4        33         5         2         2         0         1      1243
         1      1025         1         4        34         7         1         4         0         1      2663
         1      1025         1         4        35         7         2         7         1         1      3272
         1      1025         1         4        36         1         1         1         1         1       993
         1      1025         1         4        37         7         1         7         1         1      1638
         1      1025         1         4        38         3         1         4         0         1      2977
         1      1025         1         4        39         6         2         6         1         1      1638
         1      1025         1         4        40         4         1         7         0         1      3409
         1      1025         1         5         1        10         1         0         1         1      3435
         1      1025         1         5         2         5         1         7         0         1      3214
         1      1025         1         5         3         5         2         3         0         1      3097
         1      1025         1         5         4        10         1         0         1         1      2232
         1      1025         1         5         5        10         2         0         1         1      1004
         1      1025         1         5         6         4         1         4         1         1      3120
         1      1025         1         5         7        10         2         0         1         1       752
         1      1025         1         5         8         1         2         1         1         1      1198
         1      1025         1         5         9         4         2         2         0         1      2057
         1      1025         1         5        10         9         1         9         1         1      1506
         1      1025         1         5        11         8         1         8         1         1      1778
         1      1025         1         5        12         6         1         6         1         1      1239
         1      1025         1         5        13         9         2         9         1         1       945
         1      1025         1         5        14         3         2         2         0         1      2856
         1      1025         1         5        15         9         2         9         1         1       978
         1      1025         1         5        16         2         2         2         1         1      1239
         1      1025         1         5        17         2         1         7         0         1      3986
         1      1025         1         5        18         6         2         6         1         1      1246
         1      1025         1         5        19         7         1         7         1         1      2105
         1      1025         1         5        20         1         1         1         1         1       801
         1      1025         1         5        21         6         2         6         1         1      1821
         1      1025         1         5        22         7         1         7         1         1      1665
         1      1025         1         5        23         2         2         2         1         1      1129
         1      1025         1         5        24         8         1         9         0         1      3960
         1      1025         1         5        25         4         1         7         0         1      5654
         1      1025         1         5        26         5         1         7         0         1       944
         1      1025         1         5        27         1         1         1         1         1       662
         1      1025         1         5        28         6         1         6         1         1      1623
         1      1025         1         5        29         7         2         6         0         1      3794
         1      1025         1         5        30         1         2         1         1         1      1047
         1      1025         1         5        31         3         2         2         0         1      2777
         1      1025         1         5        32         4         2         5         0         1      3638
         1      1025         1         5        33         5         2         6         0         1      2528
         1      1025         1         5        34         2         1         2         1         1      2023
         1      1025         1         5        35         8         2         9         0         1      1362
         1      1025         1         5        36         9         1         9         1         1       903
         1      1025         1         5        37         3         1         7         0         1      4383
         1      1025         1         5        38         7         2         7         1         1      1452
         1      1025         1         5        39         3         1         3         1         1       991
         1      1025         1         5        40         8         2         9         0         1      1075
         1      1025         1         6         1        10         2         0         1         1      1014
         1      1025         1         6         2         4         1         4         1         1      3866
         1      1025         1         6         3         3         2         3         1         1      1580
         1      1025         1         6         4         6         2         6         1         1      1432
         1      1025         1         6         5         7         1         7         1         1      2764
         1      1025         1         6         6         5         1         7         0         1      1946
         1      1025         1         6         7         3         2         3         1         1      1160
         1      1025         1         6         8         6         1         6         1         1      1270
         1      1025         1         6         9         2         1         2         1         1      4544
         1      1025         1         6        10         3         1         3         1         1      1991
         1      1025         1         6        11         8         1         9         0         1      2276
         1      1025         1         6        12         8         2         8         1         1      1205
         1      1025         1         6        13         4         2         2         0         1      1760
         1      1025         1         6        14         9         2         9         1         1      2294
         1      1025         1         6        15         9         1         9         1         1       709
         1      1025         1         6        16         7         1         7         1         1     13654
         1      1025         1         6        17         4         2         2         0         1      5086
         1      1025         1         6        18         7         2         6         0         1      1983
         1      1025         1         6        19         7         2         7         1         1      1211
         1      1025         1         6        20         8         2         8         1         1       983
         1      1025         1         6        21         4         1         4         1         1      1933
         1      1025         1         6        22         8         1         8         1         1      3132
         1      1025         1         6        23         2         1         2         1         1      1258
         1      1025         1         6        24         6         2         6         1         1      1172
         1      1025         1         6        25        10         1         0         1         1      3264
         1      1025         1         6        26         3         1         2         0         1      1354
         1      1025         1         6        27         9         1         9         1         1      1504
         1      1025         1         6        28         5         2         3         0         1      2463
         1      1025         1         6        29         1         1         1         1         1      1784
         1      1025         1         6        30         5         1         5         1         1      4253
         1      1025         1         6        31         5         2         4         0         1      1471
         1      1025         1         6        32         6         1         6         1         1      1136
         1      1025         1         6        33        10         1         0         1         1      1390
         1      1025         1         6        34         1         2         1         1         1       802
         1      1025         1         6        35         9         2         9         1         1      2558
         1      1025         1         6        36         2         2         2         1         1       868
         1      1025         1         6        37         1         1         1         1         1       668
         1      1025         1         6        38         1         2         1         1         1       733
         1      1025         1         6        39        10         2         0         1         1      3117
         1      1025         1         6        40         2         2         2         1         1       829
         1      1025         2         1         1         9         3         9         1         0      3640
         1      1025         2         1         2         7         3         5         0         0     10658
         1      1025         2         1         3         5         3         3         0         0      6004
         1      1025         2         1         4         9         2         9         1         0      1728
         1      1025         2         1         5         1         3         4         0         0      7974
         1      1025         2         1         6         8         3         8         1         0      2691
         1      1025         2         1         7         8         4         8         1         0       690
         1      1025         2         1         8         5         2         5         1         0      4626
         1      1025         2         1         9         1         2         1         1         0       918
         1      1025         2         1        10        10         4         0         1         0      1277
         1      1025         2         1        11         6         2         6         1         0      1270
         1      1025         2         1        12         3         3         2         0         0      1808
         1      1025         2         1        13        10         3         7         0         0      5203
         1      1025         2         1        14         7         4         7         1         0      3231
         1      1025         2         1        15         4         2         4         1         0      3784
         1      1025         2         1        16         6         1         6         1         1      1229
         1      1025         2         1        17         3         2         3         1         0      3688
         1      1025         2         1        18         2         1         2         1         1      2193
         1      1025         2         1        19        10         2         0         1         0       966
         1      1025         2         1        20         1         1         1         1         1       794
         1      1025         2         1        21         3         4         3         1         0      3270
         1      1025         2         1        22         2         4         2         1         0      1520
         1      1025         2         1        23        10         1         0         1         1      3486
         1      1025         2         1        24         4         1         5         0         1      4176
         1      1025         2         1        25         1         4         7         0         0      6484
         1      1025         2         1        26         4         4         2         0         0      1614
         1      1025         2         1        27         7         2         7         1         0      5785
         1      1025         2         1        28         8         1         8         1         1      1582
         1      1025         2         1        29         7         1         7         1         1      2250
         1      1025         2         1        30         6         4         6         1         0      1419
         1      1025         2         1        31         9         1         9         1         1      1773
         1      1025         2         1        32         6         3         6         1         0      1202
         1      1025         2         1        33         4         3         4         1         0      2734
         1      1025         2         1        34         2         2         2         1         0       764
         1      1025         2         1        35         8         2         8         1         0      1274
         1      1025         2         1        36         5         1         7         0         1      1428
         1      1025         2         1        37         9         4         9         1         0      1462
         1      1025         2         1        38         2         3         2         1         0      3927
         1      1025         2         1        39         5         4         3         0         0      1974
         1      1025         2         1        40         3         1         3         1         1      4564
         1      1025         2         2         1         3         4         3         1         0      2452
         1      1025         2         2         2         5         1         7         0         0      6814
         1      1025         2         2         3         6         4         6         1         0      1016
         1      1025         2         2         4        10         3         5         0         0      5067
         1      1025         2         2         5         3         2         3         1         1      1052
         1      1025         2         2         6        10         1         0         1         0      1085
         1      1025         2         2         7         7         1         7         1         0      2239
         1      1025         2         2         8         2         4         2         1         0      1152
         1      1025         2         2         9         4         1         5         0         0      2287
         1      1025         2         2        10         4         2         4         1         1      3886
         1      1025         2         2        11         1         4         7         0         0      2142
         1      1025         2         2        12         8         3         8         1         0      1252
         1      1025         2         2        13         6         1         6         1         0      1229
         1      1025         2         2        14         1         2         1         1         1       903
         1      1025         2         2        15         2         1         2         1         0       847
         1      1025         2         2        16        10         4         0         1         0      1321
         1      1025         2         2        17         8         4         8         1         0       785
         1      1025         2         2        18         1         3         7         0         0      3789
         1      1025         2         2        19         3         1         4         0         0      3554
         1      1025         2         2        20         7         2         7         1         1      1440
         1      1025         2         2        21         9         4         9         1         0      2355
         1      1025         2         2        22         4         4         2         0         0      1233
         1      1025         2         2        23         3         3         4         0         0      2493
         1      1025         2         2        24         9         3         9         1         0      1125
         1      1025         2         2        25         2         2         2         1         1       885
         1      1025         2         2        26         9         2         9         1         1       814
         1      1025         2         2        27         2         3         2         1         0      1081
         1      1025         2         2        28         4         3         3         0         0      2842
         1      1025         2         2        29         8         1         8         1         0       804
         1      1025         2         2        30         6         2         6         1         1      1072
         1      1025         2         2        31         5         4         7         0         0      1746
         1      1025         2         2        32         7         3         7         1         0      3111
         1      1025         2         2        33        10         2         0         1         1       791
         1      1025         2         2        34         6         3         6         1         0       995
         1      1025         2         2        35         8         2         8         1         1      1111
         1      1025         2         2        36         5         2         4         0         1      2774
         1      1025         2         2        37         1         1         1         1         0       850
         1      1025         2         2        38         5         3         5         1         0      1627
         1      1025         2         2        39         7         4         3         0         0      4822
         1      1025         2         2        40         9         1         9         1         0       977
         1      1025         2         3         1         6         4         6         1         0      1182
         1      1025         2         3         2         5         1         5         1         1      2043
         1      1025         2         3         3         2         1         2         1         1      1383
         1      1025         2         3         4         5         2         5         1         0      2171
         1      1025         2         3         5         7         1         7         1         1      1617
         1      1025         2         3         6         6         3         6         1         0      1036
         1      1025         2         3         7        10         3         7         0         0      1358
         1      1025         2         3         8        10         4         0         1         0       820
         1      1025         2         3         9         8         1         8         1         1       848
         1      1025         2         3        10         2         2         2         1         0       794
         1      1025         2         3        11         1         1         1         1         1       645
         1      1025         2         3        12         1         4         5         0         0      3095
         1      1025         2         3        13        10         2         0         1         0       680
         1      1025         2         3        14         4         1         4         1         1      4345
         1      1025         2         3        15         9         2         9         1         0      1079
         1      1025         2         3        16         7         3         7         1         0      2920
         1      1025         2         3        17         3         1         5         0         1      1808
         1      1025         2         3        18         6         1         6         1         1      1076
         1      1025         2         3        19         1         3         3         0         0      2117
         1      1025         2         3        20         2         3         2         1         0       988
         1      1025         2         3        21         5         4         7         0         0      1744
         1      1025         2         3        22         4         2         2         0         0      1125
         1      1025         2         3        23         3         3         5         0         0      3381
         1      1025         2         3        24         1         2         1         1         0       953
         1      1025         2         3        25         6         2         6         1         0      1887
         1      1025         2         3        26         8         3         8         1         0       783
         1      1025         2         3        27         4         4         1         0         0       972
         1      1025         2         3        28        10         1         0         1         1       928
         1      1025         2         3        29         4         3         5         0         0      3848
         1      1025         2         3        30         3         4         3         1         0      2138
         1      1025         2         3        31         7         2         7         1         0      1457
         1      1025         2         3        32         7         4         7         1         0       947
         1      1025         2         3        33         9         4         9         1         0      2153
         1      1025         2         3        34         8         4         8         1         0       670
         1      1025         2         3        35         3         2         3         1         0      1616
         1      1025         2         3        36         5         3         3         0         0      1147
         1      1025         2         3        37         8         2         8         1         0       714
         1      1025         2         3        38         9         3         9         1         0       665
         1      1025         2         3        39         9         1         9         1         1       665
         1      1025         2         3        40         2         4         2         1         0       954
         1      1025         2         4         1         5         4         7         0         0      4656
         1      1025         2         4         2         4         1         5         0         0      2882
         1      1025         2         4         3         5         2         3         0         1      2555
         1      1025         2         4         4         9         1         9         1         0      1952
         1      1025         2         4         5         2         2         2         1         1       814
         1      1025         2         4         6         2         3         2         1         0      1082
         1      1025         2         4         7         2         1         2         1         0      1003
         1      1025         2         4         8         1         4         3         0         0      2095
         1      1025         2         4         9         1         2         1         1         1       887
         1      1025         2         4        10         8         1         8         1         0      1663
         1      1025         2         4        11        10         4         0         1         0       809
         1      1025         2         4        12         6         4         6         1         0      1123
         1      1025         2         4        13         1         1         1         1         0       737
         1      1025         2         4        14         7         1         4         0         0      4881
         1      1025         2         4        15         6         1         6         1         0      1162
         1      1025         2         4        16         3         4         3         1         0      2231
         1      1025         2         4        17         3         2         3         1         1      2858
         1      1025         2         4        18        10         2         0         1         1       789
         1      1025         2         4        19         2         4         2         1         0      2065
         1      1025         2         4        20         7         4         7         1         0      1642
         1      1025         2         4        21         8         2         8         1         1       885
         1      1025         2         4        22         3         1         4         0         0      6125
         1      1025         2         4        23         4         2         4         1         1      3524
         1      1025         2         4        24         6         3         6         1         0      1250
         1      1025         2         4        25         9         2         9         1         1       796
         1      1025         2         4        26         5         1         5         1         0      2217
         1      1025         2         4        27         1         3         5         0         0      2988
         1      1025         2         4        28        10         3         7         0         0      1443
         1      1025         2         4        29         6         2         6         1         1       977
         1      1025         2         4        30         8         3         8         1         0       695
         1      1025         2         4        31         4         3         4         1         0      1383
         1      1025         2         4        32         8         4         8         1         0       715
         1      1025         2         4        33         9         4         9         1         0      1083
         1      1025         2         4        34         5         3         1         0         0      2235
         1      1025         2         4        35         4         4         2         0         0       798
         1      1025         2         4        36        10         1         0         1         0       793
         1      1025         2         4        37         9         3         9         1         0       790
         1      1025         2         4        38         7         3         7         1         0      1506
         1      1025         2         4        39         3         3         8         0         0       771
         1      1025         2         4        40         7         2         7         1         1       928
