Condition Subject Session Block Trial Subtype Token Response Correct Feedback RT 
         1      1004         1         1         1         1         2         2         0         1     12702
         1      1004         1         1         2        10         1         5         0         1     14348
         1      1004         1         1         3        10         1         0         1         1      4153
         1      1004         1         1         4        10         2         5         0         1      5247
         1      1004         1         1         5         4         2         3         0         1     12280
         1      1004         1         1         6         7         1         8         0         1      6970
         1      1004         1         1         7         1         1         2         0         1      4702
         1      1004         1         1         8         4         2         4         1         1      5276
         1      1004         1         1         9         5         2         5         1         1      3350
         1      1004         1         1        10         9         2         9         1         1      3323
         1      1004         1         1        11         5         1         6         0         1      5682
         1      1004         1         1        12         5         2         6         0         1      2635
         1      1004         1         1        13         8         2         8         1         1      6476
         1      1004         1         1        14         3         2         3         1         1      6694
         1      1004         1         1        15         3         2         3         1         1      3126
         1      1004         1         1        16         8         1         1         0         1      6822
         1      1004         1         1        17         7         1         7         1         1      5345
         1      1004         1         1        18         1         2         8         0         1      8247
         1      1004         1         1        19         9         1         9         1         1      3159
         1      1004         1         1        20         6         1         2         0         1      4805
         1      1004         1         1        21         4         1         4         1         1      4210
         1      1004         1         1        22         9         1         9         1         1      2486
         1      1004         1         1        23         7         2         7         1         1      5054
         1      1004         1         1        24         6         2         6         1         1      2639
         1      1004         1         1        25         2         1         4         0         1      4754
         1      1004         1         1        26         7         2         7         1         1      7552
         1      1004         1         1        27         6         2         6         1         1      3149
         1      1004         1         1        28         4         1         4         1         1      1803
         1      1004         1         1        29         3         1         5         0         1      2495
         1      1004         1         1        30         9         2         9         1         1      2087
         1      1004         1         1        31         2         2         4         0         1      2159
         1      1004         1         1        32         8         2         8         1         1      5557
         1      1004         1         1        33         5         1         0         0         1      3267
         1      1004         1         1        34         3         1         2         0         1      5900
         1      1004         1         1        35         2         2         4         0         1      2364
         1      1004         1         1        36         6         1         6         1         1      1769
         1      1004         1         1        37         1         1         2         0         1      7326
         1      1004         1         1        38         8         1         0         0         1      3941
         1      1004         1         1        39        10         2         1         0         1      7044
         1      1004         1         1        40         2         1         2         1         1      3382
         1      1004         1         2         1         4         1         4         1         1      2891
         1      1004         1         2         2         9         1         9         1         1      1762
         1      1004         1         2         3         6         1         6         1         1      2023
         1      1004         1         2         4         3         2         5         0         1      5346
         1      1004         1         2         5         5         1         5         1         1      4584
         1      1004         1         2         6         7         1         8         0         1      3885
         1      1004         1         2         7        10         2         0         1         1      3391
         1      1004         1         2         8         9         2         9         1         1      1460
         1      1004         1         2         9         6         1         6         1         1      1909
         1      1004         1         2        10         5         2         5         1         1      3141
         1      1004         1         2        11        10         2         0         1         1      1621
         1      1004         1         2        12         7         2         8         0         1      8256
         1      1004         1         2        13         3         2         3         1         1      6418
         1      1004         1         2        14         1         1         1         1         1      8188
         1      1004         1         2        15         5         1         7         0         1      3217
         1      1004         1         2        16         3         1         3         1         1      5276
         1      1004         1         2        17         7         1         7         1         1      2117
         1      1004         1         2        18         8         1         7         0         1      3516
         1      1004         1         2        19         7         2         7         1         1      2428
         1      1004         1         2        20         2         2         2         1         1      4134
         1      1004         1         2        21         2         2         2         1         1      2269
         1      1004         1         2        22         4         1         4         1         1      2430
         1      1004         1         2        23         3         1         3         1         1      1914
         1      1004         1         2        24         1         2         7         0         1      5817
         1      1004         1         2        25         5         2         7         0         1      7596
         1      1004         1         2        26         2         1         4         0         1      6488
         1      1004         1         2        27        10         1         8         0         1      7087
         1      1004         1         2        28         2         1         4         0         1      3488
         1      1004         1         2        29         8         1         8         1         1      2257
         1      1004         1         2        30         9         1         9         1         1      1665
         1      1004         1         2        31         1         2         7         0         1      6955
         1      1004         1         2        32         6         2         6         1         1      1616
         1      1004         1         2        33         4         2         4         1         1      4091
         1      1004         1         2        34        10         1         0         1         1      1986
         1      1004         1         2        35         4         2         4         1         1      2654
         1      1004         1         2        36         1         1         8         0         1      4527
         1      1004         1         2        37         6         2         6         1         1      2181
         1      1004         1         2        38         9         2         9         1         1      1242
         1      1004         1         2        39         8         2         8         1         1      3013
         1      1004         1         2        40         8         2         8         1         1      1288
         1      1004         1         3         1         2         2         2         1         1      6708
         1      1004         1         3         2         4         1         4         1         1      1749
         1      1004         1         3         3         7         2         7         1         1      2682
         1      1004         1         3         4        10         2         0         1         1      1483
         1      1004         1         3         5        10         1         0         1         1      1323
         1      1004         1         3         6         5         2         5         1         1      2642
         1      1004         1         3         7         8         1         8         1         1      7028
         1      1004         1         3         8         7         1         7         1         1      1863
         1      1004         1         3         9         7         1         7         1         1      1193
         1      1004         1         3        10         2         1         2         1         1      4406
         1      1004         1         3        11         9         2         9         1         1      1377
         1      1004         1         3        12         3         2         5         0         1      2486
         1      1004         1         3        13         4         2         4         1         1      1437
         1      1004         1         3        14         5         1         5         1         1      2480
         1      1004         1         3        15        10         1         0         1         1      1255
         1      1004         1         3        16         1         1         7         0         1      7232
         1      1004         1         3        17         6         2         6         1         1      2314
         1      1004         1         3        18         1         2         1         1         1      1609
         1      1004         1         3        19         9         2         9         1         1      1300
         1      1004         1         3        20         8         1         0         0         1      3660
         1      1004         1         3        21         5         2         5         1         1      2662
         1      1004         1         3        22         2         1         2         1         1      2375
         1      1004         1         3        23         4         2         4         1         1      1827
         1      1004         1         3        24         8         2         7         0         1      3494
         1      1004         1         3        25         7         2         7         1         1      1094
         1      1004         1         3        26         8         2         8         1         1       614
         1      1004         1         3        27         1         2         1         1         1      8585
         1      1004         1         3        28         3         2         3         1         1      3485
         1      1004         1         3        29         9         1         9         1         1      1069
         1      1004         1         3        30         6         1         6         1         1      1950
         1      1004         1         3        31         3         1         3         1         1      3372
         1      1004         1         3        32         9         1         9         1         1      1024
         1      1004         1         3        33         3         1         3         1         1      2691
         1      1004         1         3        34         4         1         4         1         1      1621
         1      1004         1         3        35        10         2         0         1         1      1585
         1      1004         1         3        36         2         2         2         1         1      3613
         1      1004         1         3        37         1         1         0         0         1      6391
         1      1004         1         3        38         6         1         6         1         1      2100
         1      1004         1         3        39         5         1         5         1         1      3820
         1      1004         1         3        40         6         2         6         1         1      1502
         1      1004         1         4         1         6         2         6         1         1      1844
         1      1004         1         4         2         2         1         2         1         1      5222
         1      1004         1         4         3         5         1         5         1         1      2209
         1      1004         1         4         4         6         1         6         1         1      1045
         1      1004         1         4         5         8         1         8         1         1      7031
         1      1004         1         4         6         6         2         6         1         1      1192
         1      1004         1         4         7         8         1         8         1         1      1605
         1      1004         1         4         8         3         2         3         1         1      2433
         1      1004         1         4         9         5         2         5         1         1      2332
         1      1004         1         4        10         3         2         3         1         1      1307
         1      1004         1         4        11         5         1         5         1         1      1347
         1      1004         1         4        12        10         1         0         1         1      1640
         1      1004         1         4        13         1         1         1         1         1      1041
         1      1004         1         4        14         2         1         2         1         1      1492
         1      1004         1         4        15         4         2         4         1         1      1283
         1      1004         1         4        16         4         2         4         1         1      1147
         1      1004         1         4        17         5         2         5         1         1      1321
         1      1004         1         4        18         4         1         4         1         1      1137
         1      1004         1         4        19         7         2         7         1         1      1919
         1      1004         1         4        20         8         2         7         0         1      1007
         1      1004         1         4        21         9         2         9         1         1      1267
         1      1004         1         4        22         9         1         9         1         1      1259
         1      1004         1         4        23         7         1         7         1         1      2485
         1      1004         1         4        24         4         1         4         1         1      1102
         1      1004         1         4        25         8         2         8         1         1      1534
         1      1004         1         4        26         7         1         7         1         1      1277
         1      1004         1         4        27        10         2         0         1         1      1223
         1      1004         1         4        28         6         1         6         1         1      1042
         1      1004         1         4        29         2         2         2         1         1      2565
         1      1004         1         4        30         1         1         1         1         1      1001
         1      1004         1         4        31         1         2         3         0         1      5309
         1      1004         1         4        32         2         2         2         1         1      1525
         1      1004         1         4        33        10         1         0         1         1      1059
         1      1004         1         4        34         1         2         1         1         1      1300
         1      1004         1         4        35         7         2         7         1         1      1772
         1      1004         1         4        36         9         2         9         1         1      1010
         1      1004         1         4        37         3         1         3         1         1      3350
         1      1004         1         4        38        10         2         0         1         1      1069
         1      1004         1         4        39         9         1         9         1         1      1117
         1      1004         1         4        40         3         1         3         1         1      1309
         1      1004         1         5         1        10         2         0         1         1      1288
         1      1004         1         5         2         5         1         5         1         1      1457
         1      1004         1         5         3         2         2         2         1         1      2083
         1      1004         1         5         4         6         2         6         1         1      1131
         1      1004         1         5         5         8         2         8         1         1      1050
         1      1004         1         5         6         4         1         4         1         1       989
         1      1004         1         5         7         7         2         7         1         1       913
         1      1004         1         5         8         3         1         3         1         1      2152
         1      1004         1         5         9         1         1         1         1         1      1005
         1      1004         1         5        10         3         2         3         1         1      1441
         1      1004         1         5        11         2         1         2         1         1      3604
         1      1004         1         5        12         1         1         1         1         1       926
         1      1004         1         5        13        10         1         0         1         1      1092
         1      1004         1         5        14         9         1         9         1         1       948
         1      1004         1         5        15        10         2         0         1         1       922
         1      1004         1         5        16         2         2         2         1         1      2465
         1      1004         1         5        17         3         2         3         1         1      1067
         1      1004         1         5        18         2         1         2         1         1      2796
         1      1004         1         5        19         7         2         7         1         1      1560
         1      1004         1         5        20         9         2         9         1         1      1238
         1      1004         1         5        21         8         1         8         1         1      1152
         1      1004         1         5        22         3         1         3         1         1      1022
         1      1004         1         5        23         4         2         2         0         1      2705
         1      1004         1         5        24         9         2         9         1         1      1281
         1      1004         1         5        25         4         2         4         1         1      1801
         1      1004         1         5        26         6         2         6         1         1      1292
         1      1004         1         5        27         1         2         1         1         1      1045
         1      1004         1         5        28         5         2         5         1         1      2839
         1      1004         1         5        29         1         2         1         1         1      1122
         1      1004         1         5        30         8         1         8         1         1      1696
         1      1004         1         5        31         5         2         5         1         1      1624
         1      1004         1         5        32        10         1         0         1         1      1105
         1      1004         1         5        33         7         1         7         1         1      1394
         1      1004         1         5        34         4         1         4         1         1       919
         1      1004         1         5        35         9         1         9         1         1      1069
         1      1004         1         5        36         6         1         6         1         1       974
         1      1004         1         5        37         5         1         6         0         1       995
         1      1004         1         5        38         8         2         8         1         1      2838
         1      1004         1         5        39         6         1         6         1         1       912
         1      1004         1         5        40         7         1         7         1         1      1992
         1      1004         1         6         1         7         2         7         1         1      1423
         1      1004         1         6         2         2         1         2         1         1      1619
         1      1004         1         6         3         7         2         7         1         1       926
         1      1004         1         6         4         4         2         4         1         1      2293
         1      1004         1         6         5         9         1         9         1         1       917
         1      1004         1         6         6         6         2         6         1         1       475
         1      1004         1         6         7         8         1         8         1         1       852
         1      1004         1         6         8         9         2         9         1         1       814
         1      1004         1         6         9         9         1         9         1         1       856
         1      1004         1         6        10         3         1         3         1         1      1153
         1      1004         1         6        11         4         1         4         1         1      1056
         1      1004         1         6        12         8         1         8         1         1       882
         1      1004         1         6        13         5         2         5         1         1      2410
         1      1004         1         6        14         8         2         8         1         1      1286
         1      1004         1         6        15         3         2         1         0         1       863
         1      1004         1         6        16         6         2         6         1         1      1096
         1      1004         1         6        17         2         2         2         1         1      3191
         1      1004         1         6        18         6         1         6         1         1      1188
         1      1004         1         6        19         6         1         6         1         1      1168
         1      1004         1         6        20         2         1         2         1         1      1278
         1      1004         1         6        21         5         1         5         1         1      1606
         1      1004         1         6        22         7         1         7         1         1      2099
         1      1004         1         6        23         4         1         4         1         1      1068
         1      1004         1         6        24        10         2         0         1         1      1149
         1      1004         1         6        25         1         1         1         1         1       890
         1      1004         1         6        26         1         2         1         1         1      1267
         1      1004         1         6        27        10         1         0         1         1      1083
         1      1004         1         6        28         1         1         1         1         1       986
         1      1004         1         6        29        10         1         0         1         1      1245
         1      1004         1         6        30         2         2         2         1         1      2679
         1      1004         1         6        31         4         2         4         1         1      1287
         1      1004         1         6        32         1         2         1         1         1       976
         1      1004         1         6        33         9         2         9         1         1      1110
         1      1004         1         6        34         7         1         7         1         1      1158
         1      1004         1         6        35         5         2         5         1         1      1028
         1      1004         1         6        36         8         2         8         1         1      2135
         1      1004         1         6        37         5         1         5         1         1      1261
         1      1004         1         6        38         3         1         3         1         1      1270
         1      1004         1         6        39        10         2         0         1         1      1184
         1      1004         1         6        40         3         2         3         1         1      1405
         1      1004         2         1         1         6         4         6         1         0      1345
         1      1004         2         1         2         4         2         4         1         0      2085
         1      1004         2         1         3         3         4         3         1         0      3070
         1      1004         2         1         4         4         3         4         1         0      2159
         1      1004         2         1         5         4         4         2         0         0      3349
         1      1004         2         1         6         1         3         5         0         0      3786
         1      1004         2         1         7         7         1         7         1         1      1855
         1      1004         2         1         8         2         3         9         0         0      3616
         1      1004         2         1         9         2         1         2         1         1      2236
         1      1004         2         1        10         8         2         8         1         0      2093
         1      1004         2         1        11         1         1         1         1         1      1172
         1      1004         2         1        12         8         1         8         1         1      1536
         1      1004         2         1        13        10         3         7         0         0     11597
         1      1004         2         1        14         4         1         4         1         1      2410
         1      1004         2         1        15         3         1         3         1         1      1622
         1      1004         2         1        16         7         3         1         0         0     10401
         1      1004         2         1        17         5         1         5         1         1      1629
         1      1004         2         1        18         9         4         9         1         0      1495
         1      1004         2         1        19         9         2         9         1         0      1159
         1      1004         2         1        20         6         1         6         1         1      1221
         1      1004         2         1        21         6         2         6         1         0      1184
         1      1004         2         1        22         5         2         5         1         0      1083
         1      1004         2         1        23         9         3         9         1         0      1244
         1      1004         2         1        24         1         4         1         1         0      5558
         1      1004         2         1        25        10         1         0         1         1      1267
         1      1004         2         1        26         7         4         5         0         0     20588
         1      1004         2         1        27         1         2         1         1         0      1297
         1      1004         2         1        28         5         4         5         1         0      5960
         1      1004         2         1        29         5         3         5         1         0      1766
         1      1004         2         1        30         3         2         3         1         0      1595
         1      1004         2         1        31        10         2         0         1         0      1097
         1      1004         2         1        32         8         4         8         1         0      6872
         1      1004         2         1        33        10         4         1         0         0      4705
         1      1004         2         1        34         2         2         2         1         0      2993
         1      1004         2         1        35         9         1         9         1         1      1092
         1      1004         2         1        36         8         3         0         0         0      3093
         1      1004         2         1        37         3         3         3         1         0      5622
         1      1004         2         1        38         2         4         2         1         0      1761
         1      1004         2         1        39         7         2         7         1         0      1910
         1      1004         2         1        40         6         3         6         1         0      1430
         1      1004         2         2         1         5         2         5         1         1      1889
         1      1004         2         2         2         8         3         0         0         0      1697
         1      1004         2         2         3         6         1         6         1         0      1129
         1      1004         2         2         4         3         2         3         1         1      1144
         1      1004         2         2         5         5         4         5         1         0      1845
         1      1004         2         2         6         4         2         2         0         1      3430
         1      1004         2         2         7         2         4         2         1         0       984
         1      1004         2         2         8         2         2         2         1         1      2413
         1      1004         2         2         9         4         1         4         1         0       969
         1      1004         2         2        10         4         4         2         0         0      1566
         1      1004         2         2        11        10         1         0         1         0      1242
         1      1004         2         2        12         6         4         6         1         0      1011
         1      1004         2         2        13         7         2         7         1         1      1319
         1      1004         2         2        14         8         4         7         0         0      4397
         1      1004         2         2        15         6         3         6         1         0       969
         1      1004         2         2        16         9         1         9         1         0      1053
         1      1004         2         2        17         2         1         2         1         0      1951
         1      1004         2         2        18         5         1         5         1         0      1101
         1      1004         2         2        19         4         3         4         1         0      1261
         1      1004         2         2        20         3         1         3         1         0      1334
         1      1004         2         2        21        10         4         1         0         0      1773
         1      1004         2         2        22         9         3         9         1         0      1218
         1      1004         2         2        23         1         4         3         0         0      4732
         1      1004         2         2        24         7         4         5         0         0      1851
         1      1004         2         2        25         8         1         8         1         0      1228
         1      1004         2         2        26         7         1         7         1         0      1191
         1      1004         2         2        27         1         1         1         1         0      1139
         1      1004         2         2        28        10         2         0         1         1      1074
         1      1004         2         2        29         9         2         9         1         1      1123
         1      1004         2         2        30         9         4         9         1         0      1890
         1      1004         2         2        31         3         3         3         1         0      2003
         1      1004         2         2        32         5         3         5         1         0      1231
         1      1004         2         2        33         1         2         1         1         1      1082
         1      1004         2         2        34         8         2         8         1         1      1082
         1      1004         2         2        35        10         3         0         1         0      3178
         1      1004         2         2        36         1         3         3         0         0      3350
         1      1004         2         2        37         3         4         3         1         0      1324
         1      1004         2         2        38         7         3         0         0         0      1731
         1      1004         2         2        39         6         2         6         1         1       936
         1      1004         2         2        40         2         3         9         0         0      1998
         1      1004         2         3         1        10         4         1         0         0      1973
         1      1004         2         3         2         1         2         1         1         0      1218
         1      1004         2         3         3         6         3         6         1         0      1117
         1      1004         2         3         4         3         1         3         1         1      1052
         1      1004         2         3         5         8         2         8         1         0      1070
         1      1004         2         3         6         7         3         8         0         0      6160
         1      1004         2         3         7         7         1         7         1         1      1158
         1      1004         2         3         8         2         4         2         1         0      1156
         1      1004         2         3         9         5         3         3         0         0      6129
         1      1004         2         3        10         2         2         2         1         0      2184
         1      1004         2         3        11         4         2         4         1         0      1452
         1      1004         2         3        12        10         2         0         1         0      1183
         1      1004         2         3        13        10         3         0         1         0      5259
         1      1004         2         3        14         1         4         1         1         0      7988
         1      1004         2         3        15         7         4         5         0         0      1169
         1      1004         2         3        16         9         1         9         1         1      1165
         1      1004         2         3        17         4         1         4         1         1      1323
         1      1004         2         3        18        10         1         0         1         1      1281
         1      1004         2         3        19         9         3         9         1         0      1049
         1      1004         2         3        20         1         3         5         0         0      3002
         1      1004         2         3        21         4         4         2         0         0      1710
         1      1004         2         3        22         7         2         7         1         0      1558
         1      1004         2         3        23         2         3         9         0         0      1700
         1      1004         2         3        24         3         2         3         1         0      3211
         1      1004         2         3        25         8         1         8         1         1       951
         1      1004         2         3        26         1         1         1         1         1      1035
         1      1004         2         3        27         6         4         6         1         0      2316
         1      1004         2         3        28         3         3         4         0         0      6076
         1      1004         2         3        29         5         2         5         1         0      1413
         1      1004         2         3        30         6         1         6         1         1      1176
         1      1004         2         3        31         9         2         9         1         0      1317
         1      1004         2         3        32         3         4         3         1         0      3036
         1      1004         2         3        33         2         1         2         1         1      1343
         1      1004         2         3        34         5         4         5         1         0      1381
         1      1004         2         3        35         5         1         5         1         1      1786
         1      1004         2         3        36         9         4         9         1         0      1086
         1      1004         2         3        37         8         3         0         0         0      1070
         1      1004         2         3        38         8         4         8         1         0      2911
         1      1004         2         3        39         6         2         6         1         0       998
         1      1004         2         3        40         4         3         4         1         0      1082
         1      1004         2         4         1         6         1         6         1         0      1136
         1      1004         2         4         2         1         2         1         1         1      1054
         1      1004         2         4         3         6         4         6         1         0       959
         1      1004         2         4         4         6         2         6         1         1       932
         1      1004         2         4         5         8         2         8         1         1      2538
         1      1004         2         4         6         5         4         5         1         0      1232
         1      1004         2         4         7         3         3         4         0         0      2540
         1      1004         2         4         8         9         2         9         1         1      1106
         1      1004         2         4         9         7         2         7         1         1       962
         1      1004         2         4        10         7         3         7         1         0       967
         1      1004         2         4        11         2         3         8         0         0      1245
         1      1004         2         4        12         1         1         1         1         0      1125
         1      1004         2         4        13         2         1         2         1         0      1333
         1      1004         2         4        14         8         3         0         0         0      1035
         1      1004         2         4        15         9         4         9         1         0      1277
         1      1004         2         4        16         9         3         9         1         0      1158
         1      1004         2         4        17         8         1         8         1         0      2260
         1      1004         2         4        18         1         3         3         0         0      4501
         1      1004         2         4        19         2         4         2         1         0      1101
         1      1004         2         4        20         5         2         5         1         1      1005
         1      1004         2         4        21         6         3         6         1         0      1232
         1      1004         2         4        22         7         1         7         1         0      1115
         1      1004         2         4        23         4         4         2         0         0      1131
         1      1004         2         4        24         7         4         5         0         0      1273
         1      1004         2         4        25        10         3         8         0         0      1745
         1      1004         2         4        26        10         1         0         1         0      1078
         1      1004         2         4        27         8         4         7         0         0      1718
         1      1004         2         4        28         3         2         3         1         1      1213
         1      1004         2         4        29         3         1         3         1         0      1144
         1      1004         2         4        30         3         4         3         1         0      1110
         1      1004         2         4        31         5         3         5         1         0      2454
         1      1004         2         4        32         4         3         4         1         0      1120
         1      1004         2         4        33         4         1         4         1         0       912
         1      1004         2         4        34        10         4         1         0         0      1143
         1      1004         2         4        35         9         1         9         1         0      1061
         1      1004         2         4        36        10         2         0         1         1      1174
         1      1004         2         4        37         4         2         4         1         1      1938
         1      1004         2         4        38         2         2         2         1         1      1777
         1      1004         2         4        39         5         1         5         1         0       966
         1      1004         2         4        40         1         4         0         0         0      4555
