Condition Subject Session Block Trial Subtype Token Response Correct Feedback RT 
         2      2102         1         1         1         1         2         9         0         1     23581
         2      2102         1         1         2         5         2         8         0         1      4620
         2      2102         1         1         3         7         1         3         0         1      4703
         2      2102         1         1         4        10         2         0         1         1      2656
         2      2102         1         1         5         9         1         6         0         1      5922
         2      2102         1         1         6         1         1         1         1         1      4687
         2      2102         1         1         7         7         2         4         0         1      8192
         2      2102         1         1         8         5         1         8         0         1      2756
         2      2102         1         1         9         8         2         6         0         1      7778
         2      2102         1         1        10         8         2         8         1         1      2583
         2      2102         1         1        11         9         2         7         0         1      5804
         2      2102         1         1        12         2         2         4         0         1      7328
         2      2102         1         1        13         7         1         7         1         1      3959
         2      2102         1         1        14         2         1         9         0         1      3461
         2      2102         1         1        15         4         2         9         0         1      5815
         2      2102         1         1        16         5         1         5         1         1      5049
         2      2102         1         1        17         4         1         1         0         1      5466
         2      2102         1         1        18         4         1         4         1         1      4428
         2      2102         1         1        19         3         2         8         0         1      3158
         2      2102         1         1        20         3         2         3         1         1      3188
         2      2102         1         1        21         9         2         9         1         1     16193
         2      2102         1         1        22        10         2         0         1         1     10822
         2      2102         1         1        23         3         1         6         0         1      8353
         2      2102         1         1        24         6         2         3         0         1      2736
         2      2102         1         1        25        10         1         0         1         1      1824
         2      2102         1         1        26         4         2         2         0         1     11299
         2      2102         1         1        27         9         1         1         0         1      6747
         2      2102         1         1        28         1         1         1         1         1      4697
         2      2102         1         1        29         6         2         6         1         1      4730
         2      2102         1         1        30         3         1         3         1         1      3224
         2      2102         1         1        31         2         1         7         0         1      7204
         2      2102         1         1        32         6         1         9         0         1     14176
         2      2102         1         1        33         2         2         2         1         1      2725
         2      2102         1         1        34         8         1         8         1         1      4597
         2      2102         1         1        35        10         1         0         1         1      1130
         2      2102         1         1        36         6         1         6         1         1      2521
         2      2102         1         1        37         5         2         5         1         1      5440
         2      2102         1         1        38         8         1         8         1         1      2147
         2      2102         1         1        39         1         2         1         1         1      6968
         2      2102         1         1        40         7         2         2         0         1      4254
         2      2102         1         2         1         6         2         6         1         1      1817
         2      2102         1         2         2         5         1         5         1         1      2299
         2      2102         1         2         3        10         2         0         1         1      1405
         2      2102         1         2         4         2         2         2         1         1      5440
         2      2102         1         2         5        10         1         0         1         1      1492
         2      2102         1         2         6         3         2         4         0         1      6052
         2      2102         1         2         7         9         2         7         0         1      8015
         2      2102         1         2         8         2         1         2         1         1      1915
         2      2102         1         2         9         6         1         6         1         1      2138
         2      2102         1         2        10         3         1         3         1         1      2401
         2      2102         1         2        11         9         2         9         1         1      6222
         2      2102         1         2        12        10         2         0         1         1      1410
         2      2102         1         2        13         4         1         1         0         1      2534
         2      2102         1         2        14         8         1         8         1         1      2814
         2      2102         1         2        15         7         2         2         0         1      9545
         2      2102         1         2        16         3         1         3         1         1      3160
         2      2102         1         2        17         9         1         1         0         1      1367
         2      2102         1         2        18         8         2         8         1         1      2076
         2      2102         1         2        19         8         2         8         1         1      1349
         2      2102         1         2        20         2         1         2         1         1      1595
         2      2102         1         2        21         2         2         2         1         1      2854
         2      2102         1         2        22         4         2         9         0         1      8993
         2      2102         1         2        23         4         1         9         0         1     10869
         2      2102         1         2        24         7         1         7         1         1     11982
         2      2102         1         2        25         4         2         9         0         1      5034
         2      2102         1         2        26         8         1         8         1         1      1837
         2      2102         1         2        27         9         1         1         0         1      4417
         2      2102         1         2        28         5         2         5         1         1      4156
         2      2102         1         2        29         6         2         6         1         1      1906
         2      2102         1         2        30         7         2         7         1         1      1875
         2      2102         1         2        31         5         2         5         1         1      2356
         2      2102         1         2        32        10         1         0         1         1      1300
         2      2102         1         2        33         1         2         1         1         1      1771
         2      2102         1         2        34         1         1         1         1         1      2624
         2      2102         1         2        35         1         1         1         1         1      1107
         2      2102         1         2        36         6         1         6         1         1      1491
         2      2102         1         2        37         3         2         3         1         1      3076
         2      2102         1         2        38         7         1         7         1         1      1637
         2      2102         1         2        39         1         2         1         1         1      1215
         2      2102         1         2        40         5         1         5         1         1      1753
         2      2102         1         3         1         7         2         7         1         1      1504
         2      2102         1         3         2        10         1         0         1         1      1185
         2      2102         1         3         3        10         2         0         1         1      1471
         2      2102         1         3         4         9         1         9         1         1      3889
         2      2102         1         3         5         8         1         8         1         1      3682
         2      2102         1         3         6         4         2         4         1         1      2699
         2      2102         1         3         7         3         1         3         1         1      1547
         2      2102         1         3         8         5         1         5         1         1      1704
         2      2102         1         3         9         3         2         3         1         1      1297
         2      2102         1         3        10         2         2         2         1         1      1960
         2      2102         1         3        11         7         2         7         1         1      1591
         2      2102         1         3        12         8         2         8         1         1      1747
         2      2102         1         3        13         1         2         1         1         1      1480
         2      2102         1         3        14         6         2         6         1         1      1545
         2      2102         1         3        15         9         1         9         1         1      2679
         2      2102         1         3        16         4         1         4         1         1      4904
         2      2102         1         3        17         5         2         5         1         1      1680
         2      2102         1         3        18         9         2         7         0         1     16681
         2      2102         1         3        19         5         1         5         1         1      1688
         2      2102         1         3        20         3         2         3         1         1      1313
         2      2102         1         3        21        10         1         0         1         1      1050
         2      2102         1         3        22         6         2         6         1         1      1548
         2      2102         1         3        23         3         1         3         1         1      1259
         2      2102         1         3        24         1         2         1         1         1      1139
         2      2102         1         3        25         2         2         2         1         1      1617
         2      2102         1         3        26         7         1         7         1         1      1773
         2      2102         1         3        27         1         1         1         1         1      2385
         2      2102         1         3        28         6         1         6         1         1      1614
         2      2102         1         3        29         7         1         7         1         1      1433
         2      2102         1         3        30        10         2         0         1         1      1117
         2      2102         1         3        31         1         1         1         1         1      1500
         2      2102         1         3        32         4         1         9         0         1      4172
         2      2102         1         3        33         9         2         9         1         1      1810
         2      2102         1         3        34         4         2         4         1         1      2487
         2      2102         1         3        35         5         2         5         1         1      1759
         2      2102         1         3        36         6         1         6         1         1      1429
         2      2102         1         3        37         2         1         2         1         1      2168
         2      2102         1         3        38         8         2         8         1         1      2542
         2      2102         1         3        39         2         1         2         1         1      1156
         2      2102         1         3        40         8         1         8         1         1      2627
         2      2102         1         4         1         5         1         5         1         1      1401
         2      2102         1         4         2         2         2         2         1         1      1245
         2      2102         1         4         3         6         1         6         1         1      1655
         2      2102         1         4         4         3         1         2         0         1      1793
         2      2102         1         4         5         2         2         2         1         1      3301
         2      2102         1         4         6         1         1         1         1         1      1116
         2      2102         1         4         7         2         1         2         1         1       956
         2      2102         1         4         8         9         1         9         1         1      3187
         2      2102         1         4         9         8         1         8         1         1      2576
         2      2102         1         4        10         6         2         6         1         1      1366
         2      2102         1         4        11         7         1         7         1         1      1804
         2      2102         1         4        12         6         1         6         1         1      1328
         2      2102         1         4        13        10         2         0         1         1      1351
         2      2102         1         4        14         3         2         3         1         1      1566
         2      2102         1         4        15         3         1         3         1         1      1356
         2      2102         1         4        16         8         2         8         1         1      1842
         2      2102         1         4        17         8         1         8         1         1      1461
         2      2102         1         4        18         4         2         4         1         1      2551
         2      2102         1         4        19         7         2         7         1         1      2813
         2      2102         1         4        20         7         2         7         1         1      1785
         2      2102         1         4        21         9         1         9         1         1      3599
         2      2102         1         4        22         3         2         3         1         1      2203
         2      2102         1         4        23         7         1         7         1         1      2367
         2      2102         1         4        24        10         1         0         1         1      2829
         2      2102         1         4        25         9         2         9         1         1      2841
         2      2102         1         4        26         8         2         8         1         1      1891
         2      2102         1         4        27         5         2         5         1         1      1492
         2      2102         1         4        28         1         1         1         1         1      2100
         2      2102         1         4        29         1         2         1         1         1       939
         2      2102         1         4        30         9         2         9         1         1      2819
         2      2102         1         4        31         4         1         4         1         1      2190
         2      2102         1         4        32         4         2         4         1         1      1620
         2      2102         1         4        33         6         2         6         1         1      1600
         2      2102         1         4        34        10         2         0         1         1      2205
         2      2102         1         4        35         5         1         5         1         1      1728
         2      2102         1         4        36         2         1         2         1         1      1207
         2      2102         1         4        37         5         2         5         1         1      1059
         2      2102         1         4        38         1         2         1         1         1       933
         2      2102         1         4        39         4         1         4         1         1      2331
         2      2102         1         4        40        10         1         0         1         1      1595
         2      2102         1         5         1         6         2         6         1         1      1409
         2      2102         1         5         2         1         2         1         1         1       932
         2      2102         1         5         3         5         1         5         1         1      1274
         2      2102         1         5         4         7         2         7         1         1      1427
         2      2102         1         5         5         1         1         1         1         1      1509
         2      2102         1         5         6        10         2         0         1         1       998
         2      2102         1         5         7        10         1         0         1         1       971
         2      2102         1         5         8         3         1         3         1         1      1425
         2      2102         1         5         9         9         1         9         1         1      3093
         2      2102         1         5        10         2         1         2         1         1      1062
         2      2102         1         5        11         2         1         2         1         1      1144
         2      2102         1         5        12         5         2         5         1         1      1446
         2      2102         1         5        13         9         1         9         1         1      2008
         2      2102         1         5        14         8         1         8         1         1      1877
         2      2102         1         5        15         6         1         6         1         1      1366
         2      2102         1         5        16         7         2         7         1         1      4348
         2      2102         1         5        17         5         1         5         1         1      1401
         2      2102         1         5        18         8         1         8         1         1      1806
         2      2102         1         5        19         8         2         8         1         1      1458
         2      2102         1         5        20         9         2         9         1         1      4005
         2      2102         1         5        21         9         2         9         1         1      1730
         2      2102         1         5        22         6         2         6         1         1      1465
         2      2102         1         5        23         7         1         7         1         1      2011
         2      2102         1         5        24         6         1         6         1         1      1574
         2      2102         1         5        25         4         2         4         1         1      1684
         2      2102         1         5        26         5         2         5         1         1      1468
         2      2102         1         5        27         4         2         4         1         1      1118
         2      2102         1         5        28         3         1         3         1         1      1086
         2      2102         1         5        29        10         1         0         1         1      1056
         2      2102         1         5        30         1         2         1         1         1      1009
         2      2102         1         5        31         2         2         2         1         1      1333
         2      2102         1         5        32         8         2         8         1         1      1628
         2      2102         1         5        33         3         2         3         1         1      1477
         2      2102         1         5        34         4         1         4         1         1      1862
         2      2102         1         5        35         4         1         4         1         1      1224
         2      2102         1         5        36         1         1         1         1         1      1266
         2      2102         1         5        37         7         1         7         1         1      1660
         2      2102         1         5        38        10         2         0         1         1      1015
         2      2102         1         5        39         2         2         2         1         1      1017
         2      2102         1         5        40         3         2         3         1         1      1117
         2      2102         1         6         1         8         2         8         1         1      1216
         2      2102         1         6         2         4         2         4         1         1      1036
         2      2102         1         6         3         8         1         8         1         1      1007
         2      2102         1         6         4         7         1         7         1         1      1219
         2      2102         1         6         5         5         1         5         1         1      1117
         2      2102         1         6         6         6         2         6         1         1      4013
         2      2102         1         6         7         3         2         3         1         1      1017
         2      2102         1         6         8         1         2         1         1         1      1051
         2      2102         1         6         9         1         2         1         1         1       972
         2      2102         1         6        10        10         1         0         1         1       915
         2      2102         1         6        11         2         1         2         1         1      1019
         2      2102         1         6        12         4         1         4         1         1      1374
         2      2102         1         6        13        10         2         0         1         1       997
         2      2102         1         6        14         3         1         3         1         1      1034
         2      2102         1         6        15         5         2         5         1         1      1260
         2      2102         1         6        16         5         2         5         1         1       933
         2      2102         1         6        17         9         1         9         1         1      1933
         2      2102         1         6        18         4         1         4         1         1      1339
         2      2102         1         6        19         8         2         8         1         1      1074
         2      2102         1         6        20         1         1         1         1         1      1011
         2      2102         1         6        21         9         2         9         1         1      1096
         2      2102         1         6        22         3         2         3         1         1       951
         2      2102         1         6        23         9         1         9         1         1      1902
         2      2102         1         6        24         7         1         7         1         1      1294
         2      2102         1         6        25         8         1         8         1         1      1575
         2      2102         1         6        26         6         1         6         1         1      1812
         2      2102         1         6        27         4         2         4         1         1      1159
         2      2102         1         6        28         9         2         9         1         1      1766
         2      2102         1         6        29         6         2         6         1         1      1164
         2      2102         1         6        30         6         1         6         1         1      1193
         2      2102         1         6        31         2         1         2         1         1      3127
         2      2102         1         6        32         2         2         2         1         1      1414
         2      2102         1         6        33         5         1         5         1         1      1256
         2      2102         1         6        34         3         1         3         1         1      1138
         2      2102         1         6        35        10         2         0         1         1       994
         2      2102         1         6        36        10         1         0         1         1      1032
         2      2102         1         6        37         7         2         7         1         1      1211
         2      2102         1         6        38         7         2         7         1         1      1031
         2      2102         1         6        39         1         1         1         1         1      1001
         2      2102         1         6        40         2         2         2         1         1      1037
         2      2102         2         1         1         6         1         6         1         1      1541
         2      2102         2         1         2        10         3         0         1         0      1412
         2      2102         2         1         3         6         4         6         1         0      7863
         2      2102         2         1         4         9         1         9         1         1      1816
         2      2102         2         1         5         2         1         2         1         1      1372
         2      2102         2         1         6         7         4         7         1         0     17858
         2      2102         2         1         7         7         2         7         1         0      1428
         2      2102         2         1         8         7         1         7         1         1      1447
         2      2102         2         1         9         1         3         9         0         0      4938
         2      2102         2         1        10         5         1         5         1         1      1519
         2      2102         2         1        11         9         4         9         1         0      2415
         2      2102         2         1        12        10         2         0         1         0      1291
         2      2102         2         1        13         1         1         1         1         1      1363
         2      2102         2         1        14         3         3         3         1         0      9226
         2      2102         2         1        15         5         4         5         1         0      5829
         2      2102         2         1        16         8         2         8         1         0      1591
         2      2102         2         1        17         2         3         2         1         0      1972
         2      2102         2         1        18        10         1         0         1         1      1299
         2      2102         2         1        19         7         3         2         0         0      1787
         2      2102         2         1        20         2         4         2         1         0      1535
         2      2102         2         1        21        10         4         0         1         0      1342
         2      2102         2         1        22         4         3         4         1         0     15060
         2      2102         2         1        23         2         2         2         1         0      1349
         2      2102         2         1        24         5         3         3         0         0      8683
         2      2102         2         1        25         9         2         9         1         0      1821
         2      2102         2         1        26         4         4         9         0         0     13951
         2      2102         2         1        27         6         2         6         1         0      3406
         2      2102         2         1        28         8         1         8         1         1      1810
         2      2102         2         1        29         3         4         3         1         0      1927
         2      2102         2         1        30         3         1         3         1         1      1399
         2      2102         2         1        31         5         2         5         1         0      1290
         2      2102         2         1        32         1         2         1         1         0      1378
         2      2102         2         1        33         1         4         1         1         0      2231
         2      2102         2         1        34         4         1         4         1         1      2217
         2      2102         2         1        35         8         4         8         1         0      3309
         2      2102         2         1        36         9         3         9         1         0      1829
         2      2102         2         1        37         8         3         8         1         0      3030
         2      2102         2         1        38         4         2         4         1         0      1481
         2      2102         2         1        39         6         3         6         1         0      3226
         2      2102         2         1        40         3         2         3         1         0      1621
         2      2102         2         2         1         6         1         6         1         0      1290
         2      2102         2         2         2         8         2         8         1         1      1314
         2      2102         2         2         3         2         2         2         1         1      1673
         2      2102         2         2         4         3         3         7         0         0     14387
         2      2102         2         2         5        10         3         0         1         0      1729
         2      2102         2         2         6         4         4         9         0         0     13142
         2      2102         2         2         7         5         1         5         1         0      1492
         2      2102         2         2         8         3         2         3         1         1      1125
         2      2102         2         2         9         7         4         7         1         0     35124
         2      2102         2         2        10         2         4         2         1         0      1699
         2      2102         2         2        11         1         4         1         1         0      1164
         2      2102         2         2        12        10         1         0         1         0      1131
         2      2102         2         2        13         9         4         9         1         0      1768
         2      2102         2         2        14        10         2         0         1         1      1262
         2      2102         2         2        15         6         2         6         1         1      1304
         2      2102         2         2        16         1         2         1         1         1      1119
         2      2102         2         2        17         6         3         6         1         0      1871
         2      2102         2         2        18         1         1         1         1         0      1360
         2      2102         2         2        19         4         3         4         1         0      4998
         2      2102         2         2        20         9         2         9         1         1      1467
         2      2102         2         2        21         8         1         8         1         0      2621
         2      2102         2         2        22        10         4         0         1         0      1232
         2      2102         2         2        23         4         1         4         1         0      3274
         2      2102         2         2        24         3         1         3         1         0      2516
         2      2102         2         2        25         5         2         5         1         1      1164
         2      2102         2         2        26         7         1         7         1         0      1882
         2      2102         2         2        27         9         3         9         1         0      3163
         2      2102         2         2        28         8         4         8         1         0      1673
         2      2102         2         2        29         4         2         4         1         1      1635
         2      2102         2         2        30         2         1         2         1         0      1949
         2      2102         2         2        31         1         3         9         0         0      9580
         2      2102         2         2        32         5         3         3         0         0      1592
         2      2102         2         2        33         7         3         2         0         0      2357
         2      2102         2         2        34         2         3         2         1         0      1716
         2      2102         2         2        35         6         4         6         1         0      1723
         2      2102         2         2        36         9         1         9         1         0      1923
         2      2102         2         2        37         3         4         3         1         0      1251
         2      2102         2         2        38         7         2         7         1         1      1709
         2      2102         2         2        39         5         4         8         0         0     11909
         2      2102         2         2        40         8         3         8         1         0      1332
         2      2102         2         3         1         9         4         9         1         0      1620
         2      2102         2         3         2         8         3         8         1         0      1983
         2      2102         2         3         3         7         2         7         1         0      1436
         2      2102         2         3         4         3         4         3         1         0      1343
         2      2102         2         3         5         2         2         2         1         0      1414
         2      2102         2         3         6         1         2         1         1         0      1353
         2      2102         2         3         7        10         2         0         1         0      1264
         2      2102         2         3         8         3         2         3         1         0      1401
         2      2102         2         3         9         7         3         7         1         0      8957
         2      2102         2         3        10         1         3         9         0         0      3556
         2      2102         2         3        11         3         1         3         1         1      1379
         2      2102         2         3        12         7         4         4         0         0     19175
         2      2102         2         3        13         8         1         8         1         1      1573
         2      2102         2         3        14         6         1         6         1         1      1490
         2      2102         2         3        15         6         2         6         1         0      1155
         2      2102         2         3        16        10         1         0         1         1      1122
         2      2102         2         3        17         1         4         1         1         0      1010
         2      2102         2         3        18         4         1         4         1         1      1542
         2      2102         2         3        19         4         4         9         0         0     16227
         2      2102         2         3        20         5         4         8         0         0      5574
         2      2102         2         3        21         4         3         4         1         0      5444
         2      2102         2         3        22         5         2         5         1         0      1830
         2      2102         2         3        23         5         1         5         1         1      1768
         2      2102         2         3        24         2         1         2         1         1      1022
         2      2102         2         3        25         2         3         2         1         0       898
         2      2102         2         3        26         5         3         3         0         0      1209
         2      2102         2         3        27         2         4         2         1         0      1189
         2      2102         2         3        28         7         1         7         1         1      1777
         2      2102         2         3        29         8         2         8         1         0      2086
         2      2102         2         3        30        10         3         0         1         0      8559
         2      2102         2         3        31         6         4         6         1         0      1957
         2      2102         2         3        32         1         1         1         1         1       930
         2      2102         2         3        33         9         2         9         1         0      1386
         2      2102         2         3        34         9         3         9         1         0      1615
         2      2102         2         3        35         8         4         8         1         0      1594
         2      2102         2         3        36         3         3         3         1         0     12664
         2      2102         2         3        37         6         3         6         1         0      1930
         2      2102         2         3        38        10         4         0         1         0      1257
         2      2102         2         3        39         9         1         9         1         1      1780
         2      2102         2         3        40         4         2         4         1         0      1529
         2      2102         2         4         1         2         2         2         1         1      2001
         2      2102         2         4         2         5         1         5         1         0      1372
         2      2102         2         4         3         9         1         9         1         0      1346
         2      2102         2         4         4         2         1         2         1         0      1289
         2      2102         2         4         5         8         2         8         1         1      1712
         2      2102         2         4         6         8         3         8         1         0      1159
         2      2102         2         4         7        10         4         0         1         0      2373
         2      2102         2         4         8         2         3         2         1         0      1411
         2      2102         2         4         9         7         3         9         0         0     16551
         2      2102         2         4        10         9         3         9         1         0      1406
         2      2102         2         4        11        10         3         0         1         0      1988
         2      2102         2         4        12         6         4         6         1         0      1729
         2      2102         2         4        13        10         1         0         1         0      1496
         2      2102         2         4        14         5         4         5         1         0     36359
         2      2102         2         4        15         3         2         3         1         1      1302
         2      2102         2         4        16         6         2         6         1         1      1470
         2      2102         2         4        17         1         1         1         1         0      1214
         2      2102         2         4        18         1         2         1         1         1      1032
         2      2102         2         4        19         1         4         1         1         0       987
         2      2102         2         4        20         7         1         7         1         0      1456
         2      2102         2         4        21         3         3         3         1         0      3458
         2      2102         2         4        22         6         3         6         1         0      1525
         2      2102         2         4        23         8         4         8         1         0      2388
         2      2102         2         4        24         4         2         4         1         1      1201
         2      2102         2         4        25         1         3         9         0         0      2029
         2      2102         2         4        26        10         2         0         1         1      1961
         2      2102         2         4        27         5         2         5         1         1      2007
         2      2102         2         4        28         3         4         3         1         0      1523
         2      2102         2         4        29         9         2         9         1         1      3379
         2      2102         2         4        30         2         4         2         1         0      1590
         2      2102         2         4        31         6         1         6         1         0      1827
         2      2102         2         4        32         8         1         8         1         0      1990
         2      2102         2         4        33         4         1         4         1         0      1427
         2      2102         2         4        34         4         3         4         1         0      7078
         2      2102         2         4        35         5         3         3         0         0      1126
         2      2102         2         4        36         7         4         7         1         0     36612
         2      2102         2         4        37         7         2         7         1         1     10056
         2      2102         2         4        38         4         4         9         0         0     19247
         2      2102         2         4        39         9         4         9         1         0      3113
         2      2102         2         4        40         3         1         3         1         0      2200
