Condition Subject Session Block Trial Subtype Token Response Correct Feedback RT 
         2      2014         1         1         1         7         2         3         0         1     17448
         2      2014         1         1         2        10         2         4         0         1      5754
         2      2014         1         1         3         5         2         8         0         1      2511
         2      2014         1         1         4         3         1         6         0         1      3190
         2      2014         1         1         5         8         1         6         0         1      2226
         2      2014         1         1         6         6         2         1         0         1      2995
         2      2014         1         1         7         4         2         0         0         1      5703
         2      2014         1         1         8         8         2         8         1         1      1982
         2      2014         1         1         9         8         1         7         0         1      5930
         2      2014         1         1        10         3         2         9         0         1      6025
         2      2014         1         1        11         9         2         9         1         1      4291
         2      2014         1         1        12         6         1         3         0         1      6610
         2      2014         1         1        13         8         2         8         1         1      2548
         2      2014         1         1        14         5         1         2         0         1      5128
         2      2014         1         1        15         4         1         3         0         1      4166
         2      2014         1         1        16         3         2         3         1         1      1611
         2      2014         1         1        17         7         1         1         0         1      2246
         2      2014         1         1        18         4         2         0         0         1      1640
         2      2014         1         1        19         7         1         2         0         1      2914
         2      2014         1         1        20         3         1         4         0         1      3049
         2      2014         1         1        21         1         2         9         0         1      5353
         2      2014         1         1        22         5         1         8         0         1      2285
         2      2014         1         1        23         2         1         9         0         1      2126
         2      2014         1         1        24         9         1         9         1         1      1748
         2      2014         1         1        25         7         2         0         0         1      4538
         2      2014         1         1        26         1         1         1         1         1      1935
         2      2014         1         1        27        10         1         0         1         1      1278
         2      2014         1         1        28         9         1         2         0         1      3798
         2      2014         1         1        29         2         2         2         1         1      2696
         2      2014         1         1        30        10         2         0         1         1      1176
         2      2014         1         1        31         1         2         1         1         1      1588
         2      2014         1         1        32         2         1         2         1         1      3056
         2      2014         1         1        33         1         1         6         0         1      4689
         2      2014         1         1        34         5         2         5         1         1      4368
         2      2014         1         1        35         6         1         6         1         1      4460
         2      2014         1         1        36         6         2         6         1         1      2517
         2      2014         1         1        37        10         1         0         1         1      1309
         2      2014         1         1        38         2         2         2         1         1      2148
         2      2014         1         1        39         4         1         3         0         1      2074
         2      2014         1         1        40         9         2         2         0         1      2179
         2      2014         1         2         1         3         1         3         1         1      3101
         2      2014         1         2         2        10         2         0         1         1      1597
         2      2014         1         2         3         6         2         6         1         1      2521
         2      2014         1         2         4         4         1         4         1         1      2112
         2      2014         1         2         5         2         1         2         1         1      2055
         2      2014         1         2         6         8         1         8         1         1      3297
         2      2014         1         2         7         5         1         5         1         1      1927
         2      2014         1         2         8         2         1         2         1         1      1397
         2      2014         1         2         9         4         1         4         1         1      1480
         2      2014         1         2        10         1         2         1         1         1      1271
         2      2014         1         2        11         9         1         7         0         1      3424
         2      2014         1         2        12         9         2         9         1         1      2483
         2      2014         1         2        13        10         1         0         1         1      1165
         2      2014         1         2        14         8         2         5         0         1      2441
         2      2014         1         2        15         7         1         7         1         1      2212
         2      2014         1         2        16         8         2         8         1         1      1878
         2      2014         1         2        17         2         2         2         1         1      1655
         2      2014         1         2        18         1         1         1         1         1      1439
         2      2014         1         2        19         9         2         9         1         1      2210
         2      2014         1         2        20         6         2         6         1         1      3334
         2      2014         1         2        21         7         2         7         1         1      1421
         2      2014         1         2        22         5         2         8         0         1      3040
         2      2014         1         2        23         8         1         8         1         1      1459
         2      2014         1         2        24        10         2         0         1         1      1269
         2      2014         1         2        25         7         1         7         1         1      1487
         2      2014         1         2        26         1         2         1         1         1      2399
         2      2014         1         2        27         4         2         4         1         1      7292
         2      2014         1         2        28         3         2         3         1         1      1475
         2      2014         1         2        29         5         2         5         1         1      3748
         2      2014         1         2        30         2         2         2         1         1      1338
         2      2014         1         2        31         3         2         3         1         1      1120
         2      2014         1         2        32         3         1         4         0         1      2576
         2      2014         1         2        33         7         2         7         1         1      2181
         2      2014         1         2        34         9         1         1         0         1      1530
         2      2014         1         2        35        10         1         0         1         1      1226
         2      2014         1         2        36         5         1         8         0         1      5843
         2      2014         1         2        37         6         1         6         1         1      1620
         2      2014         1         2        38         1         1         1         1         1      1135
         2      2014         1         2        39         6         1         6         1         1      1357
         2      2014         1         2        40         4         2         7         0         1      1939
         2      2014         1         3         1         6         2         6         1         1      1779
         2      2014         1         3         2         3         2         3         1         1      1240
         2      2014         1         3         3        10         2         0         1         1      1203
         2      2014         1         3         4         1         2         1         1         1      1166
         2      2014         1         3         5         1         1         9         0         1      4858
         2      2014         1         3         6         8         2         8         1         1      3506
         2      2014         1         3         7         2         1         2         1         1      1378
         2      2014         1         3         8         7         1         7         1         1      1496
         2      2014         1         3         9         2         2         2         1         1      1303
         2      2014         1         3        10         7         2         7         1         1      1200
         2      2014         1         3        11        10         1         0         1         1      1181
         2      2014         1         3        12         9         1         9         1         1      2026
         2      2014         1         3        13         9         2         9         1         1      1349
         2      2014         1         3        14         6         1         6         1         1      1243
         2      2014         1         3        15         3         2         3         1         1      1109
         2      2014         1         3        16         7         1         7         1         1      1221
         2      2014         1         3        17         1         1         1         1         1      1343
         2      2014         1         3        18         4         1         4         1         1      2725
         2      2014         1         3        19         8         2         8         1         1      1538
         2      2014         1         3        20         5         2         5         1         1      1377
         2      2014         1         3        21         4         1         4         1         1      2118
         2      2014         1         3        22         3         1         3         1         1      1469
         2      2014         1         3        23         5         1         8         0         1      2685
         2      2014         1         3        24         8         1         8         1         1      1871
         2      2014         1         3        25         3         1         3         1         1      1984
         2      2014         1         3        26        10         1         0         1         1      1006
         2      2014         1         3        27         6         2         6         1         1      1730
         2      2014         1         3        28         5         1         5         1         1      1927
         2      2014         1         3        29         4         2         7         0         1      2102
         2      2014         1         3        30         5         2         5         1         1      1341
         2      2014         1         3        31         8         1         8         1         1      1492
         2      2014         1         3        32         9         1         9         1         1      3444
         2      2014         1         3        33         6         1         6         1         1      2102
         2      2014         1         3        34         4         2         4         1         1      1118
         2      2014         1         3        35         7         2         7         1         1      1261
         2      2014         1         3        36         1         2         1         1         1      1414
         2      2014         1         3        37         9         2         9         1         1      1114
         2      2014         1         3        38         2         2         2         1         1      1816
         2      2014         1         3        39         2         1         2         1         1      1196
         2      2014         1         3        40        10         2         0         1         1      1065
         2      2014         1         4         1         9         2         9         1         1      1297
         2      2014         1         4         2         1         2         1         1         1      1080
         2      2014         1         4         3         1         2         1         1         1      1384
         2      2014         1         4         4         7         1         7         1         1      1325
         2      2014         1         4         5         4         2         4         1         1      1044
         2      2014         1         4         6        10         2         0         1         1      1079
         2      2014         1         4         7         3         1         3         1         1      1064
         2      2014         1         4         8         8         1         8         1         1      2058
         2      2014         1         4         9         8         2         8         1         1      1235
         2      2014         1         4        10         3         2         3         1         1      1005
         2      2014         1         4        11         7         1         7         1         1      1154
         2      2014         1         4        12        10         2         0         1         1      1025
         2      2014         1         4        13         2         1         2         1         1       980
         2      2014         1         4        14         3         2         3         1         1      1129
         2      2014         1         4        15         6         2         6         1         1      1192
         2      2014         1         4        16         2         2         2         1         1      1076
         2      2014         1         4        17         3         1         3         1         1      1701
         2      2014         1         4        18         4         1         4         1         1      1405
         2      2014         1         4        19         2         2         2         1         1      1105
         2      2014         1         4        20        10         1         0         1         1      1202
         2      2014         1         4        21         5         2         5         1         1      2445
         2      2014         1         4        22         5         2         5         1         1      1255
         2      2014         1         4        23         6         1         6         1         1      1216
         2      2014         1         4        24         9         2         9         1         1      2092
         2      2014         1         4        25         4         1         4         1         1      1540
         2      2014         1         4        26         9         1         9         1         1      3491
         2      2014         1         4        27         6         1         6         1         1      1315
         2      2014         1         4        28        10         1         0         1         1      1083
         2      2014         1         4        29         7         2         7         1         1      1436
         2      2014         1         4        30         1         1         1         1         1      3454
         2      2014         1         4        31         5         1         5         1         1      1215
         2      2014         1         4        32         2         1         2         1         1      1051
         2      2014         1         4        33         1         1         1         1         1      1276
         2      2014         1         4        34         8         2         8         1         1      1828
         2      2014         1         4        35         6         2         6         1         1      1415
         2      2014         1         4        36         4         2         4         1         1      1306
         2      2014         1         4        37         8         1         8         1         1      1298
         2      2014         1         4        38         9         1         9         1         1      3259
         2      2014         1         4        39         5         1         5         1         1      1251
         2      2014         1         4        40         7         2         7         1         1      1597
         2      2014         1         5         1         8         2         8         1         1      1001
         2      2014         1         5         2         9         2         9         1         1      1293
         2      2014         1         5         3         9         1         9         1         1      2502
         2      2014         1         5         4         2         2         2         1         1      1084
         2      2014         1         5         5        10         1         0         1         1      1118
         2      2014         1         5         6         7         1         7         1         1      1118
         2      2014         1         5         7         1         1         1         1         1      1005
         2      2014         1         5         8         5         2         5         1         1      1584
         2      2014         1         5         9        10         2         0         1         1      1118
         2      2014         1         5        10         9         2         9         1         1      1038
         2      2014         1         5        11         5         2         5         1         1      1505
         2      2014         1         5        12         1         2         1         1         1      1008
         2      2014         1         5        13         1         2         1         1         1      1330
         2      2014         1         5        14        10         2         0         1         1      1129
         2      2014         1         5        15         2         1         2         1         1       984
         2      2014         1         5        16         4         1         4         1         1      1341
         2      2014         1         5        17         4         1         4         1         1      1331
         2      2014         1         5        18         3         1         3         1         1      1241
         2      2014         1         5        19         6         2         6         1         1      1108
         2      2014         1         5        20         3         1         3         1         1      1844
         2      2014         1         5        21         6         2         6         1         1       966
         2      2014         1         5        22         6         1         6         1         1      1084
         2      2014         1         5        23         7         2         7         1         1      1213
         2      2014         1         5        24         4         2         4         1         1      1017
         2      2014         1         5        25         8         1         8         1         1      2365
         2      2014         1         5        26         8         1         8         1         1      1083
         2      2014         1         5        27         2         1         2         1         1      1132
         2      2014         1         5        28         7         2         7         1         1      1098
         2      2014         1         5        29        10         1         0         1         1      1035
         2      2014         1         5        30         5         1         5         1         1      1261
         2      2014         1         5        31         6         1         6         1         1      1942
         2      2014         1         5        32         8         2         8         1         1      5011
         2      2014         1         5        33         5         1         5         1         1      1093
         2      2014         1         5        34         7         1         7         1         1      1158
         2      2014         1         5        35         9         1         9         1         1      1604
         2      2014         1         5        36         3         2         3         1         1      1023
         2      2014         1         5        37         4         2         4         1         1       978
         2      2014         1         5        38         2         2         2         1         1      1047
         2      2014         1         5        39         3         2         3         1         1      1048
         2      2014         1         5        40         1         1         1         1         1      1226
         2      2014         1         6         1         4         2         4         1         1      1136
         2      2014         1         6         2         1         2         1         1         1       973
         2      2014         1         6         3         5         1         5         1         1      1169
         2      2014         1         6         4         6         2         6         1         1      1182
         2      2014         1         6         5         2         1         2         1         1      1084
         2      2014         1         6         6        10         2         0         1         1      1182
         2      2014         1         6         7         9         2         9         1         1      1323
         2      2014         1         6         8         2         1         2         1         1      1394
         2      2014         1         6         9         3         1         3         1         1      1174
         2      2014         1         6        10         9         1         9         1         1      1619
         2      2014         1         6        11         8         1         8         1         1      1375
         2      2014         1         6        12         3         2         3         1         1      1044
         2      2014         1         6        13         1         1         1         1         1      1285
         2      2014         1         6        14         4         1         4         1         1      1277
         2      2014         1         6        15         6         1         6         1         1      1301
         2      2014         1         6        16         6         1         6         1         1      1277
         2      2014         1         6        17         1         2         1         1         1      1061
         2      2014         1         6        18         9         2         9         1         1      1079
         2      2014         1         6        19        10         1         0         1         1      1112
         2      2014         1         6        20         9         1         9         1         1      1368
         2      2014         1         6        21         5         1         5         1         1      1148
         2      2014         1         6        22         1         1         1         1         1      1129
         2      2014         1         6        23         3         1         3         1         1      1496
         2      2014         1         6        24         7         2         7         1         1      1273
         2      2014         1         6        25         2         2         2         1         1       977
         2      2014         1         6        26         5         2         5         1         1      1606
         2      2014         1         6        27        10         2         0         1         1      1154
         2      2014         1         6        28         7         2         7         1         1      1057
         2      2014         1         6        29         5         2         5         1         1       978
         2      2014         1         6        30         2         2         2         1         1      1015
         2      2014         1         6        31         8         2         8         1         1      3433
         2      2014         1         6        32         8         1         8         1         1      2204
         2      2014         1         6        33        10         1         0         1         1      2450
         2      2014         1         6        34         7         1         7         1         1      1260
         2      2014         1         6        35         8         2         8         1         1      1189
         2      2014         1         6        36         7         1         7         1         1      1185
         2      2014         1         6        37         3         2         3         1         1      1149
         2      2014         1         6        38         4         1         4         1         1      1627
         2      2014         1         6        39         4         2         4         1         1      1974
         2      2014         1         6        40         6         2         6         1         1      1395
         2      2014         2         1         1         4         2         4         1         0      1187
         2      2014         2         1         2         4         1         4         1         1      1327
         2      2014         2         1         3         9         4         9         1         0      2885
         2      2014         2         1         4        10         4         0         1         0      1469
         2      2014         2         1         5         7         1         7         1         1      1310
         2      2014         2         1         6         3         4         3         1         0      1302
         2      2014         2         1         7         9         2         9         1         0      1263
         2      2014         2         1         8         4         4         4         1         0      4566
         2      2014         2         1         9         3         2         3         1         0      1083
         2      2014         2         1        10         9         1         9         1         1      1516
         2      2014         2         1        11         6         2         6         1         0      1180
         2      2014         2         1        12         1         2         1         1         0      1111
         2      2014         2         1        13         7         2         7         1         0      1239
         2      2014         2         1        14         5         4         4         0         0     18289
         2      2014         2         1        15         2         1         2         1         1      1170
         2      2014         2         1        16        10         3         0         1         0      3455
         2      2014         2         1        17         2         2         2         1         0      1025
         2      2014         2         1        18         1         4         1         1         0      1125
         2      2014         2         1        19         8         4         3         0         0      3971
         2      2014         2         1        20         7         4         7         1         0      3648
         2      2014         2         1        21         9         3         1         0         0      5323
         2      2014         2         1        22         3         3         3         1         0      3235
         2      2014         2         1        23        10         2         0         1         0      1055
         2      2014         2         1        24         8         3         8         1         0      4192
         2      2014         2         1        25         4         3         7         0         0      4659
         2      2014         2         1        26         5         3         5         1         0     10916
         2      2014         2         1        27         3         1         3         1         1      1324
         2      2014         2         1        28         2         4         2         1         0      1138
         2      2014         2         1        29         7         3         7         1         0      6369
         2      2014         2         1        30         8         1         8         1         1      3471
         2      2014         2         1        31         2         3         2         1         0      1904
         2      2014         2         1        32        10         1         0         1         1      1154
         2      2014         2         1        33         6         3         6         1         0      2096
         2      2014         2         1        34         6         4         6         1         0      3736
         2      2014         2         1        35         6         1         6         1         1      1279
         2      2014         2         1        36         8         2         8         1         0      1430
         2      2014         2         1        37         1         1         1         1         1      1112
         2      2014         2         1        38         5         1         5         1         1      1878
         2      2014         2         1        39         5         2         5         1         0      1623
         2      2014         2         1        40         1         3         4         0         0      4546
         2      2014         2         2         1         3         2         3         1         1      1114
         2      2014         2         2         2         6         4         6         1         0      3513
         2      2014         2         2         3         3         3         7         0         0      9049
         2      2014         2         2         4         6         2         6         1         1      1228
         2      2014         2         2         5         2         3         2         1         0      1174
         2      2014         2         2         6         8         1         8         1         0      1204
         2      2014         2         2         7         6         1         6         1         0      1072
         2      2014         2         2         8         2         4         2         1         0      1089
         2      2014         2         2         9        10         2         0         1         1      1233
         2      2014         2         2        10        10         4         0         1         0      1388
         2      2014         2         2        11         1         1         1         1         0      1248
         2      2014         2         2        12         1         4         1         1         0      1258
         2      2014         2         2        13         7         4         7         1         0      2596
         2      2014         2         2        14         1         2         1         1         1      1223
         2      2014         2         2        15         7         3         4         0         0      2914
         2      2014         2         2        16         8         3         8         1         0      1705
         2      2014         2         2        17        10         1         0         1         0      1026
         2      2014         2         2        18         3         1         3         1         0      1317
         2      2014         2         2        19         2         2         2         1         1      1212
         2      2014         2         2        20         4         3         4         1         0      5816
         2      2014         2         2        21         7         1         7         1         0      1035
         2      2014         2         2        22         9         3         9         1         0      5230
         2      2014         2         2        23         1         3         9         0         0      2602
         2      2014         2         2        24         4         1         3         0         0      1342
         2      2014         2         2        25         5         4         5         1         0      5811
         2      2014         2         2        26         8         4         3         0         0      6599
         2      2014         2         2        27         6         3         6         1         0      1420
         2      2014         2         2        28         4         4         4         1         0      2077
         2      2014         2         2        29         9         1         9         1         0      2598
         2      2014         2         2        30         9         2         9         1         1      1323
         2      2014         2         2        31         3         4         3         1         0      1634
         2      2014         2         2        32         5         3         5         1         0      1340
         2      2014         2         2        33         2         1         2         1         0      1218
         2      2014         2         2        34         4         2         4         1         1      1390
         2      2014         2         2        35        10         3         0         1         0      3123
         2      2014         2         2        36         7         2         7         1         1      1298
         2      2014         2         2        37         9         4         9         1         0      2522
         2      2014         2         2        38         5         2         5         1         1      1265
         2      2014         2         2        39         5         1         5         1         0      1193
         2      2014         2         2        40         8         2         8         1         1      1316
         2      2014         2         3         1         3         4         3         1         0      1452
         2      2014         2         3         2         4         1         4         1         1      1246
         2      2014         2         3         3         5         2         5         1         0      1383
         2      2014         2         3         4         7         1         7         1         1      1292
         2      2014         2         3         5         9         2         9         1         0      1301
         2      2014         2         3         6        10         4         0         1         0      1293
         2      2014         2         3         7        10         3         0         1         0      1430
         2      2014         2         3         8         4         3         4         1         0     10953
         2      2014         2         3         9         5         1         5         1         1      1245
         2      2014         2         3        10         1         4         1         1         0      1096
         2      2014         2         3        11         1         2         1         1         0      1143
         2      2014         2         3        12         3         1         3         1         1      1381
         2      2014         2         3        13         6         4         6         1         0      1290
         2      2014         2         3        14         2         3         2         1         0      2161
         2      2014         2         3        15         1         1         1         1         1      1350
         2      2014         2         3        16         9         4         9         1         0      1692
         2      2014         2         3        17         8         1         8         1         1      1380
         2      2014         2         3        18         8         3         8         1         0      2471
         2      2014         2         3        19         8         4         8         1         0      2257
         2      2014         2         3        20        10         1         0         1         1      1235
         2      2014         2         3        21         5         4         4         0         0     13389
         2      2014         2         3        22         4         2         4         1         0      1425
         2      2014         2         3        23         7         4         7         1         0      2244
         2      2014         2         3        24         4         4         4         1         0      1940
         2      2014         2         3        25         7         2         7         1         0      1266
         2      2014         2         3        26        10         2         0         1         0      1307
         2      2014         2         3        27         6         2         6         1         0      1219
         2      2014         2         3        28         5         3         5         1         0      1214
         2      2014         2         3        29         6         3         6         1         0      1210
         2      2014         2         3        30         9         1         9         1         1      1286
         2      2014         2         3        31         1         3         4         0         0      6879
         2      2014         2         3        32         3         2         3         1         0      1207
         2      2014         2         3        33         2         2         2         1         0      1282
         2      2014         2         3        34         8         2         8         1         0      1194
         2      2014         2         3        35         3         3         7         0         0      3047
         2      2014         2         3        36         2         1         2         1         1       969
         2      2014         2         3        37         7         3         7         1         0      9310
         2      2014         2         3        38         6         1         6         1         1      1125
         2      2014         2         3        39         2         4         2         1         0       996
         2      2014         2         3        40         9         3         1         0         0      9528
         2      2014         2         4         1         9         1         9         1         0      2108
         2      2014         2         4         2        10         4         0         1         0      1092
         2      2014         2         4         3         4         1         4         1         0      1620
         2      2014         2         4         4         3         4         3         1         0      1231
         2      2014         2         4         5         4         4         9         0         0      8183
         2      2014         2         4         6         7         2         7         1         1      1213
         2      2014         2         4         7         4         3         8         0         0     18919
         2      2014         2         4         8         8         4         6         0         0      9950
         2      2014         2         4         9         9         4         9         1         0      1964
         2      2014         2         4        10         9         3         9         1         0      4698
         2      2014         2         4        11        10         2         0         1         1      1290
         2      2014         2         4        12         2         1         2         1         0      1267
         2      2014         2         4        13         1         3         9         0         0     15325
         2      2014         2         4        14         2         2         2         1         1      1187
         2      2014         2         4        15         1         1         1         1         0      1359
         2      2014         2         4        16         8         2         8         1         1      1140
         2      2014         2         4        17         3         1         3         1         0      1122
         2      2014         2         4        18         5         1         5         1         0      1120
         2      2014         2         4        19         7         4         7         1         0      2047
         2      2014         2         4        20         1         4         1         1         0      1370
         2      2014         2         4        21         1         2         1         1         1      1182
         2      2014         2         4        22         6         2         6         1         1      1260
         2      2014         2         4        23         3         2         3         1         1      1077
         2      2014         2         4        24         5         3         3         0         0      4581
         2      2014         2         4        25         9         2         9         1         1      1914
         2      2014         2         4        26         7         1         7         1         0      1322
         2      2014         2         4        27         2         4         2         1         0      1265
         2      2014         2         4        28         4         2         4         1         1      1418
         2      2014         2         4        29         5         2         5         1         1      1117
         2      2014         2         4        30         7         3         7         1         0      2157
         2      2014         2         4        31         8         1         8         1         0      1427
         2      2014         2         4        32         2         3         2         1         0      1124
         2      2014         2         4        33        10         3         0         1         0      2756
         2      2014         2         4        34         6         4         6         1         0      1377
         2      2014         2         4        35         5         4         4         0         0     10694
         2      2014         2         4        36         6         1         6         1         0      1158
         2      2014         2         4        37         3         3         7         0         0      1556
         2      2014         2         4        38         8         3         8         1         0      1441
         2      2014         2         4        39        10         1         0         1         0      1252
         2      2014         2         4        40         6         3         6         1         0      1071
