Condition Subject Session Block Trial Subtype Token Response Correct Feedback RT 
         1      1079         1         1         1         4         2         1         0         1      6346
         1      1079         1         1         2         5         1         9         0         1      7223
         1      1079         1         1         3         3         1         7         0         1      3744
         1      1079         1         1         4         9         2         0         0         1     10294
         1      1079         1         1         5         3         2         5         0         1      3925
         1      1079         1         1         6         4         1         3         0         1      5380
         1      1079         1         1         7         8         1         7         0         1      3672
         1      1079         1         1         8         7         1         7         1         1      5649
         1      1079         1         1         9         1         1         6         0         1      5481
         1      1079         1         1        10        10         2         2         0         1      5562
         1      1079         1         1        11         6         1         5         0         1      4247
         1      1079         1         1        12         4         1         5         0         1      5177
         1      1079         1         1        13         9         1         9         1         1      7572
         1      1079         1         1        14         4         2         5         0         1      3792
         1      1079         1         1        15         3         1         5         0         1      1251
         1      1079         1         1        16         7         1         2         0         1      9293
         1      1079         1         1        17         6         1         8         0         1     14789
         1      1079         1         1        18         8         1         2         0         1      6096
         1      1079         1         1        19         9         1         9         1         1      3927
         1      1079         1         1        20         3         2         3         1         1     12613
         1      1079         1         1        21         7         2         5         0         1      4936
         1      1079         1         1        22         1         2         5         0         1      1055
         1      1079         1         1        23        10         2         3         0         1     11825
         1      1079         1         1        24         1         2         5         0         1      1716
         1      1079         1         1        25         2         2         9         0         1      4267
         1      1079         1         1        26         5         1         1         0         1      5452
         1      1079         1         1        27         5         2         9         0         1      8189
         1      1079         1         1        28         8         2         7         0         1      5105
         1      1079         1         1        29        10         1         2         0         1      6943
         1      1079         1         1        30         9         2         9         1         1      1525
         1      1079         1         1        31         2         1         6         0         1      3140
         1      1079         1         1        32         7         2         0         0         1      7809
         1      1079         1         1        33         8         2         4         0         1      6740
         1      1079         1         1        34         1         1         9         0         1      4002
         1      1079         1         1        35         2         2         0         0         1      4045
         1      1079         1         1        36         5         2         5         1         1      1591
         1      1079         1         1        37        10         1         5         0         1      1250
         1      1079         1         1        38         6         2         6         1         1      2747
         1      1079         1         1        39         6         2         6         1         1      4072
         1      1079         1         1        40         2         1         0         0         1      8817
         1      1079         1         2         1        10         2         5         0         1     17587
         1      1079         1         2         2         3         1         5         0         1       912
         1      1079         1         2         3         1         1         1         1         1      4374
         1      1079         1         2         4         4         1         5         0         1      1683
         1      1079         1         2         5         7         2         8         0         1      3467
         1      1079         1         2         6         6         2         6         1         1      4796
         1      1079         1         2         7         2         2         2         1         1      4280
         1      1079         1         2         8         5         2         5         1         1      1943
         1      1079         1         2         9         3         2         5         0         1      1478
         1      1079         1         2        10         9         2         9         1         1      1511
         1      1079         1         2        11         8         2         7         0         1      8374
         1      1079         1         2        12         8         1         7         0         1      3090
         1      1079         1         2        13         3         2         5         0         1      5106
         1      1079         1         2        14         1         2         5         0         1       865
         1      1079         1         2        15         4         1         2         0         1      6859
         1      1079         1         2        16         5         1         5         1         1      1700
         1      1079         1         2        17         7         1         4         0         1      6157
         1      1079         1         2        18         1         1         4         0         1      1857
         1      1079         1         2        19         2         2         4         0         1      7218
         1      1079         1         2        20        10         2         1         0         1      3550
         1      1079         1         2        21         3         1         5         0         1      7292
         1      1079         1         2        22         9         2         9         1         1      1684
         1      1079         1         2        23         7         2         8         0         1      4829
         1      1079         1         2        24         5         2         5         1         1      4087
         1      1079         1         2        25        10         1         2         0         1      4446
         1      1079         1         2        26         8         1         2         0         1      3864
         1      1079         1         2        27         9         1         9         1         1      1880
         1      1079         1         2        28         6         2         6         1         1      1911
         1      1079         1         2        29         1         2         5         0         1      2965
         1      1079         1         2        30         4         2         0         0         1     10042
         1      1079         1         2        31        10         1         1         0         1      1730
         1      1079         1         2        32         9         1         9         1         1      1383
         1      1079         1         2        33         2         1         1         0         1      6476
         1      1079         1         2        34         4         2         1         0         1       932
         1      1079         1         2        35         6         1         6         1         1      1802
         1      1079         1         2        36         6         1         6         1         1      1902
         1      1079         1         2        37         2         1         2         1         1      5230
         1      1079         1         2        38         8         2         4         0         1      4904
         1      1079         1         2        39         5         1         4         0         1      3072
         1      1079         1         2        40         7         1         4         0         1      1218
         1      1079         1         3         1         8         1         1         0         1     25473
         1      1079         1         3         2         5         1         4         0         1      6193
         1      1079         1         3         3         4         2         7         0         1      5699
         1      1079         1         3         4         7         1         8         0         1      4716
         1      1079         1         3         5        10         2         1         0         1      3180
         1      1079         1         3         6         2         2         0         0         1      4536
         1      1079         1         3         7        10         2         4         0         1      8207
         1      1079         1         3         8         7         2         2         0         1      4178
         1      1079         1         3         9         8         2         7         0         1      4630
         1      1079         1         3        10         5         1         5         1         1      2713
         1      1079         1         3        11         7         2         2         0         1      5400
         1      1079         1         3        12         3         2         5         0         1      2636
         1      1079         1         3        13         4         1         4         1         1      3920
         1      1079         1         3        14         6         1         6         1         1      1599
         1      1079         1         3        15         6         1         6         1         1      2219
         1      1079         1         3        16        10         1         1         0         1      7452
         1      1079         1         3        17         6         2         6         1         1      1982
         1      1079         1         3        18         3         1         5         0         1      2619
         1      1079         1         3        19         7         1         2         0         1      8479
         1      1079         1         3        20         2         1         8         0         1      5879
         1      1079         1         3        21         9         1         9         1         1      1990
         1      1079         1         3        22         6         2         6         1         1      1265
         1      1079         1         3        23         2         1         0         0         1      8522
         1      1079         1         3        24         2         2         9         0         1      1776
         1      1079         1         3        25         1         2         5         0         1      1892
         1      1079         1         3        26         3         1         5         0         1       899
         1      1079         1         3        27         5         2         8         0         1      6603
         1      1079         1         3        28         4         1         2         0         1      4735
         1      1079         1         3        29         9         1         9         1         1      1532
         1      1079         1         3        30         1         2         0         0         1      6683
         1      1079         1         3        31         4         2         4         1         1      5146
         1      1079         1         3        32         1         1         0         0         1      4263
         1      1079         1         3        33         8         1         8         1         1      7352
         1      1079         1         3        34         9         2         9         1         1      1373
         1      1079         1         3        35        10         1         3         0         1      3904
         1      1079         1         3        36         5         2         4         0         1      2960
         1      1079         1         3        37         9         2         9         1         1      1269
         1      1079         1         3        38         1         1         3         0         1      7053
         1      1079         1         3        39         8         2         3         0         1      5871
         1      1079         1         3        40         3         2         5         0         1      5505
         1      1079         1         4         1         3         1         4         0         1     21159
         1      1079         1         4         2         4         1         4         1         1      5589
         1      1079         1         4         3         9         2         9         1         1      1792
         1      1079         1         4         4         2         1         0         0         1      2964
         1      1079         1         4         5         1         1         0         0         1      1481
         1      1079         1         4         6         1         2         4         0         1      3177
         1      1079         1         4         7        10         1         0         1         1      5860
         1      1079         1         4         8         8         2         1         0         1      4789
         1      1079         1         4         9         3         2         5         0         1      3698
         1      1079         1         4        10        10         2         1         0         1     12810
         1      1079         1         4        11         4         2         0         0         1      5333
         1      1079         1         4        12         9         2         9         1         1       955
         1      1079         1         4        13         7         2         2         0         1      2689
         1      1079         1         4        14         2         1         8         0         1      6673
         1      1079         1         4        15         6         2         6         1         1      2737
         1      1079         1         4        16         7         2         2         0         1      4559
         1      1079         1         4        17         7         1         2         0         1      1380
         1      1079         1         4        18         1         1         1         1         1      2727
         1      1079         1         4        19         8         2         1         0         1       694
         1      1079         1         4        20         2         2         1         0         1      2517
         1      1079         1         4        21         9         1         9         1         1      2683
         1      1079         1         4        22         3         2         5         0         1      1644
         1      1079         1         4        23         5         2         5         1         1       790
         1      1079         1         4        24         5         1         5         1         1      1170
         1      1079         1         4        25         8         1         8         1         1      4943
         1      1079         1         4        26         6         1         6         1         1      1733
         1      1079         1         4        27         2         2         7         0         1      4348
         1      1079         1         4        28         7         1         7         1         1      2762
         1      1079         1         4        29         4         2         1         0         1      4503
         1      1079         1         4        30         3         1         5         0         1      2479
         1      1079         1         4        31         6         1         6         1         1      1112
         1      1079         1         4        32         8         1         8         1         1      2022
         1      1079         1         4        33         6         2         6         1         1      1328
         1      1079         1         4        34        10         2         1         0         1     15255
         1      1079         1         4        35         4         1         4         1         1      2401
         1      1079         1         4        36         5         2         5         1         1      1821
         1      1079         1         4        37         1         2         4         0         1      5936
         1      1079         1         4        38         9         1         9         1         1      1661
         1      1079         1         4        39         5         1         5         1         1      3446
         1      1079         1         4        40        10         1         1         0         1      1383
         1      1079         1         5         1         1         1         1         1         1      1994
         1      1079         1         5         2         4         2         7         0         1      4021
         1      1079         1         5         3         8         1         8         1         1      1616
         1      1079         1         5         4        10         2         1         0         1     18987
         1      1079         1         5         5         9         1         9         1         1      1854
         1      1079         1         5         6         3         2         5         0         1      8879
         1      1079         1         5         7        10         1         1         0         1      1543
         1      1079         1         5         8         3         2         3         1         1     15140
         1      1079         1         5         9         3         1         4         0         1      6530
         1      1079         1         5        10         6         2         6         1         1      1384
         1      1079         1         5        11         1         2         2         0         1      6316
         1      1079         1         5        12         4         2         1         0         1      3243
         1      1079         1         5        13         2         1         4         0         1      3413
         1      1079         1         5        14         1         2         2         0         1      1336
         1      1079         1         5        15         2         1         7         0         1      6942
         1      1079         1         5        16         5         1         4         0         1      4515
         1      1079         1         5        17        10         1         0         1         1      3081
         1      1079         1         5        18         1         1         1         1         1      1480
         1      1079         1         5        19         5         2         5         1         1      1945
         1      1079         1         5        20         8         1         8         1         1      1367
         1      1079         1         5        21         8         2         7         0         1      4059
         1      1079         1         5        22         5         1         2         0         1      3845
         1      1079         1         5        23         6         1         6         1         1      1398
         1      1079         1         5        24         7         2         4         0         1      5946
         1      1079         1         5        25         4         1         1         0         1      5272
         1      1079         1         5        26         6         2         6         1         1      1184
         1      1079         1         5        27         2         2         7         0         1      3581
         1      1079         1         5        28        10         2         1         0         1      2297
         1      1079         1         5        29         2         2         2         1         1      2089
         1      1079         1         5        30         3         1         5         0         1      4626
         1      1079         1         5        31         6         1         6         1         1      1189
         1      1079         1         5        32         9         1         9         1         1      1423
         1      1079         1         5        33         8         2         3         0         1      5074
         1      1079         1         5        34         9         2         9         1         1      1330
         1      1079         1         5        35         4         1         1         0         1      1689
         1      1079         1         5        36         5         2         5         1         1      3041
         1      1079         1         5        37         7         1         0         0         1      3700
         1      1079         1         5        38         7         2         7         1         1      2892
         1      1079         1         5        39         9         2         9         1         1      1251
         1      1079         1         5        40         7         1         8         0         1      3854
         1      1079         1         6         1         3         2         3         1         1      3628
         1      1079         1         6         2         2         2         2         1         1      3766
         1      1079         1         6         3         2         2         2         1         1      1451
         1      1079         1         6         4         4         1         4         1         1      2926
         1      1079         1         6         5         8         2         1         0         1      5556
         1      1079         1         6         6         2         1         0         0         1      4465
         1      1079         1         6         7         6         1         6         1         1      1466
         1      1079         1         6         8         5         1         4         0         1     12619
         1      1079         1         6         9         6         1         6         1         1      1214
         1      1079         1         6        10         6         2         6         1         1      1160
         1      1079         1         6        11         6         2         6         1         1      1365
         1      1079         1         6        12         2         1         7         0         1      3114
         1      1079         1         6        13        10         1         7         0         1      2264
         1      1079         1         6        14         4         1         1         0         1      2954
         1      1079         1         6        15         5         2         5         1         1      3231
         1      1079         1         6        16         1         1         0         0         1      2921
         1      1079         1         6        17         5         1         4         0         1      4336
         1      1079         1         6        18         4         2         1         0         1      2606
         1      1079         1         6        19         7         2         1         0         1      1328
         1      1079         1         6        20         8         2         7         0         1      2343
         1      1079         1         6        21         9         2         9         1         1      1956
         1      1079         1         6        22         5         2         5         1         1      3345
         1      1079         1         6        23         1         1         1         1         1      2374
         1      1079         1         6        24         7         1         4         0         1      7043
         1      1079         1         6        25         8         1         8         1         1       693
         1      1079         1         6        26         9         1         9         1         1      1107
         1      1079         1         6        27         7         1         8         0         1      1843
         1      1079         1         6        28         9         1         9         1         1      1252
         1      1079         1         6        29         7         2         7         1         1      1838
         1      1079         1         6        30         4         2         0         0         1      5855
         1      1079         1         6        31        10         1         0         1         1      1743
         1      1079         1         6        32         1         2         4         0         1      4805
         1      1079         1         6        33        10         2         3         0         1      5410
         1      1079         1         6        34        10         2         0         1         1      2709
         1      1079         1         6        35         3         1         5         0         1      1653
         1      1079         1         6        36         3         2         5         0         1      1664
         1      1079         1         6        37         3         1         5         0         1      1272
         1      1079         1         6        38         8         1         8         1         1      1649
         1      1079         1         6        39         9         2         9         1         1      1083
         1      1079         1         6        40         1         2         4         0         1      5419
         1      1079         2         1         1         3         1         1         0         1      6247
         1      1079         2         1         2        10         4         1         0         0      1065
         1      1079         2         1         3         2         1         0         0         1      6970
         1      1079         2         1         4         9         2         9         1         0       911
         1      1079         2         1         5         1         1         1         1         1      1429
         1      1079         2         1         6         3         4         5         0         0      1559
         1      1079         2         1         7         9         4         9         1         0      1043
         1      1079         2         1         8         1         2         4         0         0      4596
         1      1079         2         1         9        10         1         8         0         1      2101
         1      1079         2         1        10         7         3         8         0         0      4717
         1      1079         2         1        11         9         3         9         1         0      1179
         1      1079         2         1        12         7         2         7         1         0      3559
         1      1079         2         1        13         8         3         8         1         0      1475
         1      1079         2         1        14         2         4         2         1         0      4274
         1      1079         2         1        15         8         2         1         0         0      1570
         1      1079         2         1        16         6         2         6         1         0      1278
         1      1079         2         1        17         6         1         6         1         1       823
         1      1079         2         1        18         5         3         5         1         0      1489
         1      1079         2         1        19         4         2         0         0         0      2720
         1      1079         2         1        20         3         3         5         0         0      1360
         1      1079         2         1        21         5         1         5         1         1      5141
         1      1079         2         1        22         7         4         7         1         0      4306
         1      1079         2         1        23         2         2         2         1         0      4210
         1      1079         2         1        24         1         3         5         0         0      1061
         1      1079         2         1        25         6         3         6         1         0      1622
         1      1079         2         1        26        10         3         8         0         0      2384
         1      1079         2         1        27         5         4         1         0         0      3148
         1      1079         2         1        28         3         2         3         1         0      4042
         1      1079         2         1        29         4         3         4         1         0      3637
         1      1079         2         1        30         2         3         0         0         0      3135
         1      1079         2         1        31         8         4         8         1         0      6557
         1      1079         2         1        32         4         4         1         0         0      1666
         1      1079         2         1        33         1         4         5         0         0      4379
         1      1079         2         1        34         7         1         7         1         1      2585
         1      1079         2         1        35         5         2         5         1         0      1197
         1      1079         2         1        36         8         1         8         1         1      1161
         1      1079         2         1        37        10         2         1         0         0      1158
         1      1079         2         1        38         4         1         3         0         1      1220
         1      1079         2         1        39         9         1         9         1         1      1438
         1      1079         2         1        40         6         4         6         1         0      1294
         1      1079         2         2         1         3         3         5         0         0      2059
         1      1079         2         2         2        10         2         3         0         1      5317
         1      1079         2         2         3        10         3         8         0         0      4027
         1      1079         2         2         4         5         4         4         0         0      2630
         1      1079         2         2         5         5         1         5         1         0      1832
         1      1079         2         2         6         7         1         7         1         0      1772
         1      1079         2         2         7         4         1         2         0         0      3010
         1      1079         2         2         8         4         3         4         1         0      2693
         1      1079         2         2         9         4         2         4         1         1       997
         1      1079         2         2        10         8         1         8         1         0      1065
         1      1079         2         2        11         1         4         5         0         0      2954
         1      1079         2         2        12         8         2         0         0         1      2784
         1      1079         2         2        13         1         1         1         1         0      1147
         1      1079         2         2        14         6         3         6         1         0      2393
         1      1079         2         2        15        10         1         7         0         0      2323
         1      1079         2         2        16         4         4         2         0         0      2914
         1      1079         2         2        17         5         3         5         1         0      1417
         1      1079         2         2        18         8         4         8         1         0      1195
         1      1079         2         2        19         9         3         9         1         0      1111
         1      1079         2         2        20         1         3         4         0         0      5431
         1      1079         2         2        21         7         2         2         0         1      1769
         1      1079         2         2        22         1         2         0         0         1      2734
         1      1079         2         2        23         9         2         9         1         1      1388
         1      1079         2         2        24         2         1         0         0         0      2449
         1      1079         2         2        25         2         2         2         1         1      3530
         1      1079         2         2        26        10         4         4         0         0      4873
         1      1079         2         2        27         7         4         8         0         0      3265
         1      1079         2         2        28         6         2         6         1         1      2073
         1      1079         2         2        29         3         4         5         0         0      1841
         1      1079         2         2        30         2         3         0         0         0      1891
         1      1079         2         2        31         6         1         6         1         0      1683
         1      1079         2         2        32         8         3         8         1         0      1739
         1      1079         2         2        33         6         4         6         1         0      1167
         1      1079         2         2        34         7         3         4         0         0      3484
         1      1079         2         2        35         9         1         9         1         0      1739
         1      1079         2         2        36         5         2         5         1         1      1713
         1      1079         2         2        37         2         4         2         1         0      1512
         1      1079         2         2        38         3         1         4         0         0      8520
         1      1079         2         2        39         3         2         5         0         1      2111
         1      1079         2         2        40         9         4         9         1         0      2965
         1      1079         2         3         1        10         4         1         0         0      6980
         1      1079         2         3         2         6         1         6         1         1      1432
         1      1079         2         3         3         6         2         6         1         0       650
         1      1079         2         3         4         2         1         0         0         1      2348
         1      1079         2         3         5         8         3         8         1         0      1033
         1      1079         2         3         6         4         4         0         0         0      2652
         1      1079         2         3         7         5         3         5         1         0      2141
         1      1079         2         3         8         5         2         3         0         0      3651
         1      1079         2         3         9        10         3         4         0         0      6187
         1      1079         2         3        10         6         3         6         1         0      1808
         1      1079         2         3        11         7         1         7         1         1      3747
         1      1079         2         3        12         3         2         5         0         0      1529
         1      1079         2         3        13         1         2         2         0         0      4648
         1      1079         2         3        14         3         4         5         0         0      2410
         1      1079         2         3        15         9         4         9         1         0      1461
         1      1079         2         3        16         9         3         9         1         0       694
         1      1079         2         3        17         8         4         8         1         0      1061
         1      1079         2         3        18         2         4         1         0         0      2054
         1      1079         2         3        19         7         4         8         0         0      2624
         1      1079         2         3        20         2         2         2         1         0      2483
         1      1079         2         3        21         3         1         5         0         1      1531
         1      1079         2         3        22         5         1         5         1         1      1210
         1      1079         2         3        23         7         2         7         1         0      2196
         1      1079         2         3        24         6         4         6         1         0      1303
         1      1079         2         3        25         8         2         4         0         0      2303
         1      1079         2         3        26         2         3         0         0         0      4958
         1      1079         2         3        27         7         3         2         0         0      4691
         1      1079         2         3        28         9         2         9         1         0      1394
         1      1079         2         3        29         9         1         9         1         1      1317
         1      1079         2         3        30         5         4         5         1         0      1931
         1      1079         2         3        31         8         1         8         1         1      1385
         1      1079         2         3        32         4         3         1         0         0      3182
         1      1079         2         3        33        10         1         8         0         1      3689
         1      1079         2         3        34        10         2         1         0         0      3586
         1      1079         2         3        35         3         3         5         0         0      2063
         1      1079         2         3        36         1         1         1         1         1      1752
         1      1079         2         3        37         1         3         4         0         0      8909
         1      1079         2         3        38         4         2         0         0         0      2852
         1      1079         2         3        39         1         4         7         0         0      2254
         1      1079         2         3        40         4         1         2         0         1      3328
         1      1079         2         4         1         4         1         4         1         0      3435
         1      1079         2         4         2         5         2         5         1         1      1821
         1      1079         2         4         3         6         4         6         1         0      1839
         1      1079         2         4         4         4         3         2         0         0      2577
         1      1079         2         4         5         2         1         0         0         0      2326
         1      1079         2         4         6         8         2         7         0         1      5076
         1      1079         2         4         7         4         4         1         0         0      5764
         1      1079         2         4         8         6         1         6         1         0      1274
         1      1079         2         4         9         1         1         1         1         0      1121
         1      1079         2         4        10         8         4         8         1         0      1791
         1      1079         2         4        11         7         4         7         1         0      5107
         1      1079         2         4        12         1         2         1         1         1      1666
         1      1079         2         4        13         2         2         0         0         1      6699
         1      1079         2         4        14         3         1         5         0         0      1660
         1      1079         2         4        15         5         3         5         1         0       693
         1      1079         2         4        16         9         3         9         1         0      1653
         1      1079         2         4        17         7         2         8         0         1      1998
         1      1079         2         4        18        10         4         4         0         0      5562
         1      1079         2         4        19        10         1         8         0         0      3590
         1      1079         2         4        20         9         2         9         1         1      1234
         1      1079         2         4        21        10         3         8         0         0      1692
         1      1079         2         4        22         7         3         2         0         0      1620
         1      1079         2         4        23         7         1         7         1         0      3936
         1      1079         2         4        24         8         1         8         1         0      1038
         1      1079         2         4        25         2         4         4         0         0      4432
         1      1079         2         4        26         9         4         9         1         0      1370
         1      1079         2         4        27         3         3         5         0         0      2608
         1      1079         2         4        28         4         2         0         0         1      3826
         1      1079         2         4        29         3         2         3         1         1      4613
         1      1079         2         4        30         9         1         9         1         0      1191
         1      1079         2         4        31         1         4         7         0         0      5155
         1      1079         2         4        32        10         2         2         0         1      3762
         1      1079         2         4        33         6         2         6         1         1      1286
         1      1079         2         4        34         5         4         4         0         0      3631
         1      1079         2         4        35         3         4         5         0         0      2105
         1      1079         2         4        36         8         3         8         1         0      1200
         1      1079         2         4        37         2         3         0         0         0      2476
         1      1079         2         4        38         6         3         6         1         0      1268
         1      1079         2         4        39         1         3         2         0         0      6893
         1      1079         2         4        40         5         1         5         1         0      1508
