Condition Subject Session Block Trial Subtype Token Response Correct Feedback RT 
         1      1094         1         1         1         2         2         1         0         1      9222
         1      1094         1         1         2         7         1         6         0         1      6147
         1      1094         1         1         3         1         2         8         0         1     15679
         1      1094         1         1         4         4         1         6         0         1     11225
         1      1094         1         1         5        10         1         4         0         1      7026
         1      1094         1         1         6         1         1         8         0         1     10065
         1      1094         1         1         7         2         2         2         1         1      2706
         1      1094         1         1         8        10         1         0         1         1      2408
         1      1094         1         1         9         4         2         7         0         1      2818
         1      1094         1         1        10         4         1         7         0         1      3172
         1      1094         1         1        11         5         1         1         0         1      2079
         1      1094         1         1        12         6         1         3         0         1      2416
         1      1094         1         1        13         7         2         3         0         1      1745
         1      1094         1         1        14         1         1         3         0         1      6398
         1      1094         1         1        15         5         2         5         1         1      2200
         1      1094         1         1        16         9         2         9         1         1      2371
         1      1094         1         1        17         9         2         9         1         1      2792
         1      1094         1         1        18         3         1         5         0         1      3180
         1      1094         1         1        19         6         2         6         1         1      1711
         1      1094         1         1        20         8         2         4         0         1      5558
         1      1094         1         1        21         3         1         3         1         1      7884
         1      1094         1         1        22         8         2         7         0         1      4475
         1      1094         1         1        23        10         2         2         0         1      3548
         1      1094         1         1        24         3         2         5         0         1      2154
         1      1094         1         1        25         8         1         2         0         1      3145
         1      1094         1         1        26         6         1         6         1         1      1335
         1      1094         1         1        27         9         1         9         1         1      4132
         1      1094         1         1        28         5         1         5         1         1      4066
         1      1094         1         1        29         2         1         6         0         1      1667
         1      1094         1         1        30         4         2         2         0         1      1594
         1      1094         1         1        31         2         1         2         1         1      1854
         1      1094         1         1        32         7         1         9         0         1      5112
         1      1094         1         1        33         1         2         4         0         1      4663
         1      1094         1         1        34         8         1         8         1         1      4136
         1      1094         1         1        35         3         2         5         0         1      1470
         1      1094         1         1        36         5         2         5         1         1      1638
         1      1094         1         1        37         9         1         9         1         1      1647
         1      1094         1         1        38         7         2         7         1         1      4232
         1      1094         1         1        39         6         2         6         1         1      1225
         1      1094         1         1        40        10         2         2         0         1      1949
         1      1094         1         2         1        10         1         7         0         1      7935
         1      1094         1         2         2         6         1         6         1         1      1254
         1      1094         1         2         3         5         2         5         1         1      2952
         1      1094         1         2         4         7         1         7         1         1      4455
         1      1094         1         2         5         1         1         1         1         1      2224
         1      1094         1         2         6         1         1         1         1         1      1658
         1      1094         1         2         7         4         2         8         0         1      4476
         1      1094         1         2         8         3         2         4         0         1      1845
         1      1094         1         2         9         8         2         9         0         1      2720
         1      1094         1         2        10         6         2         6         1         1      1222
         1      1094         1         2        11         7         2         2         0         1      7505
         1      1094         1         2        12         2         1         2         1         1      1970
         1      1094         1         2        13        10         1         7         0         1      8806
         1      1094         1         2        14         8         1         7         0         1      5969
         1      1094         1         2        15         2         2         2         1         1      3519
         1      1094         1         2        16         4         1         3         0         1      2679
         1      1094         1         2        17         9         1         9         1         1      1559
         1      1094         1         2        18         3         1         3         1         1      3414
         1      1094         1         2        19        10         2         0         1         1      3482
         1      1094         1         2        20         3         2         3         1         1      1801
         1      1094         1         2        21         9         2         9         1         1      1470
         1      1094         1         2        22         7         1         4         0         1      2639
         1      1094         1         2        23         8         2         7         0         1      2529
         1      1094         1         2        24         2         2         2         1         1      1225
         1      1094         1         2        25         9         2         9         1         1      1676
         1      1094         1         2        26         7         2         8         0         1      4102
         1      1094         1         2        27         4         1         8         0         1      1646
         1      1094         1         2        28         6         2         6         1         1      1368
         1      1094         1         2        29         2         1         2         1         1      1262
         1      1094         1         2        30         5         1         3         0         1      2344
         1      1094         1         2        31         3         1         3         1         1      1294
         1      1094         1         2        32         1         2         4         0         1      2535
         1      1094         1         2        33         5         2         3         0         1      3846
         1      1094         1         2        34         9         1         9         1         1      1847
         1      1094         1         2        35         4         2         2         0         1      2360
         1      1094         1         2        36        10         2         0         1         1      1383
         1      1094         1         2        37         8         1         8         1         1      5740
         1      1094         1         2        38         1         2         8         0         1      3707
         1      1094         1         2        39         5         1         5         1         1      1699
         1      1094         1         2        40         6         1         6         1         1      1315
         1      1094         1         3         1         6         1         6         1         1      1928
         1      1094         1         3         2         6         1         6         1         1      1775
         1      1094         1         3         3        10         2         0         1         1      1645
         1      1094         1         3         4         6         2         6         1         1      1214
         1      1094         1         3         5         4         1         4         1         1      2217
         1      1094         1         3         6        10         2         0         1         1      1317
         1      1094         1         3         7         9         2         9         1         1      1434
         1      1094         1         3         8         3         1         3         1         1      1997
         1      1094         1         3         9         3         2         5         0         1      3177
         1      1094         1         3        10         1         1         1         1         1      2988
         1      1094         1         3        11         8         2         8         1         1      2832
         1      1094         1         3        12         4         2         4         1         1      4962
         1      1094         1         3        13         7         1         7         1         1      1704
         1      1094         1         3        14         7         2         8         0         1      1574
         1      1094         1         3        15         5         2         5         1         1      2467
         1      1094         1         3        16         3         2         3         1         1      1436
         1      1094         1         3        17         2         2         2         1         1      1166
         1      1094         1         3        18         1         1         1         1         1      1209
         1      1094         1         3        19         9         1         9         1         1      1179
         1      1094         1         3        20         8         2         8         1         1      2783
         1      1094         1         3        21         4         2         2         0         1      2801
         1      1094         1         3        22         6         2         6         1         1      1092
         1      1094         1         3        23         5         2         5         1         1      1380
         1      1094         1         3        24         2         1         2         1         1      1344
         1      1094         1         3        25         8         1         8         1         1      2062
         1      1094         1         3        26         9         2         9         1         1      2207
         1      1094         1         3        27         2         2         2         1         1      1722
         1      1094         1         3        28         5         1         5         1         1      1545
         1      1094         1         3        29         4         1         4         1         1      1735
         1      1094         1         3        30         8         1         8         1         1      1910
         1      1094         1         3        31         7         2         7         1         1      2101
         1      1094         1         3        32        10         1         0         1         1      1322
         1      1094         1         3        33         5         1         5         1         1      1233
         1      1094         1         3        34         3         1         3         1         1      1755
         1      1094         1         3        35         1         2         1         1         1      1865
         1      1094         1         3        36         2         1         2         1         1      1130
         1      1094         1         3        37         7         1         7         1         1      2409
         1      1094         1         3        38         9         1         9         1         1      1195
         1      1094         1         3        39        10         1         0         1         1      1286
         1      1094         1         3        40         1         2         1         1         1      1310
         1      1094         1         4         1         1         1         1         1         1      1203
         1      1094         1         4         2         9         1         9         1         1      1180
         1      1094         1         4         3         4         1         4         1         1      1393
         1      1094         1         4         4        10         2         0         1         1      1262
         1      1094         1         4         5         6         2         6         1         1      1014
         1      1094         1         4         6         3         1         3         1         1      2041
         1      1094         1         4         7         5         1         5         1         1      1083
         1      1094         1         4         8         8         1         8         1         1      2506
         1      1094         1         4         9         3         1         3         1         1      2258
         1      1094         1         4        10         2         2         2         1         1      1276
         1      1094         1         4        11         2         1         2         1         1      1253
         1      1094         1         4        12         4         1         4         1         1      1367
         1      1094         1         4        13         7         1         7         1         1      1445
         1      1094         1         4        14         5         2         5         1         1      1799
         1      1094         1         4        15         9         2         9         1         1      1490
         1      1094         1         4        16         8         2         8         1         1      1785
         1      1094         1         4        17         9         1         9         1         1      1348
         1      1094         1         4        18         9         2         9         1         1      1113
         1      1094         1         4        19         6         1         6         1         1      1120
         1      1094         1         4        20         8         1         8         1         1      1911
         1      1094         1         4        21        10         2         0         1         1      1175
         1      1094         1         4        22         6         2         6         1         1      1211
         1      1094         1         4        23         3         2         3         1         1      3741
         1      1094         1         4        24         5         1         5         1         1      1236
         1      1094         1         4        25         3         2         3         1         1      1470
         1      1094         1         4        26         7         2         7         1         1      1552
         1      1094         1         4        27         4         2         4         1         1      2556
         1      1094         1         4        28         5         2         5         1         1      1921
         1      1094         1         4        29         1         2         1         1         1      2167
         1      1094         1         4        30         7         2         7         1         1      1236
         1      1094         1         4        31        10         1         0         1         1      1636
         1      1094         1         4        32         1         1         1         1         1      1213
         1      1094         1         4        33         8         2         8         1         1      1328
         1      1094         1         4        34         6         1         6         1         1      1014
         1      1094         1         4        35         1         2         1         1         1      1360
         1      1094         1         4        36         2         1         2         1         1      1397
         1      1094         1         4        37         7         1         7         1         1      1273
         1      1094         1         4        38        10         1         0         1         1      1176
         1      1094         1         4        39         4         2         4         1         1      1468
         1      1094         1         4        40         2         2         2         1         1      1517
         1      1094         1         5         1         9         2         9         1         1      1500
         1      1094         1         5         2         7         1         7         1         1      1284
         1      1094         1         5         3        10         1         0         1         1      1330
         1      1094         1         5         4         9         1         9         1         1      2551
         1      1094         1         5         5         4         1         4         1         1      1245
         1      1094         1         5         6         6         1         6         1         1      1031
         1      1094         1         5         7         7         2         7         1         1      1258
         1      1094         1         5         8         9         2         9         1         1      1210
         1      1094         1         5         9         6         2         6         1         1       965
         1      1094         1         5        10         2         2         2         1         1      1081
         1      1094         1         5        11         8         2         8         1         1      1561
         1      1094         1         5        12         3         1         3         1         1      2103
         1      1094         1         5        13        10         2         0         1         1      1528
         1      1094         1         5        14         5         1         5         1         1      1302
         1      1094         1         5        15         5         2         5         1         1      1438
         1      1094         1         5        16         7         1         7         1         1      1368
         1      1094         1         5        17         1         1         1         1         1      1252
         1      1094         1         5        18        10         1         0         1         1      2212
         1      1094         1         5        19         1         2         1         1         1      1119
         1      1094         1         5        20         3         2         3         1         1      1382
         1      1094         1         5        21         3         2         3         1         1       706
         1      1094         1         5        22         8         2         8         1         1      1169
         1      1094         1         5        23         9         1         9         1         1      1252
         1      1094         1         5        24         2         1         2         1         1      1102
         1      1094         1         5        25         8         1         8         1         1      1957
         1      1094         1         5        26         2         2         2         1         1      1170
         1      1094         1         5        27         4         1         4         1         1      1696
         1      1094         1         5        28         7         2         7         1         1      1904
         1      1094         1         5        29         6         2         6         1         1      1518
         1      1094         1         5        30         8         1         8         1         1      1309
         1      1094         1         5        31         2         1         2         1         1      1116
         1      1094         1         5        32         1         2         1         1         1      1187
         1      1094         1         5        33         5         1         5         1         1      1023
         1      1094         1         5        34         4         2         4         1         1      1937
         1      1094         1         5        35         3         1         3         1         1       983
         1      1094         1         5        36        10         2         0         1         1      1260
         1      1094         1         5        37         4         2         4         1         1      1276
         1      1094         1         5        38         1         1         1         1         1      1035
         1      1094         1         5        39         5         2         5         1         1      1453
         1      1094         1         5        40         6         1         6         1         1      1006
         1      1094         1         6         1         7         1         7         1         1      1111
         1      1094         1         6         2        10         2         0         1         1      1287
         1      1094         1         6         3         5         2         5         1         1       871
         1      1094         1         6         4        10         2         0         1         1      1113
         1      1094         1         6         5         7         2         7         1         1      1039
         1      1094         1         6         6         2         1         2         1         1      1210
         1      1094         1         6         7         9         1         9         1         1      1131
         1      1094         1         6         8         5         1         5         1         1      1088
         1      1094         1         6         9         8         2         8         1         1      1280
         1      1094         1         6        10         4         1         4         1         1      1249
         1      1094         1         6        11         8         1         8         1         1      1378
         1      1094         1         6        12         6         1         6         1         1      1263
         1      1094         1         6        13         3         1         3         1         1      1433
         1      1094         1         6        14         8         2         8         1         1      1114
         1      1094         1         6        15         6         1         6         1         1      1265
         1      1094         1         6        16        10         1         0         1         1      1408
         1      1094         1         6        17         8         1         8         1         1      3324
         1      1094         1         6        18         2         2         2         1         1      2250
         1      1094         1         6        19         1         2         1         1         1       979
         1      1094         1         6        20         3         1         3         1         1      1992
         1      1094         1         6        21         5         2         5         1         1      2724
         1      1094         1         6        22         2         1         2         1         1       946
         1      1094         1         6        23        10         1         0         1         1      1166
         1      1094         1         6        24         4         1         4         1         1      1348
         1      1094         1         6        25         1         1         1         1         1      1112
         1      1094         1         6        26         1         2         1         1         1      1158
         1      1094         1         6        27         7         2         7         1         1      1332
         1      1094         1         6        28         3         2         3         1         1      1353
         1      1094         1         6        29         9         2         9         1         1      1894
         1      1094         1         6        30         9         2         9         1         1       726
         1      1094         1         6        31         6         2         6         1         1      1052
         1      1094         1         6        32         4         2         4         1         1      2045
         1      1094         1         6        33         3         2         3         1         1      1070
         1      1094         1         6        34         7         1         7         1         1      1448
         1      1094         1         6        35         2         2         2         1         1      1841
         1      1094         1         6        36         6         2         6         1         1      1131
         1      1094         1         6        37         5         1         5         1         1       833
         1      1094         1         6        38         1         1         1         1         1       994
         1      1094         1         6        39         4         2         4         1         1      1356
         1      1094         1         6        40         9         1         9         1         1      1552
         1      1094         2         1         1         1         1         1         1         1      1092
         1      1094         2         1         2         9         4         9         1         0      1481
         1      1094         2         1         3         7         2         7         1         0      1385
         1      1094         2         1         4         4         3         4         1         0      3667
         1      1094         2         1         5         3         1         3         1         1      1172
         1      1094         2         1         6         6         1         6         1         1      1393
         1      1094         2         1         7         2         4         2         1         0      1275
         1      1094         2         1         8         3         2         3         1         0      1581
         1      1094         2         1         9         8         3         8         1         0      3551
         1      1094         2         1        10         9         1         9         1         1      1331
         1      1094         2         1        11         7         1         7         1         1      1650
         1      1094         2         1        12         7         4         7         1         0      1889
         1      1094         2         1        13         4         4         2         0         0      1312
         1      1094         2         1        14         8         2         8         1         0      1615
         1      1094         2         1        15         5         4         5         1         0      2425
         1      1094         2         1        16         5         1         5         1         1      1235
         1      1094         2         1        17        10         2         0         1         0      1230
         1      1094         2         1        18         1         4         1         1         0      2117
         1      1094         2         1        19         5         3         5         1         0      1331
         1      1094         2         1        20        10         4         0         1         0      1712
         1      1094         2         1        21         4         1         4         1         1      2319
         1      1094         2         1        22         2         3         2         1         0      1477
         1      1094         2         1        23         9         2         9         1         0      1469
         1      1094         2         1        24         6         2         6         1         0      1038
         1      1094         2         1        25        10         3         1         0         0      6053
         1      1094         2         1        26         1         3         7         0         0      1604
         1      1094         2         1        27         5         2         5         1         0      1096
         1      1094         2         1        28         8         4         8         1         0      3277
         1      1094         2         1        29         6         4         6         1         0      1436
         1      1094         2         1        30         6         3         6         1         0       949
         1      1094         2         1        31         3         4         3         1         0      3049
         1      1094         2         1        32         3         3         3         1         0      4121
         1      1094         2         1        33        10         1         0         1         1      1246
         1      1094         2         1        34         2         2         2         1         0      1471
         1      1094         2         1        35         1         2         1         1         0      1040
         1      1094         2         1        36         7         3         7         1         0      8231
         1      1094         2         1        37         8         1         8         1         1      2097
         1      1094         2         1        38         2         1         2         1         1      3248
         1      1094         2         1        39         4         2         4         1         0      1145
         1      1094         2         1        40         9         3         9         1         0      1741
         1      1094         2         2         1         9         4         9         1         0      1751
         1      1094         2         2         2         7         1         7         1         0      1653
         1      1094         2         2         3         9         2         9         1         1      1174
         1      1094         2         2         4         1         2         1         1         1      1058
         1      1094         2         2         5        10         4         1         0         0      4475
         1      1094         2         2         6         8         2         8         1         1      2475
         1      1094         2         2         7         8         4         8         1         0      2507
         1      1094         2         2         8         7         2         7         1         1      1563
         1      1094         2         2         9         5         3         5         1         0      1232
         1      1094         2         2        10         6         2         6         1         1      1041
         1      1094         2         2        11         2         4         2         1         0      1690
         1      1094         2         2        12         6         1         6         1         0      1498
         1      1094         2         2        13         4         4         2         0         0      1290
         1      1094         2         2        14         7         3         7         1         0      4394
         1      1094         2         2        15         3         2         3         1         1      1678
         1      1094         2         2        16         5         4         1         0         0     20798
         1      1094         2         2        17         7         4         7         1         0      1794
         1      1094         2         2        18         3         1         3         1         0      1926
         1      1094         2         2        19         8         1         8         1         0      1253
         1      1094         2         2        20         6         4         6         1         0       989
         1      1094         2         2        21         1         4         1         1         0      1297
         1      1094         2         2        22         3         4         3         1         0      1352
         1      1094         2         2        23        10         2         0         1         1      1302
         1      1094         2         2        24         1         3         7         0         0      4605
         1      1094         2         2        25         2         3         2         1         0      1280
         1      1094         2         2        26         4         2         4         1         1      1119
         1      1094         2         2        27         9         1         9         1         0      1309
         1      1094         2         2        28         3         3         3         1         0      1453
         1      1094         2         2        29         8         3         8         1         0      2022
         1      1094         2         2        30        10         1         0         1         0      1407
         1      1094         2         2        31         5         1         5         1         0      1075
         1      1094         2         2        32         9         3         9         1         0      1419
         1      1094         2         2        33         5         2         5         1         1      1253
         1      1094         2         2        34         6         3         6         1         0      1606
         1      1094         2         2        35        10         3         1         0         0      5320
         1      1094         2         2        36         1         1         1         1         0      1078
         1      1094         2         2        37         4         3         4         1         0      1343
         1      1094         2         2        38         2         2         2         1         1      1196
         1      1094         2         2        39         2         1         2         1         0      1119
         1      1094         2         2        40         4         1         4         1         0      1190
         1      1094         2         3         1         9         1         9         1         1      1510
         1      1094         2         3         2         2         2         2         1         0      1093
         1      1094         2         3         3         7         4         7         1         0      1316
         1      1094         2         3         4         1         2         1         1         0      1163
         1      1094         2         3         5         3         1         3         1         1      1368
         1      1094         2         3         6         1         1         1         1         1       947
         1      1094         2         3         7         6         1         6         1         1       976
         1      1094         2         3         8         7         2         7         1         0      1836
         1      1094         2         3         9         9         3         9         1         0      1319
         1      1094         2         3        10         5         3         5         1         0      1149
         1      1094         2         3        11         9         2         9         1         0      1065
         1      1094         2         3        12        10         2         0         1         0       547
         1      1094         2         3        13         3         3         3         1         0      2329
         1      1094         2         3        14         3         2         3         1         0      1384
         1      1094         2         3        15         5         2         5         1         0      1291
         1      1094         2         3        16         6         2         6         1         0      1083
         1      1094         2         3        17        10         3         1         0         0      2706
         1      1094         2         3        18        10         1         0         1         1      1168
         1      1094         2         3        19         7         1         7         1         1      1509
         1      1094         2         3        20         5         1         5         1         1      1141
         1      1094         2         3        21         2         3         2         1         0      1403
         1      1094         2         3        22        10         4         1         0         0      2902
         1      1094         2         3        23         1         3         7         0         0      1893
         1      1094         2         3        24         4         1         4         1         1      1070
         1      1094         2         3        25         6         4         6         1         0       942
         1      1094         2         3        26         4         2         4         1         0      1594
         1      1094         2         3        27         4         3         4         1         0      1006
         1      1094         2         3        28         3         4         3         1         0      1290
         1      1094         2         3        29         4         4         2         0         0      1106
         1      1094         2         3        30         8         2         8         1         0      1522
         1      1094         2         3        31         2         1         2         1         1      1104
         1      1094         2         3        32         7         3         7         1         0      4903
         1      1094         2         3        33         5         4         1         0         0      1542
         1      1094         2         3        34         8         3         8         1         0      2108
         1      1094         2         3        35         9         4         9         1         0      1410
         1      1094         2         3        36         8         4         8         1         0      1404
         1      1094         2         3        37         6         3         6         1         0      1079
         1      1094         2         3        38         2         4         2         1         0      1031
         1      1094         2         3        39         1         4         1         1         0      1193
         1      1094         2         3        40         8         1         8         1         1      1325
         1      1094         2         4         1         2         1         2         1         0       914
         1      1094         2         4         2         2         3         2         1         0       832
         1      1094         2         4         3         9         1         9         1         0      1393
         1      1094         2         4         4        10         2         0         1         1      1038
         1      1094         2         4         5         7         2         7         1         1      1240
         1      1094         2         4         6         2         2         2         1         1       954
         1      1094         2         4         7         1         4         1         1         0      1223
         1      1094         2         4         8         1         2         1         1         1       778
         1      1094         2         4         9        10         3         7         0         0      1654
         1      1094         2         4        10         7         1         7         1         0       864
         1      1094         2         4        11         5         1         5         1         0      1273
         1      1094         2         4        12         6         1         6         1         0       953
         1      1094         2         4        13         9         2         9         1         1      1277
         1      1094         2         4        14         8         1         8         1         0      1573
         1      1094         2         4        15         8         4         8         1         0       857
         1      1094         2         4        16         3         1         3         1         0      2027
         1      1094         2         4        17         6         2         6         1         1       989
         1      1094         2         4        18         2         4         2         1         0       736
         1      1094         2         4        19        10         4         1         0         0      1302
         1      1094         2         4        20         7         3         7         1         0     10918
         1      1094         2         4        21        10         1         0         1         0      1003
         1      1094         2         4        22         7         4         7         1         0      1390
         1      1094         2         4        23         9         3         9         1         0      1506
         1      1094         2         4        24         4         3         4         1         0      1578
         1      1094         2         4        25         6         3         6         1         0       982
         1      1094         2         4        26         4         4         2         0         0       914
         1      1094         2         4        27         8         3         8         1         0      1688
         1      1094         2         4        28         9         4         9         1         0      1343
         1      1094         2         4        29         1         3         1         1         0      6941
         1      1094         2         4        30         1         1         1         1         0       802
         1      1094         2         4        31         6         4         6         1         0      1003
         1      1094         2         4        32         4         2         4         1         1      2053
         1      1094         2         4        33         3         3         3         1         0      1559
         1      1094         2         4        34         5         2         5         1         1      1925
         1      1094         2         4        35         3         4         3         1         0      1347
         1      1094         2         4        36         5         4         5         1         0      9624
         1      1094         2         4        37         8         2         8         1         1      1315
         1      1094         2         4        38         5         3         5         1         0      1281
         1      1094         2         4        39         4         1         4         1         0      1297
         1      1094         2         4        40         3         2         3         1         1      1296
