Condition Subject Session Block Trial Subtype Token Response Correct Feedback RT 
         4      4012         1         1         1         5         1         3         0         1     10019
         4      4012         1         1         2         9         2         9         1         1      9842
         4      4012         1         1         3         5         1         5         1         1      8325
         4      4012         1         1         4        10         1         0         1         1      8738
         4      4012         1         1         5         2         1         6         0         1      6560
         4      4012         1         1         6         3         1         3         1         1      9045
         4      4012         1         1         7         3         1         3         1         1      6278
         4      4012         1         1         8         6         1         6         1         1      8534
         4      4012         1         1         9         9         1         9         1         1     11436
         4      4012         1         1        10         5         2         3         0         1      7646
         4      4012         1         1        11         9         2         9         1         1      6902
         4      4012         1         1        12         1         1         1         1         1     17309
         4      4012         1         1        13         8         1         0         0         1      5221
         4      4012         1         1        14         2         2         7         0         1      3104
         4      4012         1         1        15         3         2         3         1         1     23710
         4      4012         1         1        16         6         2         1         0         1     10789
         4      4012         1         1        17         7         2         0         0         1      5378
         4      4012         1         1        18         8         1         0         0         1      3766
         4      4012         1         1        19         4         2         4         1         1      3755
         4      4012         1         1        20         1         2         5         0         1     11120
         4      4012         1         1        21         1         1         5         0         1      6463
         4      4012         1         1        22         4         1         1         0         1      1462
         4      4012         1         1        23         8         2         1         0         1      2680
         4      4012         1         1        24        10         2         8         0         1      7177
         4      4012         1         1        25         8         2         5         0         1      9382
         4      4012         1         1        26         6         1         6         1         1      2377
         4      4012         1         1        27         2         1         2         1         1      5078
         4      4012         1         1        28         2         2         2         1         1      3190
         4      4012         1         1        29         5         2         3         0         1     11666
         4      4012         1         1        30         6         2         9         0         1      7851
         4      4012         1         1        31         1         2         0         0         1     14589
         4      4012         1         1        32         9         1         9         1         1      3650
         4      4012         1         1        33         4         2         4         1         1      2220
         4      4012         1         1        34        10         2         0         1         1     11407
         4      4012         1         1        35        10         1         6         0         1      3777
         4      4012         1         1        36         7         1         5         0         1      5798
         4      4012         1         1        37         4         1         8         0         1     10441
         4      4012         1         1        38         7         2         8         0         1     13843
         4      4012         1         1        39         7         1         5         0         1      8086
         4      4012         1         1        40         3         2         3         1         1      3902
         4      4012         1         2         1         6         2         6         1         1      5502
         4      4012         1         2         2         8         2         8         1         1      7150
         4      4012         1         2         3         5         2         5         1         1      5995
         4      4012         1         2         4         9         1         9         1         1      3863
         4      4012         1         2         5         2         2         2         1         1      5896
         4      4012         1         2         6         1         1         5         0         1      9175
         4      4012         1         2         7         8         1         0         0         1      4516
         4      4012         1         2         8         5         1         3         0         1      4555
         4      4012         1         2         9         7         2         7         1         1      6801
         4      4012         1         2        10         4         1         4         1         1      2652
         4      4012         1         2        11         7         2         7         1         1      3293
         4      4012         1         2        12         3         2         3         1         1      3574
         4      4012         1         2        13         4         1         4         1         1      2850
         4      4012         1         2        14         8         1         8         1         1     12987
         4      4012         1         2        15         4         2         4         1         1      5599
         4      4012         1         2        16         1         2         1         1         1      4667
         4      4012         1         2        17         3         1         3         1         1      5900
         4      4012         1         2        18        10         2         0         1         1      3549
         4      4012         1         2        19        10         1         6         0         1     10121
         4      4012         1         2        20         7         1         8         0         1      8305
         4      4012         1         2        21         3         1         3         1         1      4209
         4      4012         1         2        22         2         1         2         1         1      3861
         4      4012         1         2        23         3         2         3         1         1      2885
         4      4012         1         2        24         9         2         9         1         1      3565
         4      4012         1         2        25         1         1         5         0         1      4698
         4      4012         1         2        26         6         1         6         1         1      2408
         4      4012         1         2        27         6         1         6         1         1      3203
         4      4012         1         2        28         2         2         2         1         1      3807
         4      4012         1         2        29         5         2         5         1         1      3251
         4      4012         1         2        30         5         1         3         0         1      3678
         4      4012         1         2        31        10         1         0         1         1      3589
         4      4012         1         2        32         8         2         5         0         1      6946
         4      4012         1         2        33        10         2         7         0         1      7098
         4      4012         1         2        34         2         1         2         1         1      1578
         4      4012         1         2        35         4         2         4         1         1      2310
         4      4012         1         2        36         9         2         9         1         1      1797
         4      4012         1         2        37         7         1         8         0         1      5753
         4      4012         1         2        38         9         1         7         0         1     18543
         4      4012         1         2        39         6         2         8         0         1      4661
         4      4012         1         2        40         1         2         1         1         1      3351
         4      4012         1         3         1         2         1         2         1         1      4252
         4      4012         1         3         2         4         2         4         1         1      2702
         4      4012         1         3         3         3         1         3         1         1      2990
         4      4012         1         3         4         8         2         5         0         1      7235
         4      4012         1         3         5         9         1         9         1         1      2190
         4      4012         1         3         6         7         2         7         1         1      2658
         4      4012         1         3         7         8         1         7         0         1      1972
         4      4012         1         3         8         1         1         5         0         1      5025
         4      4012         1         3         9         5         1         8         0         1      4565
         4      4012         1         3        10         9         2         9         1         1      2553
         4      4012         1         3        11         6         2         6         1         1      2191
         4      4012         1         3        12         4         2         4         1         1      1507
         4      4012         1         3        13        10         1         0         1         1      2210
         4      4012         1         3        14         6         1         6         1         1      2148
         4      4012         1         3        15        10         2         0         1         1      5771
         4      4012         1         3        16        10         2         0         1         1      2385
         4      4012         1         3        17         7         1         8         0         1      7278
         4      4012         1         3        18         1         2         1         1         1      1879
         4      4012         1         3        19         5         1         5         1         1     11671
         4      4012         1         3        20         5         2         5         1         1      6177
         4      4012         1         3        21         7         1         7         1         1      2806
         4      4012         1         3        22         2         2         2         1         1      2035
         4      4012         1         3        23         6         2         6         1         1      3566
         4      4012         1         3        24         2         2         2         1         1      2043
         4      4012         1         3        25         8         2         8         1         1      2566
         4      4012         1         3        26         9         1         9         1         1      1884
         4      4012         1         3        27         3         2         3         1         1      2587
         4      4012         1         3        28         3         1         3         1         1      2831
         4      4012         1         3        29         4         1         4         1         1      2153
         4      4012         1         3        30         9         2         9         1         1      1582
         4      4012         1         3        31         1         2         1         1         1      1803
         4      4012         1         3        32         1         1         7         0         1      7983
         4      4012         1         3        33         7         2         7         1         1      2331
         4      4012         1         3        34         3         2         3         1         1      2810
         4      4012         1         3        35         6         1         6         1         1      3156
         4      4012         1         3        36         4         1         4         1         1      2001
         4      4012         1         3        37         5         2         5         1         1      3117
         4      4012         1         3        38         2         1         2         1         1      2941
         4      4012         1         3        39         8         1         0         0         1      4483
         4      4012         1         3        40        10         1         0         1         1      3258
         4      4012         1         4         1         2         2         2         1         1      5311
         4      4012         1         4         2         2         2         2         1         1      2873
         4      4012         1         4         3         7         1         7         1         1      2194
         4      4012         1         4         4         5         1         5         1         1      3751
         4      4012         1         4         5         8         2         1         0         1      5086
         4      4012         1         4         6         6         1         6         1         1      2525
         4      4012         1         4         7         3         2         3         1         1      2084
         4      4012         1         4         8         1         1         1         1         1      1964
         4      4012         1         4         9         6         2         6         1         1      3466
         4      4012         1         4        10         5         2         5         1         1      3115
         4      4012         1         4        11        10         1         0         1         1      4841
         4      4012         1         4        12         3         1         3         1         1      9139
         4      4012         1         4        13         6         1         6         1         1      2177
         4      4012         1         4        14         8         1         8         1         1      6469
         4      4012         1         4        15         8         1         8         1         1      2654
         4      4012         1         4        16         8         2         8         1         1      3969
         4      4012         1         4        17         4         2         4         1         1      2238
         4      4012         1         4        18         5         2         5         1         1      2528
         4      4012         1         4        19         9         2         9         1         1      1862
         4      4012         1         4        20         3         1         3         1         1      2999
         4      4012         1         4        21         2         1         2         1         1      1836
         4      4012         1         4        22        10         2         0         1         1     10112
         4      4012         1         4        23         7         1         7         1         1      3464
         4      4012         1         4        24         7         2         7         1         1      1609
         4      4012         1         4        25         4         2         4         1         1      1877
         4      4012         1         4        26         7         2         7         1         1      2038
         4      4012         1         4        27        10         2         0         1         1      2851
         4      4012         1         4        28         4         1         4         1         1      1756
         4      4012         1         4        29         1         2         1         1         1      1298
         4      4012         1         4        30         1         1         1         1         1      4521
         4      4012         1         4        31         9         1         9         1         1      1697
         4      4012         1         4        32         9         1         9         1         1      2216
         4      4012         1         4        33        10         1         0         1         1      4058
         4      4012         1         4        34         5         1         5         1         1      2788
         4      4012         1         4        35         2         1         2         1         1      2369
         4      4012         1         4        36         1         2         1         1         1      1678
         4      4012         1         4        37         9         2         9         1         1      1718
         4      4012         1         4        38         3         2         3         1         1      2125
         4      4012         1         4        39         4         1         4         1         1      1955
         4      4012         1         4        40         6         2         6         1         1      2561
         4      4012         1         5         1         2         2         2         1         1      3260
         4      4012         1         5         2         6         1         6         1         1      2724
         4      4012         1         5         3         9         1         9         1         1      1876
         4      4012         1         5         4         7         2         7         1         1      1845
         4      4012         1         5         5         3         2         3         1         1      1622
         4      4012         1         5         6         4         1         4         1         1      1617
         4      4012         1         5         7         2         1         2         1         1      1628
         4      4012         1         5         8        10         1         0         1         1      2390
         4      4012         1         5         9        10         1         0         1         1       961
         4      4012         1         5        10         1         1         1         1         1      2646
         4      4012         1         5        11        10         2         0         1         1      3209
         4      4012         1         5        12         7         1         7         1         1      2421
         4      4012         1         5        13         5         1         5         1         1      4897
         4      4012         1         5        14         6         2         6         1         1      3529
         4      4012         1         5        15         8         2         8         1         1      3080
         4      4012         1         5        16         2         2         2         1         1      1897
         4      4012         1         5        17        10         2         0         1         1      1642
         4      4012         1         5        18         4         1         4         1         1      2387
         4      4012         1         5        19         5         1         5         1         1      2207
         4      4012         1         5        20         3         1         5         0         1      3779
         4      4012         1         5        21         9         2         9         1         1      3895
         4      4012         1         5        22         7         1         7         1         1      1816
         4      4012         1         5        23         8         1         8         1         1      4843
         4      4012         1         5        24         1         1         1         1         1      1350
         4      4012         1         5        25         9         2         9         1         1      1451
         4      4012         1         5        26         4         2         4         1         1      1629
         4      4012         1         5        27         6         1         6         1         1      1718
         4      4012         1         5        28         8         1         8         1         1      2509
         4      4012         1         5        29         1         2         1         1         1      1269
         4      4012         1         5        30         5         2         5         1         1      2845
         4      4012         1         5        31         3         1         3         1         1      2905
         4      4012         1         5        32         1         2         1         1         1      1216
         4      4012         1         5        33         9         1         9         1         1      1628
         4      4012         1         5        34         8         2         8         1         1      3239
         4      4012         1         5        35         7         2         7         1         1      1426
         4      4012         1         5        36         3         2         3         1         1      1684
         4      4012         1         5        37         2         1         2         1         1      1358
         4      4012         1         5        38         5         2         5         1         1      1748
         4      4012         1         5        39         6         2         6         1         1      2313
         4      4012         1         5        40         4         2         4         1         1      2024
         4      4012         1         6         1         1         1         1         1         1      1664
         4      4012         1         6         2        10         1         0         1         1      2344
         4      4012         1         6         3         1         1         1         1         1      2006
         4      4012         1         6         4        10         2         0         1         1      1716
         4      4012         1         6         5         4         2         4         1         1      1530
         4      4012         1         6         6         8         1         8         1         1      3161
         4      4012         1         6         7         9         1         9         1         1      1558
         4      4012         1         6         8         6         1         6         1         1      1956
         4      4012         1         6         9         9         2         9         1         1      1793
         4      4012         1         6        10         2         2         2         1         1      1910
         4      4012         1         6        11         6         1         6         1         1      1637
         4      4012         1         6        12         8         1         8         1         1      2143
         4      4012         1         6        13         3         1         3         1         1      2325
         4      4012         1         6        14        10         1         0         1         1      2819
         4      4012         1         6        15         4         1         4         1         1      1709
         4      4012         1         6        16         3         2         3         1         1      1588
         4      4012         1         6        17         7         2         7         1         1      3761
         4      4012         1         6        18         4         1         4         1         1      1957
         4      4012         1         6        19         4         2         4         1         1      1763
         4      4012         1         6        20         6         2         6         1         1      1912
         4      4012         1         6        21         8         2         8         1         1      2760
         4      4012         1         6        22         2         1         2         1         1      1718
         4      4012         1         6        23         1         2         1         1         1      1565
         4      4012         1         6        24         9         2         9         1         1      1738
         4      4012         1         6        25         3         1         3         1         1      2368
         4      4012         1         6        26         6         2         6         1         1      2990
         4      4012         1         6        27         7         1         7         1         1      2291
         4      4012         1         6        28        10         2         0         1         1      1701
         4      4012         1         6        29         5         2         5         1         1      1740
         4      4012         1         6        30         5         1         5         1         1      2819
         4      4012         1         6        31         1         2         1         1         1      1487
         4      4012         1         6        32         2         1         2         1         1      1568
         4      4012         1         6        33         5         1         5         1         1      2494
         4      4012         1         6        34         8         2         8         1         1      2806
         4      4012         1         6        35         3         2         3         1         1      1826
         4      4012         1         6        36         9         1         9         1         1      1813
         4      4012         1         6        37         7         2         7         1         1      2424
         4      4012         1         6        38         2         2         2         1         1      1460
         4      4012         1         6        39         7         1         7         1         1      2438
         4      4012         1         6        40         5         2         5         1         1      1888
         4      4012         2         1         1         2         2         2         1         0      1842
         4      4012         2         1         2         1         4         4         0         0      6563
         4      4012         2         1         3         4         3         4         1         0      2023
         4      4012         2         1         4         6         4         6         1         0      5187
         4      4012         2         1         5         1         2         1         1         0      1407
         4      4012         2         1         6         5         3         5         1         0      5347
         4      4012         2         1         7         2         4         2         1         0      1607
         4      4012         2         1         8        10         2         0         1         0      1492
         4      4012         2         1         9         7         4         4         0         0      2133
         4      4012         2         1        10         4         4         1         0         0      6521
         4      4012         2         1        11         5         4         5         1         0      4096
         4      4012         2         1        12         7         2         7         1         0      1720
         4      4012         2         1        13         5         2         5         1         0      2719
         4      4012         2         1        14        10         1         0         1         1      1533
         4      4012         2         1        15         3         2         3         1         0      3019
         4      4012         2         1        16         6         1         6         1         1      1789
         4      4012         2         1        17         8         4         7         0         0      4850
         4      4012         2         1        18         9         1         9         1         1      1676
         4      4012         2         1        19         7         3         7         1         0      5717
         4      4012         2         1        20         6         3         6         1         0      3548
         4      4012         2         1        21         5         1         5         1         1      4826
         4      4012         2         1        22         2         1         2         1         1      1478
         4      4012         2         1        23        10         4         0         1         0      2615
         4      4012         2         1        24         2         3         2         1         0      1434
         4      4012         2         1        25         3         3         3         1         0      3260
         4      4012         2         1        26         9         3         9         1         0      1638
         4      4012         2         1        27         3         1         3         1         1      3361
         4      4012         2         1        28         4         2         4         1         0      1798
         4      4012         2         1        29         3         4         3         1         0      1913
         4      4012         2         1        30         9         4         9         1         0      2072
         4      4012         2         1        31         6         2         6         1         0      2081
         4      4012         2         1        32         1         3         1         1         0      2088
         4      4012         2         1        33         7         1         7         1         1      1970
         4      4012         2         1        34        10         3         7         0         0      3501
         4      4012         2         1        35         8         1         8         1         1      1661
         4      4012         2         1        36         8         2         8         1         0      4071
         4      4012         2         1        37         8         3         8         1         0      2690
         4      4012         2         1        38         9         2         9         1         0      1666
         4      4012         2         1        39         4         1         4         1         1      1658
         4      4012         2         1        40         1         1         1         1         1      5828
         4      4012         2         2         1         2         2         2         1         1      1269
         4      4012         2         2         2         3         2         3         1         1      1997
         4      4012         2         2         3         7         4         4         0         0      8233
         4      4012         2         2         4        10         1         0         1         0      3643
         4      4012         2         2         5         4         1         4         1         0      1892
         4      4012         2         2         6         4         4         1         0         0      4260
         4      4012         2         2         7         5         4         5         1         0      3990
         4      4012         2         2         8         1         4         1         1         0      2242
         4      4012         2         2         9         1         2         1         1         1      2676
         4      4012         2         2        10         6         3         6         1         0      5669
         4      4012         2         2        11         8         4         8         1         0      3854
         4      4012         2         2        12        10         3         0         1         0      2799
         4      4012         2         2        13        10         4         0         1         0      1596
         4      4012         2         2        14         3         4         3         1         0      2103
         4      4012         2         2        15         5         3         5         1         0      4735
         4      4012         2         2        16         3         3         3         1         0      2014
         4      4012         2         2        17         3         1         3         1         0      2057
         4      4012         2         2        18         7         3         7         1         0      6067
         4      4012         2         2        19         1         1         1         1         0      1597
         4      4012         2         2        20         6         4         6         1         0      1993
         4      4012         2         2        21         1         3         1         1         0      1909
         4      4012         2         2        22         9         4         9         1         0      2325
         4      4012         2         2        23         4         3         4         1         0      4596
         4      4012         2         2        24         2         4         2         1         0      1304
         4      4012         2         2        25         5         2         5         1         1      2192
         4      4012         2         2        26         8         2         8         1         1      3205
         4      4012         2         2        27         8         1         8         1         0      3088
         4      4012         2         2        28         9         2         9         1         1      1568
         4      4012         2         2        29         9         1         9         1         0      1549
         4      4012         2         2        30         7         1         7         1         0      2219
         4      4012         2         2        31         6         1         6         1         0      2045
         4      4012         2         2        32         9         3         9         1         0      1720
         4      4012         2         2        33         2         1         2         1         0      1343
         4      4012         2         2        34         5         1         5         1         0      2102
         4      4012         2         2        35        10         2         0         1         1      2557
         4      4012         2         2        36         2         3         2         1         0      1573
         4      4012         2         2        37         6         2         6         1         1      2083
         4      4012         2         2        38         4         2         4         1         1      2763
         4      4012         2         2        39         7         2         7         1         1      2968
         4      4012         2         2        40         8         3         8         1         0      2271
         4      4012         2         3         1         9         1         9         1         1      1698
         4      4012         2         3         2         1         3         1         1         0      4058
         4      4012         2         3         3         6         2         6         1         0      1636
         4      4012         2         3         4         5         4         5         1         0      1902
         4      4012         2         3         5         7         4         4         0         0      4317
         4      4012         2         3         6         6         4         6         1         0      2876
         4      4012         2         3         7         5         3         5         1         0      3574
         4      4012         2         3         8         8         4         8         1         0      2643
         4      4012         2         3         9         9         2         9         1         0      1429
         4      4012         2         3        10         2         1         2         1         1      1208
         4      4012         2         3        11         3         4         3         1         0      1379
         4      4012         2         3        12         9         3         9         1         0      1480
         4      4012         2         3        13         9         4         9         1         0      1384
         4      4012         2         3        14        10         4         0         1         0      1758
         4      4012         2         3        15        10         1         0         1         1      1330
         4      4012         2         3        16         6         1         6         1         1      1591
         4      4012         2         3        17         3         2         3         1         0      1507
         4      4012         2         3        18         1         4         1         1         0      2130
         4      4012         2         3        19         3         3         3         1         0     10328
         4      4012         2         3        20         7         1         7         1         1      1911
         4      4012         2         3        21         7         3         7         1         0      2711
         4      4012         2         3        22         5         2         5         1         0      2727
         4      4012         2         3        23         4         4         1         0         0      3381
         4      4012         2         3        24         6         3         6         1         0      2105
         4      4012         2         3        25         3         1         3         1         1      4337
         4      4012         2         3        26         4         2         4         1         0      3039
         4      4012         2         3        27         4         3         4         1         0      4385
         4      4012         2         3        28         2         4         2         1         0      1342
         4      4012         2         3        29        10         2         0         1         0      1845
         4      4012         2         3        30         1         2         1         1         0      2103
         4      4012         2         3        31         7         2         7         1         0      1567
         4      4012         2         3        32         5         1         5         1         1      1981
         4      4012         2         3        33         8         1         8         1         1      2634
         4      4012         2         3        34         2         2         2         1         0      1357
         4      4012         2         3        35         1         1         1         1         1      2931
         4      4012         2         3        36         8         2         8         1         0      3594
         4      4012         2         3        37         2         3         2         1         0      1206
         4      4012         2         3        38         4         1         4         1         1      2593
         4      4012         2         3        39        10         3         8         0         0      4356
         4      4012         2         3        40         8         3         8         1         0      2947
         4      4012         2         4         1         8         4         8         1         0      2052
         4      4012         2         4         2         2         1         2         1         0      1294
         4      4012         2         4         3         8         1         8         1         0      2405
         4      4012         2         4         4         6         4         6         1         0      2145
         4      4012         2         4         5         3         3         3         1         0      2823
         4      4012         2         4         6        10         1         0         1         0      1840
         4      4012         2         4         7         4         2         4         1         1      2211
         4      4012         2         4         8         2         2         2         1         1      1270
         4      4012         2         4         9         5         2         5         1         1      1663
         4      4012         2         4        10         9         2         9         1         1      1704
         4      4012         2         4        11         9         3         9         1         0      1584
         4      4012         2         4        12         7         4         4         0         0      4173
         4      4012         2         4        13         5         3         5         1         0      2930
         4      4012         2         4        14        10         2         0         1         1      1578
         4      4012         2         4        15         8         3         8         1         0      1880
         4      4012         2         4        16         3         1         3         1         0      1976
         4      4012         2         4        17         8         2         8         1         1      2102
         4      4012         2         4        18         3         4         3         1         0      2285
         4      4012         2         4        19         4         4         1         0         0      2573
         4      4012         2         4        20         7         2         7         1         1      3555
         4      4012         2         4        21         6         1         6         1         0      1663
         4      4012         2         4        22         6         2         6         1         1      1736
         4      4012         2         4        23         5         4         5         1         0      5198
         4      4012         2         4        24         4         3         1         0         0      5145
         4      4012         2         4        25         7         3         7         1         0      5288
         4      4012         2         4        26         6         3         6         1         0      1440
         4      4012         2         4        27         1         4         1         1         0      4434
         4      4012         2         4        28         9         1         9         1         0      1964
         4      4012         2         4        29         5         1         5         1         0      2362
         4      4012         2         4        30         9         4         9         1         0      1992
         4      4012         2         4        31        10         4         0         1         0      2341
         4      4012         2         4        32         1         1         1         1         0      1332
         4      4012         2         4        33         2         4         2         1         0      2379
         4      4012         2         4        34         3         2         3         1         1      1590
         4      4012         2         4        35        10         3         0         1         0      3506
         4      4012         2         4        36         4         1         4         1         0      1856
         4      4012         2         4        37         1         3         1         1         0      2546
         4      4012         2         4        38         2         3         2         1         0      1417
         4      4012         2         4        39         1         2         1         1         1      1468
         4      4012         2         4        40         7         1         7         1         0      1726
