Condition Subject Session Block Trial Subtype Token Response Correct Feedback RT 
         4      4045         1         1         1         4         1         5         0         1      1583
         4      4045         1         1         2         6         2         3         0         1       571
         4      4045         1         1         3         9         1         3         0         1       224
         4      4045         1         1         4         6         1         3         0         1       129
         4      4045         1         1         5         2         1         4         0         1       280
         4      4045         1         1         6         6         1         3         0         1         0
         4      4045         1         1         7         1         1         4         0         1       241
         4      4045         1         1         8         7         2         3         0         1       627
         4      4045         1         1         9         7         2         3         0         1         0
         4      4045         1         1        10         2         2         5         0         1         0
         4      4045         1         1        11         3         1         2         0         1        13
         4      4045         1         1        12         8         2         4         0         1       296
         4      4045         1         1        13         1         1         6         0         1      3223
         4      4045         1         1        14         4         2         4         1         1         0
         4      4045         1         1        15         7         1         3         0         1       141
         4      4045         1         1        16         3         2         4         0         1         0
         4      4045         1         1        17         8         2         3         0         1       910
         4      4045         1         1        18         2         2         3         0         1         0
         4      4045         1         1        19         2         1         4         0         1       641
         4      4045         1         1        20         1         2         2         0         1       403
         4      4045         1         1        21        10         2         2         0         1        32
         4      4045         1         1        22         9         2         3         0         1         0
         4      4045         1         1        23         9         1         3         0         1       242
         4      4045         1         1        24        10         1         3         0         1        65
         4      4045         1         1        25         8         1         2         0         1         0
         4      4045         1         1        26         5         2         3         0         1         0
         4      4045         1         1        27         5         1         3         0         1       416
         4      4045         1         1        28        10         1         3         0         1       489
         4      4045         1         1        29         6         2         3         0         1       768
         4      4045         1         1        30         8         1         5         0         1       164
         4      4045         1         1        31         4         1         4         1         1       232
         4      4045         1         1        32         7         1         4         0         1       266
         4      4045         1         1        33         3         1         4         0         1        43
         4      4045         1         1        34         3         2         3         1         1        63
         4      4045         1         1        35         5         1         4         0         1         0
         4      4045         1         1        36         4         2         4         1         1         0
         4      4045         1         1        37         9         2         3         0         1       115
         4      4045         1         1        38        10         2         3         0         1       154
         4      4045         1         1        39         1         2         4         0         1         0
         4      4045         1         1        40         5         2         4         0         1       310
         4      4045         1         2         1        10         2         3         0         1       571
         4      4045         1         2         2         7         1         2         0         1       176
         4      4045         1         2         3         9         2         3         0         1        79
         4      4045         1         2         4         6         1         3         0         1       358
         4      4045         1         2         5         6         2         3         0         1       130
         4      4045         1         2         6        10         1         3         0         1       407
         4      4045         1         2         7         7         2         3         0         1         0
         4      4045         1         2         8         2         2         5         0         1       350
         4      4045         1         2         9         3         2         4         0         1      2106
         4      4045         1         2        10         1         1         5         0         1       929
         4      4045         1         2        11         3         1         4         0         1        71
         4      4045         1         2        12         7         1         5         0         1       408
         4      4045         1         2        13         5         2         5         1         1       339
         4      4045         1         2        14        10         1         3         0         1       485
         4      4045         1         2        15         5         2         4         0         1         0
         4      4045         1         2        16         4         2         5         0         1      2008
         4      4045         1         2        17         6         2         3         0         1       227
         4      4045         1         2        18         3         2         4         0         1      1047
         4      4045         1         2        19         3         1         3         1         1      2040
         4      4045         1         2        20         4         2         4         1         1         0
         4      4045         1         2        21        10         2         3         0         1        14
         4      4045         1         2        22         2         1         3         0         1        73
         4      4045         1         2        23         9         1         4         0         1       396
         4      4045         1         2        24         6         1         2         0         1       294
         4      4045         1         2        25         4         1         4         1         1        65
         4      4045         1         2        26         8         2         2         0         1       186
         4      4045         1         2        27         2         2         3         0         1       109
         4      4045         1         2        28         9         2         2         0         1         0
         4      4045         1         2        29         1         1         3         0         1       302
         4      4045         1         2        30         4         1         3         0         1       151
         4      4045         1         2        31         8         2         3         0         1       344
         4      4045         1         2        32         1         2         2         0         1       646
         4      4045         1         2        33         9         1         5         0         1         0
         4      4045         1         2        34         7         2         4         0         1       210
         4      4045         1         2        35         5         1         2         0         1       516
         4      4045         1         2        36         5         1         3         0         1       136
         4      4045         1         2        37         8         1         3         0         1       169
         4      4045         1         2        38         8         1         3         0         1         0
         4      4045         1         2        39         1         2         4         0         1        25
         4      4045         1         2        40         2         1         5         0         1        20
         4      4045         1         3         1         8         1         3         0         1      3259
         4      4045         1         3         2         1         1         3         0         1       131
         4      4045         1         3         3        10         1         3         0         1         0
         4      4045         1         3         4         6         1         3         0         1       290
         4      4045         1         3         5         7         1         2         0         1         0
         4      4045         1         3         6         5         1         4         0         1        65
         4      4045         1         3         7        10         2         3         0         1       123
         4      4045         1         3         8        10         2         3         0         1      4355
         4      4045         1         3         9         1         2         5         0         1       465
         4      4045         1         3        10         3         2         7         0         1      4152
         4      4045         1         3        11         6         2         2         0         1       207
         4      4045         1         3        12         6         1         8         0         1       368
         4      4045         1         3        13         9         1         4         0         1       190
         4      4045         1         3        14         8         1         2         0         1       321
         4      4045         1         3        15         2         2         6         0         1       193
         4      4045         1         3        16         7         1         3         0         1       566
         4      4045         1         3        17         8         2         4         0         1       251
         4      4045         1         3        18         5         1         7         0         1       237
         4      4045         1         3        19         3         1         4         0         1       256
         4      4045         1         3        20         7         2         4         0         1      1425
         4      4045         1         3        21         2         1         5         0         1       161
         4      4045         1         3        22         9         2         3         0         1       918
         4      4045         1         3        23         9         1         4         0         1       168
         4      4045         1         3        24         6         2         5         0         1     60908
         4      4045         1         3        25         2         1         5         0         1         0
         4      4045         1         3        26         7         2         5         0         1        25
         4      4045         1         3        27         4         1         6         0         1       402
         4      4045         1         3        28         9         2         2         0         1        76
         4      4045         1         3        29         2         2         4         0         1       100
         4      4045         1         3        30         4         2         4         1         1       267
         4      4045         1         3        31         1         2         4         0         1       172
         4      4045         1         3        32         5         2         4         0         1       721
         4      4045         1         3        33        10         1         3         0         1       478
         4      4045         1         3        34         3         1         5         0         1       134
         4      4045         1         3        35         3         2         4         0         1       108
         4      4045         1         3        36         4         2         4         1         1       402
         4      4045         1         3        37         8         2         3         0         1      1918
         4      4045         1         3        38         1         1         4         0         1      3885
         4      4045         1         3        39         4         1         4         1         1     18651
         4      4045         1         3        40         5         2         5         1         1      7404
         4      4045         1         4         1         1         2         5         0         1     14488
         4      4045         1         4         2         8         2         5         0         1       465
         4      4045         1         4         3         1         1         4         0         1       378
         4      4045         1         4         4         6         1         5         0         1        22
         4      4045         1         4         5         2         1         6         0         1       385
         4      4045         1         4         6         2         2         7         0         1      1759
         4      4045         1         4         7         1         2         4         0         1         0
         4      4045         1         4         8         4         1         7         0         1       191
         4      4045         1         4         9         7         1         6         0         1       307
         4      4045         1         4        10        10         1         8         0         1         0
         4      4045         1         4        11         9         2         6         0         1       348
         4      4045         1         4        12         3         2         5         0         1       232
         4      4045         1         4        13         5         1         7         0         1       475
         4      4045         1         4        14         4         2         3         0         1       163
         4      4045         1         4        15         8         1         5         0         1         0
         4      4045         1         4        16         3         1         5         0         1       140
         4      4045         1         4        17         4         1         4         1         1       224
         4      4045         1         4        18         3         1         3         1         1      2114
         4      4045         1         4        19         5         2         5         1         1       586
         4      4045         1         4        20         9         2         4         0         1       334
         4      4045         1         4        21         2         1         5         0         1       316
         4      4045         1         4        22         8         1         5         0         1       363
         4      4045         1         4        23         6         2         5         0         1       344
         4      4045         1         4        24         2         2         5         0         1       310
         4      4045         1         4        25         5         1         5         1         1       214
         4      4045         1         4        26         1         1         4         0         1       361
         4      4045         1         4        27         9         1         3         0         1       199
         4      4045         1         4        28         8         2         4         0         1         0
         4      4045         1         4        29         4         2         4         1         1         5
         4      4045         1         4        30         9         1         5         0         1         0
         4      4045         1         4        31         6         2         4         0         1         0
         4      4045         1         4        32        10         1         4         0         1       294
         4      4045         1         4        33         6         1         5         0         1      1156
         4      4045         1         4        34         7         2         3         0         1       433
         4      4045         1         4        35         7         2         4         0         1      2380
         4      4045         1         4        36         5         2         5         1         1       153
         4      4045         1         4        37         3         2         5         0         1       269
         4      4045         1         4        38        10         2         4         0         1      1456
         4      4045         1         4        39        10         2         5         0         1       355
         4      4045         1         4        40         7         1         5         0         1      3787
         4      4045         1         5         1         7         2         5         0         1       484
         4      4045         1         5         2         3         2         4         0         1       156
         4      4045         1         5         3         1         2         5         0         1         0
         4      4045         1         5         4         7         1         6         0         1       361
         4      4045         1         5         5         4         2         5         0         1       162
         4      4045         1         5         6         1         1         3         0         1       199
         4      4045         1         5         7         3         1         3         1         1       347
         4      4045         1         5         8         4         1         6         0         1      1080
         4      4045         1         5         9         8         2         3         0         1       281
         4      4045         1         5        10         5         1         6         0         1       394
         4      4045         1         5        11         3         2         4         0         1       549
         4      4045         1         5        12        10         2         5         0         1       268
         4      4045         1         5        13         2         2         6         0         1       237
         4      4045         1         5        14         1         2         3         0         1        96
         4      4045         1         5        15         9         1         4         0         1       153
         4      4045         1         5        16        10         2         5         0         1       224
         4      4045         1         5        17         9         2         6         0         1       258
         4      4045         1         5        18         8         1         5         0         1       227
         4      4045         1         5        19        10         1         3         0         1       180
         4      4045         1         5        20         5         2         4         0         1       201
         4      4045         1         5        21         8         2         6         0         1       221
         4      4045         1         5        22         7         1         5         0         1       241
         4      4045         1         5        23         6         1         3         0         1         0
         4      4045         1         5        24         6         2         4         0         1         0
         4      4045         1         5        25         4         1         5         0         1       183
         4      4045         1         5        26         6         2         5         0         1       188
         4      4045         1         5        27         5         1         3         0         1       241
         4      4045         1         5        28         3         1         6         0         1         0
         4      4045         1         5        29         4         2         4         1         1       126
         4      4045         1         5        30         6         1         4         0         1       451
         4      4045         1         5        31         9         2         6         0         1        76
         4      4045         1         5        32         2         2         6         0         1       132
         4      4045         1         5        33         2         1         5         0         1        12
         4      4045         1         5        34         1         1         5         0         1       231
         4      4045         1         5        35         7         2         4         0         1       137
         4      4045         1         5        36         2         1         5         0         1        64
         4      4045         1         5        37         5         2         5         1         1       857
         4      4045         1         5        38         9         1         5         0         1      2322
         4      4045         1         5        39        10         1         5         0         1         0
         4      4045         1         5        40         8         1         5         0         1       712
         4      4045         1         6         1         9         1         5         0         1       429
         4      4045         1         6         2         6         2         5         0         1       264
         4      4045         1         6         3         1         1         4         0         1       201
         4      4045         1         6         4         3         1         6         0         1       205
         4      4045         1         6         5         4         2         7         0         1       337
         4      4045         1         6         6         4         1         5         0         1        14
         4      4045         1         6         7         3         2         6         0         1       217
         4      4045         1         6         8         1         2         4         0         1       172
         4      4045         1         6         9         2         2         5         0         1         0
         4      4045         1         6        10         2         1         4         0         1       253
         4      4045         1         6        11         1         1         5         0         1       239
         4      4045         1         6        12         4         2         6         0         1        49
         4      4045         1         6        13         1         2         4         0         1       139
         4      4045         1         6        14         5         1         5         1         1       326
         4      4045         1         6        15         7         1         5         0         1       420
         4      4045         1         6        16         8         1         6         0         1       220
         4      4045         1         6        17         9         1         5         0         1      1039
         4      4045         1         6        18         7         1         5         0         1      3185
         4      4045         1         6        19         6         1         6         1         1      3804
         4      4045         1         6        20        10         1         5         0         1        31
         4      4045         1         6        21         5         2         6         0         1       152
         4      4045         1         6        22         2         1         6         0         1       142
         4      4045         1         6        23         8         2         6         0         1      1381
         4      4045         1         6        24         4         1         6         0         1        88
         4      4045         1         6        25         9         2         6         0         1      1615
         4      4045         1         6        26         3         1         7         0         1      1256
         4      4045         1         6        27         8         1         6         0         1      1354
         4      4045         1         6        28        10         1         6         0         1        47
         4      4045         1         6        29        10         2         6         0         1       650
         4      4045         1         6        30         7         2         6         0         1       140
         4      4045         1         6        31        10         2         7         0         1       452
         4      4045         1         6        32         3         2         6         0         1       236
         4      4045         1         6        33         8         2         6         0         1       319
         4      4045         1         6        34         5         1         7         0         1       585
         4      4045         1         6        35         5         2         8         0         1       398
         4      4045         1         6        36         7         2         7         1         1      1050
         4      4045         1         6        37         2         2         6         0         1         0
         4      4045         1         6        38         6         2         6         1         1       507
         4      4045         1         6        39         9         2         6         0         1       802
         4      4045         1         6        40         6         1         6         1         1       124
         4      4045         2         1         1         3         3         4         0         0       985
         4      4045         2         1         2         8         4         4         0         0       221
         4      4045         2         1         3         3         4         3         1         0       728
         4      4045         2         1         4        10         4         4         0         0         7
         4      4045         2         1         5         7         4         4         0         0       130
         4      4045         2         1         6         4         1         5         0         1       451
         4      4045         2         1         7         5         1         4         0         1       470
         4      4045         2         1         8         6         1         4         0         1       222
         4      4045         2         1         9         9         3         6         0         0       625
         4      4045         2         1        10         4         4         5         0         0       116
         4      4045         2         1        11         6         2         4         0         0       107
         4      4045         2         1        12        10         1         6         0         1      1248
         4      4045         2         1        13         9         1         6         0         1        26
         4      4045         2         1        14         9         2         5         0         0      1140
         4      4045         2         1        15         3         2         5         0         0       704
         4      4045         2         1        16         6         3         6         1         0      1790
         4      4045         2         1        17         2         1         5         0         1       867
         4      4045         2         1        18         9         4         5         0         0      3580
         4      4045         2         1        19         4         2         4         1         0       424
         4      4045         2         1        20         7         3         5         0         0        19
         4      4045         2         1        21         8         1         5         0         1         0
         4      4045         2         1        22        10         3         5         0         0      1321
         4      4045         2         1        23         2         3         5         0         0        33
         4      4045         2         1        24         5         2         5         1         0       284
         4      4045         2         1        25         8         2         6         0         0      1001
         4      4045         2         1        26         2         2         5         0         0       158
         4      4045         2         1        27         5         4         5         1         0      1875
         4      4045         2         1        28         7         1         5         0         1       212
         4      4045         2         1        29        10         2         4         0         0        24
         4      4045         2         1        30         3         1         4         0         1       350
         4      4045         2         1        31         7         2         4         0         0      4603
         4      4045         2         1        32         1         2         7         0         0         0
         4      4045         2         1        33         8         3         4         0         0        43
         4      4045         2         1        34         4         3         4         1         0         0
         4      4045         2         1        35         5         3         3         0         0       418
         4      4045         2         1        36         6         4         3         0         0       520
         4      4045         2         1        37         2         4         5         0         0      2682
         4      4045         2         1        38         1         4         4         0         0       648
         4      4045         2         1        39         1         3         4         0         0        58
         4      4045         2         1        40         1         1         3         0         1       515
         4      4045         2         2         1        10         2         3         0         1      1048
         4      4045         2         2         2         4         4         4         1         0      3673
         4      4045         2         2         3         9         1         3         0         0       285
         4      4045         2         2         4         9         2         3         0         1       268
         4      4045         2         2         5         2         4         5         0         0       883
         4      4045         2         2         6         5         2         3         0         1      2314
         4      4045         2         2         7         6         3         6         1         0       231
         4      4045         2         2         8         1         3         6         0         0      1658
         4      4045         2         2         9         5         3         3         0         0      2979
         4      4045         2         2        10         1         2         3         0         1       551
         4      4045         2         2        11         2         1         3         0         0       147
         4      4045         2         2        12         8         3         6         0         0      1163
         4      4045         2         2        13         3         3         5         0         0      3079
         4      4045         2         2        14         2         3         3         0         0       200
         4      4045         2         2        15         7         1         5         0         0       749
         4      4045         2         2        16         8         4         5         0         0      1291
         4      4045         2         2        17         3         2         4         0         1       466
         4      4045         2         2        18         8         1         3         0         0       581
         4      4045         2         2        19         8         2         4         0         1      1034
         4      4045         2         2        20        10         3         5         0         0       635
         4      4045         2         2        21         3         4         3         1         0       428
         4      4045         2         2        22         5         4         4         0         0       150
         4      4045         2         2        23         7         3         4         0         0       125
         4      4045         2         2        24         6         1         5         0         0      4145
         4      4045         2         2        25         4         2         5         0         1      2519
         4      4045         2         2        26        10         4         4         0         0       831
         4      4045         2         2        27        10         1         4         0         0      4024
         4      4045         2         2        28         7         2         5         0         1     54017
         4      4045         2         2        29         9         3         6         0         0       409
         4      4045         2         2        30         4         3         7         0         0      5509
         4      4045         2         2        31         4         1         6         0         0      5490
         4      4045         2         2        32         6         4         3         0         0     83423
         4      4045         2         2        33         2         2         5         0         1         1
         4      4045         2         2        34         1         4         5         0         0         0
         4      4045         2         2        35         5         1         4         0         0       277
         4      4045         2         2        36         6         2         6         1         1       725
         4      4045         2         2        37         7         4         4         0         0       323
         4      4045         2         2        38         1         1         4         0         0       273
         4      4045         2         2        39         9         4         4         0         0         0
         4      4045         2         2        40         3         1         5         0         0         0
         4      4045         2         3         1         8         3         4         0         0         0
         4      4045         2         3         2        10         3         5         0         0        66
         4      4045         2         3         3         3         1         5         0         1       468
         4      4045         2         3         4        10         2         6         0         0      4510
         4      4045         2         3         5         6         2         4         0         0        99
         4      4045         2         3         6         7         3         5         0         0      6154
         4      4045         2         3         7        10         4         5         0         0       849
         4      4045         2         3         8         4         2         5         0         0       602
         4      4045         2         3         9         5         3         5         1         0       366
         4      4045         2         3        10         6         4         6         1         0      1244
         4      4045         2         3        11         8         1         5         0         1      4869
         4      4045         2         3        12         1         1         4         0         1      4542
         4      4045         2         3        13         2         3         5         0         0         0
         4      4045         2         3        14         3         4         5         0         0      6157
         4      4045         2         3        15         3         2         5         0         0       155
         4      4045         2         3        16         2         1         4         0         1       321
         4      4045         2         3        17         9         3         4         0         0       176
         4      4045         2         3        18         2         2         5         0         0        52
         4      4045         2         3        19         6         1         6         1         1       236
         4      4045         2         3        20         2         4         5         0         0       535
         4      4045         2         3        21         5         1         6         0         1      2413
         4      4045         2         3        22         4         4         4         1         0         0
         4      4045         2         3        23         5         2         5         1         0        19
         4      4045         2         3        24         1         2         4         0         0     20158
         4      4045         2         3        25         5         4         3         0         0       865
         4      4045         2         3        26         9         4         4         0         0         0
         4      4045         2         3        27         7         1         4         0         1       243
         4      4045         2         3        28         1         4         5         0         0      4351
         4      4045         2         3        29         9         1         5         0         1      1692
         4      4045         2         3        30         8         2         4         0         0       805
         4      4045         2         3        31         9         2         4         0         0        16
         4      4045         2         3        32         4         1         4         1         1       121
         4      4045         2         3        33         3         3         3         1         0       608
         4      4045         2         3        34         7         4         4         0         0      4835
         4      4045         2         3        35         1         3         3         0         0       268
         4      4045         2         3        36         7         2         3         0         0       302
         4      4045         2         3        37         6         3         3         0         0      1885
         4      4045         2         3        38        10         1         3         0         1         0
         4      4045         2         3        39         8         4         3         0         0      1972
         4      4045         2         3        40         4         3         4         1         0      8880
         4      4045         2         4         1         7         1         4         0         0       547
         4      4045         2         4         2         8         1         3         0         0        41
         4      4045         2         4         3         1         3         3         0         0       706
         4      4045         2         4         4         5         1         3         0         0         0
         4      4045         2         4         5         8         3         3         0         0        28
         4      4045         2         4         6         3         4         4         0         0       980
         4      4045         2         4         7         2         3         3         0         0     25849
         4      4045         2         4         8         6         3         4         0         0         0
         4      4045         2         4         9         9         2         5         0         1       222
         4      4045         2         4        10         9         4         5         0         0       607
         4      4045         2         4        11         4         1         4         1         0       296
         4      4045         2         4        12        10         1         5         0         0       102
         4      4045         2         4        13         4         4         5         0         0       221
         4      4045         2         4        14         9         3         5         0         0       656
         4      4045         2         4        15        10         2         3         0         1      5026
         4      4045         2         4        16         1         1         4         0         0       165
         4      4045         2         4        17         3         3         4         0         0      2057
         4      4045         2         4        18         3         2         4         0         1     18657
         4      4045         2         4        19         2         4         3         0         0         0
         4      4045         2         4        20         2         2         3         0         1       159
         4      4045         2         4        21         5         2         3         0         1       115
         4      4045         2         4        22         8         2         5         0         1       490
         4      4045         2         4        23         5         4         4         0         0      3298
         4      4045         2         4        24         1         4         4         0         0      3337
         4      4045         2         4        25         3         1         4         0         0         0
         4      4045         2         4        26        10         3         4         0         0       105
         4      4045         2         4        27         7         3         3         0         0      2861
         4      4045         2         4        28         8         4         4         0         0       342
         4      4045         2         4        29        10         4         4         0         0       117
         4      4045         2         4        30         4         2         4         1         1      8811
         4      4045         2         4        31         4         3         4         1         0      2853
         4      4045         2         4        32         6         4         4         0         0      4479
         4      4045         2         4        33         1         2         4         0         1       968
         4      4045         2         4        34         6         2         4         0         1       733
         4      4045         2         4        35         5         3         4         0         0       684
         4      4045         2         4        36         2         1         5         0         0        29
         4      4045         2         4        37         7         4         5         0         0         0
         4      4045         2         4        38         6         1         4         0         0       121
         4      4045         2         4        39         7         2         5         0         1         0
         4      4045         2         4        40         9         1         5         0         0         0
