Condition Subject Session Block Trial Subtype Token Response Correct Feedback RT 
         4      4084         1         1         1         5         1         1         0         1     19898
         4      4084         1         1         2         6         1         6         1         1      9512
         4      4084         1         1         3         9         2         7         0         1      7270
         4      4084         1         1         4         5         2         4         0         1      6734
         4      4084         1         1         5         4         2         0         0         1      4892
         4      4084         1         1         6         1         1         5         0         1      5571
         4      4084         1         1         7         3         2         3         1         1      3295
         4      4084         1         1         8         7         2         0         0         1      5079
         4      4084         1         1         9         6         2         7         0         1      9494
         4      4084         1         1        10         8         2         0         0         1      4902
         4      4084         1         1        11         9         2         7         0         1      8925
         4      4084         1         1        12         2         1         0         0         1     11155
         4      4084         1         1        13         7         2         4         0         1     12064
         4      4084         1         1        14        10         2         0         1         1      6377
         4      4084         1         1        15         2         2         6         0         1      5157
         4      4084         1         1        16        10         2         0         1         1     11075
         4      4084         1         1        17         7         1         1         0         1      3731
         4      4084         1         1        18         5         2         3         0         1     11801
         4      4084         1         1        19         6         1         6         1         1      3515
         4      4084         1         1        20         7         1         7         1         1      2826
         4      4084         1         1        21         2         1         2         1         1      3701
         4      4084         1         1        22         8         2         7         0         1      3292
         4      4084         1         1        23         3         2         5         0         1      4643
         4      4084         1         1        24         3         1         5         0         1      4004
         4      4084         1         1        25         9         1         6         0         1      2975
         4      4084         1         1        26         5         1         3         0         1      6867
         4      4084         1         1        27         8         1         5         0         1      8924
         4      4084         1         1        28         1         1         8         0         1     10594
         4      4084         1         1        29        10         1         1         0         1      8163
         4      4084         1         1        30         1         2         4         0         1      3256
         4      4084         1         1        31         6         2         6         1         1      4496
         4      4084         1         1        32         4         2         8         0         1     10391
         4      4084         1         1        33         4         1         4         1         1      2402
         4      4084         1         1        34         9         1         9         1         1      5853
         4      4084         1         1        35         3         1         5         0         1      8174
         4      4084         1         1        36         1         2         0         0         1      3746
         4      4084         1         1        37         4         1         4         1         1     12134
         4      4084         1         1        38         2         2         2         1         1      4107
         4      4084         1         1        39         8         1         0         0         1      4690
         4      4084         1         1        40        10         1         0         1         1      3536
         4      4084         1         2         1         8         1         8         1         1      3572
         4      4084         1         2         2         2         1         2         1         1      5328
         4      4084         1         2         3         6         2         6         1         1      2966
         4      4084         1         2         4         8         2         8         1         1      5564
         4      4084         1         2         5         3         1         3         1         1      4072
         4      4084         1         2         6        10         2         0         1         1      3266
         4      4084         1         2         7         9         1         9         1         1      2170
         4      4084         1         2         8         3         1         3         1         1      2047
         4      4084         1         2         9         5         1         4         0         1     12440
         4      4084         1         2        10         8         1         8         1         1      5601
         4      4084         1         2        11         7         1         0         0         1      2045
         4      4084         1         2        12         5         2         5         1         1      4775
         4      4084         1         2        13         9         2         9         1         1      2194
         4      4084         1         2        14         1         2         1         1         1      5574
         4      4084         1         2        15         6         1         6         1         1      2465
         4      4084         1         2        16         1         1         1         1         1      3065
         4      4084         1         2        17         9         2         9         1         1      2314
         4      4084         1         2        18         5         1         5         1         1      5177
         4      4084         1         2        19         4         1         8         0         1      7923
         4      4084         1         2        20         4         2         4         1         1      2305
         4      4084         1         2        21        10         1         0         1         1      5135
         4      4084         1         2        22         3         2         5         0         1      9852
         4      4084         1         2        23         6         1         6         1         1      2268
         4      4084         1         2        24         4         2         4         1         1      2781
         4      4084         1         2        25         6         2         6         1         1      3465
         4      4084         1         2        26         7         2         8         0         1      2601
         4      4084         1         2        27        10         1         0         1         1      2955
         4      4084         1         2        28        10         2         0         1         1      2273
         4      4084         1         2        29         5         2         5         1         1      3553
         4      4084         1         2        30         3         2         3         1         1      4493
         4      4084         1         2        31         2         2         2         1         1      4389
         4      4084         1         2        32         2         1         2         1         1      1937
         4      4084         1         2        33         8         2         8         1         1      5344
         4      4084         1         2        34         2         2         2         1         1      1557
         4      4084         1         2        35         1         1         7         0         1      2610
         4      4084         1         2        36         7         2         7         1         1      1253
         4      4084         1         2        37         7         1         1         0         1      4751
         4      4084         1         2        38         1         2         2         0         1      5166
         4      4084         1         2        39         9         1         6         0         1      2347
         4      4084         1         2        40         4         1         4         1         1      5399
         4      4084         1         3         1         8         2         7         0         1      8883
         4      4084         1         3         2         3         2         3         1         1      8363
         4      4084         1         3         3        10         1         0         1         1      1829
         4      4084         1         3         4         4         1         4         1         1      3798
         4      4084         1         3         5         6         2         6         1         1      1977
         4      4084         1         3         6         2         1         2         1         1      1989
         4      4084         1         3         7        10         2         0         1         1      2658
         4      4084         1         3         8         3         1         3         1         1      3714
         4      4084         1         3         9         7         2         7         1         1      3577
         4      4084         1         3        10         6         1         6         1         1      2404
         4      4084         1         3        11         7         1         1         0         1      3408
         4      4084         1         3        12         6         1         6         1         1      2433
         4      4084         1         3        13         7         1         7         1         1      4203
         4      4084         1         3        14         6         2         6         1         1      2847
         4      4084         1         3        15         5         1         5         1         1      4441
         4      4084         1         3        16         4         1         4         1         1      4721
         4      4084         1         3        17         5         2         3         0         1      7567
         4      4084         1         3        18         5         2         5         1         1      4219
         4      4084         1         3        19         1         1         1         1         1      9006
         4      4084         1         3        20         3         1         3         1         1      3184
         4      4084         1         3        21         1         2         5         0         1      5452
         4      4084         1         3        22         9         2         9         1         1      3980
         4      4084         1         3        23        10         2         0         1         1      1626
         4      4084         1         3        24         7         2         7         1         1      6019
         4      4084         1         3        25         8         1         8         1         1      7374
         4      4084         1         3        26         3         2         3         1         1      2289
         4      4084         1         3        27        10         1         0         1         1      3919
         4      4084         1         3        28         4         2         4         1         1      3597
         4      4084         1         3        29         9         1         9         1         1      6297
         4      4084         1         3        30         9         2         9         1         1      1416
         4      4084         1         3        31         1         1         1         1         1      2011
         4      4084         1         3        32         4         2         4         1         1      3365
         4      4084         1         3        33         8         1         8         1         1      3609
         4      4084         1         3        34         5         1         5         1         1      2356
         4      4084         1         3        35         9         1         9         1         1      1970
         4      4084         1         3        36         1         2         1         1         1      2511
         4      4084         1         3        37         2         2         2         1         1      1957
         4      4084         1         3        38         2         1         2         1         1      2002
         4      4084         1         3        39         8         2         7         0         1      5230
         4      4084         1         3        40         2         2         2         1         1      1976
         4      4084         1         4         1         2         2         2         1         1      3117
         4      4084         1         4         2         6         1         6         1         1      1946
         4      4084         1         4         3         2         1         2         1         1      1433
         4      4084         1         4         4         8         2         8         1         1      2636
         4      4084         1         4         5         8         1         8         1         1      4189
         4      4084         1         4         6         8         2         8         1         1      3777
         4      4084         1         4         7         4         2         4         1         1      3253
         4      4084         1         4         8         1         1         1         1         1      2478
         4      4084         1         4         9         7         1         7         1         1      4487
         4      4084         1         4        10         4         1         4         1         1      1726
         4      4084         1         4        11         9         2         9         1         1      2100
         4      4084         1         4        12         5         2         5         1         1      2571
         4      4084         1         4        13         9         1         9         1         1      1696
         4      4084         1         4        14         3         2         3         1         1      5431
         4      4084         1         4        15        10         1         0         1         1      1623
         4      4084         1         4        16         6         2         6         1         1      1649
         4      4084         1         4        17         1         2         1         1         1      2602
         4      4084         1         4        18        10         2         0         1         1      1247
         4      4084         1         4        19         6         1         6         1         1      1816
         4      4084         1         4        20         1         2         1         1         1      1594
         4      4084         1         4        21        10         1         0         1         1      2116
         4      4084         1         4        22         6         2         6         1         1      1371
         4      4084         1         4        23         4         2         4         1         1      2591
         4      4084         1         4        24         9         1         9         1         1      2034
         4      4084         1         4        25         3         1         3         1         1      2444
         4      4084         1         4        26         8         1         8         1         1      2837
         4      4084         1         4        27         9         2         9         1         1      1519
         4      4084         1         4        28         4         1         4         1         1      7276
         4      4084         1         4        29         2         2         2         1         1      1237
         4      4084         1         4        30         5         1         5         1         1      2015
         4      4084         1         4        31         2         1         2         1         1      1146
         4      4084         1         4        32         5         2         5         1         1      2167
         4      4084         1         4        33         7         2         7         1         1      5596
         4      4084         1         4        34         1         1         1         1         1      2200
         4      4084         1         4        35         3         1         3         1         1      3931
         4      4084         1         4        36         3         2         5         0         1      3593
         4      4084         1         4        37        10         2         0         1         1      2245
         4      4084         1         4        38         7         1         7         1         1      6407
         4      4084         1         4        39         7         2         7         1         1      1538
         4      4084         1         4        40         5         1         5         1         1      1665
         4      4084         1         5         1         1         1         1         1         1      1988
         4      4084         1         5         2         6         2         6         1         1      2064
         4      4084         1         5         3        10         1         0         1         1      2568
         4      4084         1         5         4         9         2         9         1         1      2171
         4      4084         1         5         5         5         2         5         1         1      1680
         4      4084         1         5         6        10         1         0         1         1      1846
         4      4084         1         5         7         8         1         8         1         1      3512
         4      4084         1         5         8        10         2         0         1         1      1671
         4      4084         1         5         9         7         1         7         1         1      2001
         4      4084         1         5        10         5         1         5         1         1      1805
         4      4084         1         5        11         9         2         9         1         1      3199
         4      4084         1         5        12         2         2         2         1         1      3179
         4      4084         1         5        13         9         1         9         1         1      1543
         4      4084         1         5        14         1         1         1         1         1      1636
         4      4084         1         5        15         3         1         3         1         1      3646
         4      4084         1         5        16         7         2         7         1         1      1672
         4      4084         1         5        17         6         1         6         1         1      2591
         4      4084         1         5        18         1         2         1         1         1      3651
         4      4084         1         5        19         5         2         5         1         1      2188
         4      4084         1         5        20        10         2         0         1         1      1729
         4      4084         1         5        21         5         1         5         1         1      2632
         4      4084         1         5        22         4         1         4         1         1      2728
         4      4084         1         5        23         4         2         4         1         1      1414
         4      4084         1         5        24         4         1         4         1         1      1224
         4      4084         1         5        25         6         1         6         1         1      1313
         4      4084         1         5        26         8         1         8         1         1      2359
         4      4084         1         5        27         2         2         2         1         1      1237
         4      4084         1         5        28         2         1         2         1         1      1119
         4      4084         1         5        29         8         2         7         0         1      4878
         4      4084         1         5        30         3         2         3         1         1      3317
         4      4084         1         5        31         7         1         7         1         1      4333
         4      4084         1         5        32         1         2         1         1         1      1211
         4      4084         1         5        33         3         1         3         1         1      2230
         4      4084         1         5        34         7         2         7         1         1      2504
         4      4084         1         5        35         4         2         4         1         1      2159
         4      4084         1         5        36         9         1         9         1         1      1428
         4      4084         1         5        37         8         2         8         1         1      5510
         4      4084         1         5        38         6         2         6         1         1      1893
         4      4084         1         5        39         3         2         3         1         1      3444
         4      4084         1         5        40         2         1         2         1         1      1509
         4      4084         1         6         1         1         1         1         1         1      3377
         4      4084         1         6         2         4         2         4         1         1      2100
         4      4084         1         6         3        10         2         0         1         1      1661
         4      4084         1         6         4         9         1         9         1         1      1734
         4      4084         1         6         5         4         1         4         1         1      2091
         4      4084         1         6         6         2         2         2         1         1      1203
         4      4084         1         6         7         7         1         7         1         1      4366
         4      4084         1         6         8         8         2         8         1         1      2332
         4      4084         1         6         9         2         2         2         1         1      1003
         4      4084         1         6        10         3         1         3         1         1      2846
         4      4084         1         6        11         6         1         6         1         1      2679
         4      4084         1         6        12         2         1         2         1         1      1223
         4      4084         1         6        13        10         1         0         1         1      1711
         4      4084         1         6        14         7         1         7         1         1      4662
         4      4084         1         6        15         5         2         5         1         1      2198
         4      4084         1         6        16         4         1         4         1         1      1257
         4      4084         1         6        17         8         1         8         1         1      4385
         4      4084         1         6        18         9         2         9         1         1      1596
         4      4084         1         6        19         1         2         1         1         1      1480
         4      4084         1         6        20         9         2         1         0         1      1079
         4      4084         1         6        21         4         2         4         1         1      4039
         4      4084         1         6        22         8         2         8         1         1      3761
         4      4084         1         6        23         5         1         5         1         1      1334
         4      4084         1         6        24         7         2         7         1         1      2556
         4      4084         1         6        25         9         1         9         1         1      1537
         4      4084         1         6        26        10         2         0         1         1      1391
         4      4084         1         6        27         6         2         6         1         1      1283
         4      4084         1         6        28         3         1         3         1         1      4091
         4      4084         1         6        29         6         1         6         1         1      1776
         4      4084         1         6        30         6         2         6         1         1      1316
         4      4084         1         6        31         7         2         7         1         1      1963
         4      4084         1         6        32         5         1         5         1         1      1721
         4      4084         1         6        33        10         1         0         1         1      1406
         4      4084         1         6        34         2         1         2         1         1      1217
         4      4084         1         6        35         3         2         3         1         1      2635
         4      4084         1         6        36         5         2         5         1         1      1708
         4      4084         1         6        37         3         2         3         1         1      1970
         4      4084         1         6        38         1         1         1         1         1      1407
         4      4084         1         6        39         1         2         1         1         1      1634
         4      4084         1         6        40         8         1         8         1         1      2236
         4      4084         2         1         1        10         2         0         1         0      1817
         4      4084         2         1         2         5         4         5         1         0      2475
         4      4084         2         1         3        10         3         0         1         0      2994
         4      4084         2         1         4         6         1         6         1         1      1764
         4      4084         2         1         5         2         4         2         1         0      1753
         4      4084         2         1         6         8         4         7         0         0     12254
         4      4084         2         1         7         3         2         3         1         0      2527
         4      4084         2         1         8         8         3         8         1         0      4614
         4      4084         2         1         9         3         1         3         1         1      2025
         4      4084         2         1        10         7         4         4         0         0     10546
         4      4084         2         1        11         3         3         3         1         0      7239
         4      4084         2         1        12         1         1         1         1         1      1793
         4      4084         2         1        13         9         2         9         1         0      1748
         4      4084         2         1        14        10         4         0         1         0      1850
         4      4084         2         1        15         4         2         4         1         0      1979
         4      4084         2         1        16         1         3         5         0         0      7207
         4      4084         2         1        17         6         2         6         1         0      2369
         4      4084         2         1        18         2         2         2         1         0      1598
         4      4084         2         1        19         4         1         4         1         1      1576
         4      4084         2         1        20         5         1         5         1         1      1637
         4      4084         2         1        21         7         2         7         1         0      2655
         4      4084         2         1        22         5         2         5         1         0      3232
         4      4084         2         1        23         9         1         9         1         1      1498
         4      4084         2         1        24         9         4         9         1         0      3545
         4      4084         2         1        25         7         1         7         1         1      3431
         4      4084         2         1        26         3         4         3         1         0      2103
         4      4084         2         1        27         2         1         2         1         1      1343
         4      4084         2         1        28        10         1         0         1         1      1890
         4      4084         2         1        29         5         3         5         1         0      2978
         4      4084         2         1        30         4         3         4         1         0      2517
         4      4084         2         1        31         6         4         6         1         0      2412
         4      4084         2         1        32         8         2         8         1         0      3127
         4      4084         2         1        33         4         4         4         1         0      1973
         4      4084         2         1        34         6         3         6         1         0      2144
         4      4084         2         1        35         1         2         1         1         0      1414
         4      4084         2         1        36         8         1         8         1         1      2521
         4      4084         2         1        37         1         4         4         0         0      6719
         4      4084         2         1        38         7         3         7         1         0      5342
         4      4084         2         1        39         2         3         2         1         0      1732
         4      4084         2         1        40         9         3         9         1         0      3819
         4      4084         2         2         1         5         4         5         1         0      1924
         4      4084         2         2         2         8         3         8         1         0      6819
         4      4084         2         2         3         1         1         1         1         0      1551
         4      4084         2         2         4         9         1         9         1         0      2796
         4      4084         2         2         5         7         2         7         1         1      1991
         4      4084         2         2         6         3         4         3         1         0      2769
         4      4084         2         2         7         6         3         6         1         0      4973
         4      4084         2         2         8         5         1         5         1         0      1201
         4      4084         2         2         9         2         3         2         1         0      1661
         4      4084         2         2        10         4         1         4         1         0      1861
         4      4084         2         2        11         6         4         6         1         0     14085
         4      4084         2         2        12         1         3         4         0         0      2413
         4      4084         2         2        13         4         2         4         1         1      1208
         4      4084         2         2        14         2         4         2         1         0      1426
         4      4084         2         2        15         9         3         9         1         0      1445
         4      4084         2         2        16         9         4         9         1         0      1159
         4      4084         2         2        17        10         2         0         1         1      1188
         4      4084         2         2        18         7         4         4         0         0      2640
         4      4084         2         2        19         4         3         4         1         0       865
         4      4084         2         2        20         3         1         3         1         0      1946
         4      4084         2         2        21         3         2         3         1         1      1431
         4      4084         2         2        22         9         2         9         1         1      1193
         4      4084         2         2        23         4         4         4         1         0      2004
         4      4084         2         2        24         2         1         2         1         0      1504
         4      4084         2         2        25         1         4         4         0         0      6462
         4      4084         2         2        26         1         2         1         1         1      1511
         4      4084         2         2        27         5         2         5         1         1      2342
         4      4084         2         2        28         8         4         7         0         0      3955
         4      4084         2         2        29         6         1         6         1         0      1247
         4      4084         2         2        30         6         2         6         1         1      1065
         4      4084         2         2        31        10         4         0         1         0      2122
         4      4084         2         2        32        10         1         0         1         0      1296
         4      4084         2         2        33        10         3         0         1         0      1238
         4      4084         2         2        34         8         2         8         1         1      5409
         4      4084         2         2        35         3         3         3         1         0      2291
         4      4084         2         2        36         7         1         7         1         0      3827
         4      4084         2         2        37         7         3         8         0         0      4661
         4      4084         2         2        38         2         2         2         1         1      1271
         4      4084         2         2        39         8         1         8         1         0      2079
         4      4084         2         2        40         5         3         5         1         0      4376
         4      4084         2         3         1        10         1         0         1         1     14142
         4      4084         2         3         2         3         4         3         1         0      4978
         4      4084         2         3         3         8         2         8         1         0      6487
         4      4084         2         3         4         9         3         9         1         0      3391
         4      4084         2         3         5         7         1         1         0         1      3315
         4      4084         2         3         6         4         3         4         1         0      2362
         4      4084         2         3         7         7         2         7         1         0      2327
         4      4084         2         3         8        10         2         0         1         0      1430
         4      4084         2         3         9         5         3         5         1         0      1769
         4      4084         2         3        10         2         3         2         1         0      1214
         4      4084         2         3        11         5         4         5         1         0      1320
         4      4084         2         3        12         1         2         1         1         0      1232
         4      4084         2         3        13         9         2         9         1         0      1401
         4      4084         2         3        14         3         3         3         1         0      3917
         4      4084         2         3        15         1         1         1         1         1      2635
         4      4084         2         3        16         1         4         1         1         0      4844
         4      4084         2         3        17         8         4         7         0         0      4597
         4      4084         2         3        18         6         1         6         1         1      1223
         4      4084         2         3        19        10         3         0         1         0      1713
         4      4084         2         3        20         2         1         2         1         1      1015
         4      4084         2         3        21         4         2         4         1         0      1482
         4      4084         2         3        22         6         4         6         1         0      2618
         4      4084         2         3        23         4         1         4         1         1      2587
         4      4084         2         3        24         8         1         8         1         1      1407
         4      4084         2         3        25         6         2         6         1         0      1217
         4      4084         2         3        26         8         3         8         1         0      6332
         4      4084         2         3        27        10         4         0         1         0      1372
         4      4084         2         3        28         1         3         4         0         0     10096
         4      4084         2         3        29         3         2         3         1         0      2647
         4      4084         2         3        30         9         1         9         1         1      1289
         4      4084         2         3        31         7         3         7         1         0      7825
         4      4084         2         3        32         5         1         5         1         1      1795
         4      4084         2         3        33         9         4         9         1         0      3031
         4      4084         2         3        34         6         3         6         1         0      1736
         4      4084         2         3        35         4         4         4         1         0      2174
         4      4084         2         3        36         2         2         2         1         0      1250
         4      4084         2         3        37         5         2         5         1         0      1227
         4      4084         2         3        38         2         4         2         1         0      1158
         4      4084         2         3        39         3         1         3         1         1      2147
         4      4084         2         3        40         7         4         8         0         0     10568
         4      4084         2         4         1         6         3         6         1         0      1555
         4      4084         2         4         2         2         2         2         1         1      1201
         4      4084         2         4         3         5         3         5         1         0      1452
         4      4084         2         4         4         2         3         2         1         0      1182
         4      4084         2         4         5         5         4         5         1         0      1242
         4      4084         2         4         6         7         3         7         1         0      9155
         4      4084         2         4         7         7         2         7         1         1      1665
         4      4084         2         4         8        10         2         0         1         1      1931
         4      4084         2         4         9         3         1         3         1         0      1625
         4      4084         2         4        10         6         1         6         1         0      3106
         4      4084         2         4        11         8         3         8         1         0      3729
         4      4084         2         4        12         9         1         9         1         0      1335
         4      4084         2         4        13         4         3         4         1         0      1724
         4      4084         2         4        14         1         4         4         0         0      2978
         4      4084         2         4        15         3         4         3         1         0      5093
         4      4084         2         4        16         1         2         1         1         1      1556
         4      4084         2         4        17        10         3         0         1         0      1711
         4      4084         2         4        18         8         2         8         1         1      2982
         4      4084         2         4        19         4         4         4         1         0      1946
         4      4084         2         4        20         2         4         2         1         0      1192
         4      4084         2         4        21         9         4         9         1         0      1267
         4      4084         2         4        22         3         2         3         1         1      1548
         4      4084         2         4        23         1         1         1         1         0      1482
         4      4084         2         4        24         5         1         5         1         0      1498
         4      4084         2         4        25        10         4         0         1         0      1227
         4      4084         2         4        26         9         2         9         1         1      1845
         4      4084         2         4        27         6         4         6         1         0      1974
         4      4084         2         4        28         1         3         1         1         0      2642
         4      4084         2         4        29         4         1         4         1         0      2467
         4      4084         2         4        30         8         1         8         1         0      1370
         4      4084         2         4        31         4         2         4         1         1      1263
         4      4084         2         4        32         3         3         3         1         0      2088
         4      4084         2         4        33         5         2         5         1         1      2063
         4      4084         2         4        34        10         1         0         1         0      1255
         4      4084         2         4        35         8         4         8         1         0      3328
         4      4084         2         4        36         2         1         2         1         0      1142
         4      4084         2         4        37         7         4         8         0         0      4404
         4      4084         2         4        38         7         1         7         1         0      4863
         4      4084         2         4        39         9         3         9         1         0      1161
         4      4084         2         4        40         6         2         6         1         1      1622
