Condition Subject Session Block Trial Subtype Token Response Correct Feedback RT 
         4      4063         1         1         1         4         1         9         0         1      6965
         4      4063         1         1         2         3         2         3         1         1     19720
         4      4063         1         1         3        10         1         1         0         1      6812
         4      4063         1         1         4         1         1         5         0         1      3399
         4      4063         1         1         5         9         2         5         0         1      1657
         4      4063         1         1         6         8         1         2         0         1      7281
         4      4063         1         1         7         7         2         6         0         1     11241
         4      4063         1         1         8         7         2         7         1         1      3762
         4      4063         1         1         9         7         1         8         0         1      8662
         4      4063         1         1        10         9         2         9         1         1      3062
         4      4063         1         1        11         8         2         1         0         1      6487
         4      4063         1         1        12         7         1         7         1         1      2655
         4      4063         1         1        13         5         1         5         1         1      5664
         4      4063         1         1        14         3         2         3         1         1      2135
         4      4063         1         1        15        10         2         0         1         1      3551
         4      4063         1         1        16         5         2         5         1         1      4411
         4      4063         1         1        17         4         2         4         1         1      2214
         4      4063         1         1        18         6         1         6         1         1      2071
         4      4063         1         1        19         1         2         1         1         1      4575
         4      4063         1         1        20         4         2         4         1         1      1795
         4      4063         1         1        21         2         2         2         1         1      6790
         4      4063         1         1        22         2         2         2         1         1      1154
         4      4063         1         1        23         8         1         8         1         1      6574
         4      4063         1         1        24         9         1         5         0         1      2930
         4      4063         1         1        25        10         1         7         0         1      6566
         4      4063         1         1        26         8         2         7         0         1     12251
         4      4063         1         1        27         5         2         5         1         1      3276
         4      4063         1         1        28         6         1         6         1         1      1491
         4      4063         1         1        29         6         2         1         0         1      7074
         4      4063         1         1        30         3         1         3         1         1      1889
         4      4063         1         1        31         5         1         5         1         1      1473
         4      4063         1         1        32         4         1         4         1         1      1488
         4      4063         1         1        33        10         2         0         1         1      3280
         4      4063         1         1        34         1         1         8         0         1      3496
         4      4063         1         1        35         2         1         8         0         1      2039
         4      4063         1         1        36         6         2         6         1         1      2112
         4      4063         1         1        37         1         2         8         0         1      2647
         4      4063         1         1        38         9         1         9         1         1      5848
         4      4063         1         1        39         3         1         3         1         1      2409
         4      4063         1         1        40         2         1         2         1         1      4532
         4      4063         1         2         1         9         1         6         0         1      3658
         4      4063         1         2         2         3         2         5         0         1      5874
         4      4063         1         2         3         7         2         7         1         1      5538
         4      4063         1         2         4         4         2         4         1         1      1471
         4      4063         1         2         5        10         1         0         1         1      1997
         4      4063         1         2         6         1         1         1         1         1      2249
         4      4063         1         2         7         5         1         3         0         1      2507
         4      4063         1         2         8         9         2         9         1         1      1616
         4      4063         1         2         9        10         1         0         1         1      1098
         4      4063         1         2        10         4         2         4         1         1      1401
         4      4063         1         2        11         3         1         3         1         1      2268
         4      4063         1         2        12         8         2         7         0         1      3437
         4      4063         1         2        13        10         2         0         1         1      3552
         4      4063         1         2        14         2         2         2         1         1      2542
         4      4063         1         2        15         6         1         6         1         1      1714
         4      4063         1         2        16         2         2         2         1         1      1145
         4      4063         1         2        17         2         1         2         1         1       774
         4      4063         1         2        18         6         2         6         1         1      1298
         4      4063         1         2        19         4         1         4         1         1      3080
         4      4063         1         2        20         9         1         9         1         1      1513
         4      4063         1         2        21         4         1         4         1         1       855
         4      4063         1         2        22         7         2         7         1         1      6351
         4      4063         1         2        23         8         2         8         1         1       925
         4      4063         1         2        24         6         2         6         1         1      3347
         4      4063         1         2        25         8         1         0         0         1      6647
         4      4063         1         2        26         7         1         7         1         1      2874
         4      4063         1         2        27         8         1         8         1         1      2193
         4      4063         1         2        28         3         1         3         1         1      2084
         4      4063         1         2        29         9         2         9         1         1      1292
         4      4063         1         2        30         1         2         1         1         1     12771
         4      4063         1         2        31         1         2         1         1         1      1871
         4      4063         1         2        32         2         1         2         1         1      1088
         4      4063         1         2        33         5         2         5         1         1      2432
         4      4063         1         2        34         6         1         6         1         1      1064
         4      4063         1         2        35         5         2         5         1         1       952
         4      4063         1         2        36         1         1         1         1         1      1645
         4      4063         1         2        37         7         1         7         1         1      3543
         4      4063         1         2        38         3         2         5         0         1      9459
         4      4063         1         2        39         5         1         3         0         1      1077
         4      4063         1         2        40        10         2         0         1         1      1974
         4      4063         1         3         1         4         1         4         1         1      2600
         4      4063         1         3         2         5         2         5         1         1      2587
         4      4063         1         3         3        10         2         0         1         1      1567
         4      4063         1         3         4         4         2         4         1         1      1100
         4      4063         1         3         5         7         2         7         1         1      2604
         4      4063         1         3         6         6         1         6         1         1      1086
         4      4063         1         3         7         7         2         7         1         1       846
         4      4063         1         3         8         8         2         7         0         1      1624
         4      4063         1         3         9         8         1         0         0         1      4162
         4      4063         1         3        10         3         2         3         1         1      3829
         4      4063         1         3        11         9         1         9         1         1      1527
         4      4063         1         3        12         2         2         2         1         1      1158
         4      4063         1         3        13         5         1         5         1         1      2035
         4      4063         1         3        14         2         1         2         1         1      1645
         4      4063         1         3        15         5         2         5         1         1      1270
         4      4063         1         3        16         4         1         4         1         1      3485
         4      4063         1         3        17         1         2         8         0         1      2909
         4      4063         1         3        18         9         1         9         1         1      1236
         4      4063         1         3        19         2         1         2         1         1       990
         4      4063         1         3        20         7         1         7         1         1      2082
         4      4063         1         3        21         6         2         6         1         1      2186
         4      4063         1         3        22         8         2         8         1         1      3087
         4      4063         1         3        23         9         2         9         1         1      1918
         4      4063         1         3        24         4         2         4         1         1      1085
         4      4063         1         3        25         3         1         3         1         1      3037
         4      4063         1         3        26         1         2         1         1         1      1296
         4      4063         1         3        27         1         1         1         1         1      1175
         4      4063         1         3        28         1         1         1         1         1      1299
         4      4063         1         3        29         3         1         3         1         1      2683
         4      4063         1         3        30         7         1         7         1         1      5339
         4      4063         1         3        31         6         2         6         1         1      1264
         4      4063         1         3        32         3         2         3         1         1      1847
         4      4063         1         3        33         8         1         0         0         1      1769
         4      4063         1         3        34        10         1         0         1         1      1115
         4      4063         1         3        35         5         1         5         1         1      1722
         4      4063         1         3        36         9         2         9         1         1      1136
         4      4063         1         3        37         6         1         6         1         1      1260
         4      4063         1         3        38        10         1         0         1         1      8339
         4      4063         1         3        39        10         2         0         1         1      2273
         4      4063         1         3        40         2         2         2         1         1      1281
         4      4063         1         4         1         2         1         2         1         1       928
         4      4063         1         4         2         3         2         3         1         1      1957
         4      4063         1         4         3         8         2         8         1         1      5411
         4      4063         1         4         4         9         2         9         1         1       932
         4      4063         1         4         5         5         2         5         1         1      2010
         4      4063         1         4         6         4         2         4         1         1      1077
         4      4063         1         4         7        10         2         0         1         1      2278
         4      4063         1         4         8         7         1         7         1         1      3046
         4      4063         1         4         9         6         1         6         1         1      1014
         4      4063         1         4        10         9         1         9         1         1      1225
         4      4063         1         4        11         1         1         1         1         1      2370
         4      4063         1         4        12         1         2         1         1         1      1215
         4      4063         1         4        13         6         1         6         1         1      1096
         4      4063         1         4        14         4         1         4         1         1      2423
         4      4063         1         4        15         3         2         3         1         1      1648
         4      4063         1         4        16        10         2         0         1         1      1355
         4      4063         1         4        17         3         1         5         0         1      1520
         4      4063         1         4        18         8         1         8         1         1      3198
         4      4063         1         4        19         9         1         9         1         1       986
         4      4063         1         4        20         6         2         6         1         1      2157
         4      4063         1         4        21         5         1         5         1         1      1330
         4      4063         1         4        22         5         1         5         1         1       809
         4      4063         1         4        23         8         1         8         1         1      2146
         4      4063         1         4        24         6         2         6         1         1      1223
         4      4063         1         4        25         8         2         7         0         1      1906
         4      4063         1         4        26         3         1         3         1         1      1824
         4      4063         1         4        27         7         2         7         1         1      4322
         4      4063         1         4        28         2         2         2         1         1      1169
         4      4063         1         4        29         1         1         1         1         1      4141
         4      4063         1         4        30         4         1         4         1         1      1217
         4      4063         1         4        31         7         2         7         1         1      2684
         4      4063         1         4        32         5         2         5         1         1      2299
         4      4063         1         4        33        10         1         0         1         1      1305
         4      4063         1         4        34         9         2         9         1         1      2143
         4      4063         1         4        35         7         1         7         1         1      2437
         4      4063         1         4        36         4         2         4         1         1      1247
         4      4063         1         4        37         2         1         2         1         1      1177
         4      4063         1         4        38         1         2         1         1         1      1685
         4      4063         1         4        39        10         1         0         1         1      1163
         4      4063         1         4        40         2         2         2         1         1      1112
         4      4063         1         5         1         4         2         4         1         1      3590
         4      4063         1         5         2         9         1         9         1         1      1601
         4      4063         1         5         3         6         1         6         1         1      2363
         4      4063         1         5         4         9         2         9         1         1      1512
         4      4063         1         5         5         5         1         5         1         1      1559
         4      4063         1         5         6         2         2         2         1         1      1124
         4      4063         1         5         7         7         1         7         1         1      1554
         4      4063         1         5         8         2         1         2         1         1      1199
         4      4063         1         5         9         2         2         2         1         1       587
         4      4063         1         5        10        10         1         0         1         1      1245
         4      4063         1         5        11         6         1         6         1         1      4341
         4      4063         1         5        12         3         2         3         1         1      1538
         4      4063         1         5        13         9         1         9         1         1      1152
         4      4063         1         5        14         1         2         1         1         1      1021
         4      4063         1         5        15         5         2         5         1         1      1263
         4      4063         1         5        16         1         1         1         1         1      3896
         4      4063         1         5        17         4         1         4         1         1      1190
         4      4063         1         5        18         8         1         8         1         1      3680
         4      4063         1         5        19         8         1         8         1         1       648
         4      4063         1         5        20         7         2         7         1         1      1129
         4      4063         1         5        21         1         1         1         1         1      1335
         4      4063         1         5        22         1         2         1         1         1      1005
         4      4063         1         5        23         4         2         4         1         1      1199
         4      4063         1         5        24         6         2         6         1         1      3722
         4      4063         1         5        25        10         2         0         1         1      2385
         4      4063         1         5        26        10         1         0         1         1       651
         4      4063         1         5        27         2         1         2         1         1      1149
         4      4063         1         5        28         4         1         4         1         1      1097
         4      4063         1         5        29         7         1         7         1         1      2761
         4      4063         1         5        30         9         2         9         1         1      1541
         4      4063         1         5        31         3         2         3         1         1      1810
         4      4063         1         5        32         8         2         7         0         1      6134
         4      4063         1         5        33         5         2         5         1         1      1787
         4      4063         1         5        34         6         2         6         1         1      3791
         4      4063         1         5        35         7         2         7         1         1      1138
         4      4063         1         5        36         3         1         3         1         1      2080
         4      4063         1         5        37        10         2         0         1         1      1097
         4      4063         1         5        38         5         1         5         1         1      1241
         4      4063         1         5        39         3         1         3         1         1      3234
         4      4063         1         5        40         8         2         8         1         1      2253
         4      4063         1         6         1         6         1         6         1         1      2331
         4      4063         1         6         2         1         2         1         1         1      1177
         4      4063         1         6         3         9         2         9         1         1      1141
         4      4063         1         6         4        10         1         0         1         1       993
         4      4063         1         6         5         1         1         1         1         1      1812
         4      4063         1         6         6        10         2         0         1         1      1160
         4      4063         1         6         7         3         2         3         1         1      1380
         4      4063         1         6         8         3         1         3         1         1      2152
         4      4063         1         6         9         9         1         9         1         1      1997
         4      4063         1         6        10         2         1         2         1         1      1113
         4      4063         1         6        11         1         2         1         1         1      1079
         4      4063         1         6        12         8         2         8         1         1      2488
         4      4063         1         6        13         8         1         8         1         1      2063
         4      4063         1         6        14         9         2         9         1         1      1255
         4      4063         1         6        15        10         1         0         1         1       782
         4      4063         1         6        16         7         2         7         1         1      1835
         4      4063         1         6        17         6         2         6         1         1      1325
         4      4063         1         6        18         1         1         1         1         1      1010
         4      4063         1         6        19         4         2         4         1         1      1444
         4      4063         1         6        20         2         2         2         1         1       886
         4      4063         1         6        21         6         2         6         1         1      1583
         4      4063         1         6        22         8         1         8         1         1      3305
         4      4063         1         6        23         7         2         7         1         1       976
         4      4063         1         6        24         4         1         4         1         1      1171
         4      4063         1         6        25         2         1         2         1         1       975
         4      4063         1         6        26         5         1         5         1         1      2227
         4      4063         1         6        27         4         1         4         1         1      1684
         4      4063         1         6        28        10         2         0         1         1      1260
         4      4063         1         6        29         5         2         5         1         1      1236
         4      4063         1         6        30         5         2         5         1         1       766
         4      4063         1         6        31         7         1         7         1         1      2299
         4      4063         1         6        32         5         1         5         1         1      3002
         4      4063         1         6        33         4         2         4         1         1      1086
         4      4063         1         6        34         6         1         6         1         1      2252
         4      4063         1         6        35         8         2         8         1         1      2670
         4      4063         1         6        36         7         1         7         1         1       847
         4      4063         1         6        37         3         1         3         1         1      1992
         4      4063         1         6        38         2         2         2         1         1       996
         4      4063         1         6        39         3         2         3         1         1      1527
         4      4063         1         6        40         9         1         9         1         1      1717
         4      4063         2         1         1         9         4         9         1         0      1935
         4      4063         2         1         2         3         2         3         1         0      4476
         4      4063         2         1         3         4         4         4         1         0      1796
         4      4063         2         1         4         1         2         1         1         0      1351
         4      4063         2         1         5         2         4         2         1         0      1053
         4      4063         2         1         6         4         1         4         1         1      1469
         4      4063         2         1         7         1         1         1         1         1      1229
         4      4063         2         1         8        10         2         0         1         0      1336
         4      4063         2         1         9         3         3         3         1         0      6542
         4      4063         2         1        10         2         3         2         1         0       948
         4      4063         2         1        11         5         4         5         1         0      6153
         4      4063         2         1        12        10         3         0         1         0     25052
         4      4063         2         1        13        10         1         0         1         1       876
         4      4063         2         1        14         7         4         8         0         0     29730
         4      4063         2         1        15         5         3         5         1         0      3704
         4      4063         2         1        16        10         4         7         0         0     10624
         4      4063         2         1        17         6         2         6         1         0      1938
         4      4063         2         1        18         9         1         9         1         1      1584
         4      4063         2         1        19         4         2         4         1         0      1339
         4      4063         2         1        20         4         3         4         1         0      1361
         4      4063         2         1        21         1         3         1         1         0      3077
         4      4063         2         1        22         2         2         2         1         0      1094
         4      4063         2         1        23         8         4         1         0         0      3829
         4      4063         2         1        24         7         3         7         1         0     36118
         4      4063         2         1        25         8         3         8         1         0     17773
         4      4063         2         1        26         2         1         2         1         1      1090
         4      4063         2         1        27         5         2         5         1         0      1440
         4      4063         2         1        28         8         1         8         1         1      5169
         4      4063         2         1        29         3         1         3         1         1      2606
         4      4063         2         1        30         5         1         5         1         1      1473
         4      4063         2         1        31         7         2         7         1         0      1952
         4      4063         2         1        32         9         3         9         1         0      1774
         4      4063         2         1        33         9         2         9         1         0       722
         4      4063         2         1        34         6         3         6         1         0     16271
         4      4063         2         1        35         1         4         1         1         0      2304
         4      4063         2         1        36         6         4         7         0         0     33805
         4      4063         2         1        37         6         1         6         1         1      1791
         4      4063         2         1        38         3         4         3         1         0      1681
         4      4063         2         1        39         8         2         8         1         0      4682
         4      4063         2         1        40         7         1         7         1         1      3305
         4      4063         2         2         1         1         2         1         1         1      2039
         4      4063         2         2         2         8         3         0         0         0     39889
         4      4063         2         2         3         7         3         7         1         0     11633
         4      4063         2         2         4        10         3         0         1         0     10618
         4      4063         2         2         5         1         4         1         1         0      3100
         4      4063         2         2         6         1         1         1         1         0      1676
         4      4063         2         2         7         4         3         4         1         0      1380
         4      4063         2         2         8         1         3         1         1         0      1448
         4      4063         2         2         9         9         2         9         1         1      3976
         4      4063         2         2        10         4         1         4         1         0      1555
         4      4063         2         2        11         7         1         7         1         0      2048
         4      4063         2         2        12        10         4         8         0         0      6762
         4      4063         2         2        13         6         3         6         1         0      5607
         4      4063         2         2        14         7         2         7         1         1      1282
         4      4063         2         2        15         7         4         7         1         0      5674
         4      4063         2         2        16         6         2         6         1         1      1714
         4      4063         2         2        17         9         4         9         1         0      2200
         4      4063         2         2        18         4         2         4         1         1      1227
         4      4063         2         2        19         9         3         9         1         0      1653
         4      4063         2         2        20         8         1         8         1         0      2174
         4      4063         2         2        21         2         3         2         1         0      1762
         4      4063         2         2        22         5         3         5         1         0      1703
         4      4063         2         2        23         6         4         7         0         0     16430
         4      4063         2         2        24         6         1         6         1         0      1174
         4      4063         2         2        25         3         1         3         1         0      1986
         4      4063         2         2        26         2         1         2         1         0      1551
         4      4063         2         2        27         3         3         3         1         0      2364
         4      4063         2         2        28         3         4         3         1         0      1447
         4      4063         2         2        29         5         2         5         1         1      2008
         4      4063         2         2        30         2         2         2         1         1      1443
         4      4063         2         2        31        10         2         0         1         1      1925
         4      4063         2         2        32         3         2         3         1         1      2162
         4      4063         2         2        33         8         2         8         1         1      5735
         4      4063         2         2        34         2         4         2         1         0      1373
         4      4063         2         2        35        10         1         0         1         0      1264
         4      4063         2         2        36         9         1         9         1         0      3016
         4      4063         2         2        37         5         4         5         1         0      8779
         4      4063         2         2        38         8         4         1         0         0      2102
         4      4063         2         2        39         4         4         4         1         0      1726
         4      4063         2         2        40         5         1         5         1         0      1348
         4      4063         2         3         1         3         4         3         1         0      3323
         4      4063         2         3         2         2         1         2         1         1      1105
         4      4063         2         3         3         5         1         5         1         1      1393
         4      4063         2         3         4         7         3         7         1         0     10933
         4      4063         2         3         5         4         4         4         1         0      1707
         4      4063         2         3         6        10         1         0         1         1      1344
         4      4063         2         3         7         4         3         4         1         0      1317
         4      4063         2         3         8         8         3         8         1         0     25484
         4      4063         2         3         9        10         3         0         1         0      2155
         4      4063         2         3        10         8         4         1         0         0      1967
         4      4063         2         3        11         7         4         7         1         0      5052
         4      4063         2         3        12         6         3         6         1         0      1308
         4      4063         2         3        13         9         2         9         1         0      3298
         4      4063         2         3        14         6         2         6         1         0      2825
         4      4063         2         3        15         1         4         1         1         0      2291
         4      4063         2         3        16         2         3         2         1         0      1203
         4      4063         2         3        17         4         2         4         1         0      1406
         4      4063         2         3        18        10         2         0         1         0      1521
         4      4063         2         3        19         5         3         5         1         0      1632
         4      4063         2         3        20         9         3         9         1         0      1147
         4      4063         2         3        21         7         2         7         1         0      2152
         4      4063         2         3        22         9         1         9         1         1      1117
         4      4063         2         3        23         2         4         2         1         0      1004
         4      4063         2         3        24         3         2         3         1         0      1262
         4      4063         2         3        25         7         1         7         1         1      1335
         4      4063         2         3        26         9         4         9         1         0      2557
         4      4063         2         3        27        10         4         0         1         0      3923
         4      4063         2         3        28         6         4         7         0         0      2928
         4      4063         2         3        29         8         1         8         1         1      1798
         4      4063         2         3        30         4         1         4         1         1      1848
         4      4063         2         3        31         2         2         2         1         0      1034
         4      4063         2         3        32         5         4         5         1         0      3435
         4      4063         2         3        33         1         2         1         1         0      1342
         4      4063         2         3        34         5         2         5         1         0      1555
         4      4063         2         3        35         1         1         1         1         1      1344
         4      4063         2         3        36         6         1         6         1         1      1076
         4      4063         2         3        37         1         3         1         1         0      5667
         4      4063         2         3        38         3         1         3         1         1      5308
         4      4063         2         3        39         8         2         1         0         0      1395
         4      4063         2         3        40         3         3         3         1         0      1382
         4      4063         2         4         1         5         4         5         1         0      2283
         4      4063         2         4         2         5         2         5         1         1      1099
         4      4063         2         4         3         3         1         3         1         0      1354
         4      4063         2         4         4        10         3         0         1         0      1950
         4      4063         2         4         5         2         4         2         1         0      1116
         4      4063         2         4         6         1         2         1         1         1      1546
         4      4063         2         4         7         1         4         1         1         0      1367
         4      4063         2         4         8         9         1         9         1         0      2635
         4      4063         2         4         9         6         1         6         1         0      1612
         4      4063         2         4        10         9         3         9         1         0      2503
         4      4063         2         4        11         8         2         1         0         1      2671
         4      4063         2         4        12         9         2         9         1         1      7935
         4      4063         2         4        13         7         1         7         1         0      2460
         4      4063         2         4        14         3         3         3         1         0      1397
         4      4063         2         4        15         3         2         3         1         1      1815
         4      4063         2         4        16         5         3         5         1         0      1243
         4      4063         2         4        17         4         4         4         1         0      1284
         4      4063         2         4        18         7         3         7         1         0     37068
         4      4063         2         4        19         6         4         7         0         0      7356
         4      4063         2         4        20         6         2         6         1         1      1264
         4      4063         2         4        21        10         4         8         0         0     37609
         4      4063         2         4        22        10         1         0         1         0      4929
         4      4063         2         4        23         8         4         1         0         0      2519
         4      4063         2         4        24         2         1         2         1         0      1165
         4      4063         2         4        25         4         1         4         1         0      1385
         4      4063         2         4        26         8         1         8         1         0      2620
         4      4063         2         4        27         2         2         2         1         1      1295
         4      4063         2         4        28         6         3         6         1         0      1942
         4      4063         2         4        29         2         3         2         1         0      1540
         4      4063         2         4        30         7         4         7         1         0      4098
         4      4063         2         4        31         1         1         1         1         0      3017
         4      4063         2         4        32         9         4         9         1         0      1708
         4      4063         2         4        33         3         4         3         1         0      1521
         4      4063         2         4        34         7         2         7         1         1      1599
         4      4063         2         4        35         4         2         4         1         1      1322
         4      4063         2         4        36         8         3         7         0         0     16001
         4      4063         2         4        37         1         3         4         0         0      2652
         4      4063         2         4        38         5         1         5         1         0      1853
         4      4063         2         4        39         4         3         4         1         0      1213
         4      4063         2         4        40        10         2         0         1         1      1864
