Condition Subject Session Block Trial Subtype Token Response Correct Feedback RT 
         1      1082         1         1         1         3         2         1         0         1      9905
         1      1082         1         1         2         8         1         9         0         1      7456
         1      1082         1         1         3        10         2         2         0         1      8594
         1      1082         1         1         4         9         1         2         0         1      3877
         1      1082         1         1         5         9         1         9         1         1      2005
         1      1082         1         1         6         5         2         0         0         1      5616
         1      1082         1         1         7         5         2         5         1         1      1835
         1      1082         1         1         8         6         2         6         1         1      5245
         1      1082         1         1         9         4         1         2         0         1      2279
         1      1082         1         1        10         8         2         1         0         1      4487
         1      1082         1         1        11         3         2         3         1         1      6943
         1      1082         1         1        12         1         1         1         1         1      6596
         1      1082         1         1        13         4         2         2         0         1      4999
         1      1082         1         1        14         5         1         2         0         1      1754
         1      1082         1         1        15         5         1         5         1         1      1808
         1      1082         1         1        16         3         1         8         0         1      3748
         1      1082         1         1        17         2         1         6         0         1      2474
         1      1082         1         1        18         8         2         3         0         1      9747
         1      1082         1         1        19         3         1         5         0         1      2217
         1      1082         1         1        20         1         1         7         0         1      3130
         1      1082         1         1        21         7         1         7         1         1      2538
         1      1082         1         1        22        10         2         4         0         1      6464
         1      1082         1         1        23         8         1         8         1         1      3130
         1      1082         1         1        24         6         1         6         1         1      2520
         1      1082         1         1        25         2         2         4         0         1      4670
         1      1082         1         1        26         1         2         5         0         1      2751
         1      1082         1         1        27         9         2         9         1         1      4684
         1      1082         1         1        28         7         2         6         0         1      7356
         1      1082         1         1        29         9         2         9         1         1     32513
         1      1082         1         1        30        10         1         7         0         1      7863
         1      1082         1         1        31         7         1         4         0         1      3336
         1      1082         1         1        32         7         2         8         0         1     11310
         1      1082         1         1        33         4         1         3         0         1      4806
         1      1082         1         1        34        10         1         1         0         1      3009
         1      1082         1         1        35         6         2         6         1         1      1939
         1      1082         1         1        36         1         2         5         0         1      6402
         1      1082         1         1        37         2         1         8         0         1      4285
         1      1082         1         1        38         2         2         2         1         1      1837
         1      1082         1         1        39         6         1         6         1         1      1887
         1      1082         1         1        40         4         2         0         0         1      8350
         1      1082         1         2         1         2         1         2         1         1      3734
         1      1082         1         2         2         5         1         0         0         1      3548
         1      1082         1         2         3         8         1         1         0         1      4218
         1      1082         1         2         4         5         1         5         1         1      1964
         1      1082         1         2         5         7         1         0         0         1      3882
         1      1082         1         2         6        10         1         0         1         1      2025
         1      1082         1         2         7         5         2         5         1         1      3972
         1      1082         1         2         8         9         2         9         1         1      1905
         1      1082         1         2         9         6         2         6         1         1      1952
         1      1082         1         2        10         7         2         7         1         1     29756
         1      1082         1         2        11         2         2         2         1         1      1603
         1      1082         1         2        12         4         2         4         1         1      2734
         1      1082         1         2        13        10         2         8         0         1      7564
         1      1082         1         2        14         8         1         8         1         1      1833
         1      1082         1         2        15         6         1         6         1         1      1403
         1      1082         1         2        16         6         1         6         1         1      1086
         1      1082         1         2        17         4         1         5         0         1      3055
         1      1082         1         2        18         3         1         0         0         1      2209
         1      1082         1         2        19         8         2         1         0         1      2389
         1      1082         1         2        20         8         2         7         0         1      1249
         1      1082         1         2        21         3         2         7         0         1      6523
         1      1082         1         2        22         1         2         0         0         1      3666
         1      1082         1         2        23         1         1         3         0         1      2329
         1      1082         1         2        24         3         2         7         0         1      3816
         1      1082         1         2        25         2         1         2         1         1      2923
         1      1082         1         2        26         6         2         6         1         1      1506
         1      1082         1         2        27        10         1         0         1         1      2848
         1      1082         1         2        28         5         2         5         1         1     19802
         1      1082         1         2        29         9         2         9         1         1      1774
         1      1082         1         2        30         4         2         1         0         1      3826
         1      1082         1         2        31         9         1         9         1         1      1332
         1      1082         1         2        32         3         1         0         0         1      2474
         1      1082         1         2        33        10         2         1         0         1      2196
         1      1082         1         2        34         4         1         4         1         1      3048
         1      1082         1         2        35         7         2         7         1         1      4761
         1      1082         1         2        36         7         1         0         0         1      3239
         1      1082         1         2        37         1         1         1         1         1      1664
         1      1082         1         2        38         9         1         9         1         1      1544
         1      1082         1         2        39         2         2         2         1         1      1126
         1      1082         1         2        40         1         2         8         0         1      5061
         1      1082         1         3         1         3         2         3         1         1      5083
         1      1082         1         3         2         8         2         8         1         1      4459
         1      1082         1         3         3         4         2         4         1         1      3348
         1      1082         1         3         4         4         1         4         1         1      1706
         1      1082         1         3         5         6         1         6         1         1      1298
         1      1082         1         3         6         9         2         9         1         1      1370
         1      1082         1         3         7         1         1         1         1         1      1437
         1      1082         1         3         8         1         2         3         0         1     11231
         1      1082         1         3         9         2         1         2         1         1      2985
         1      1082         1         3        10         5         2         5         1         1      6605
         1      1082         1         3        11        10         1         7         0         1      2224
         1      1082         1         3        12         7         1         7         1         1      2660
         1      1082         1         3        13        10         2         0         1         1      3078
         1      1082         1         3        14         9         1         9         1         1      1109
         1      1082         1         3        15         1         1         1         1         1      1076
         1      1082         1         3        16         7         2         7         1         1      2709
         1      1082         1         3        17         3         1         0         0         1      2069
         1      1082         1         3        18         6         2         6         1         1      1341
         1      1082         1         3        19         3         1         3         1         1      2339
         1      1082         1         3        20         8         2         1         0         1      2578
         1      1082         1         3        21         8         1         8         1         1      2917
         1      1082         1         3        22         5         1         5         1         1      2893
         1      1082         1         3        23         4         2         2         0         1      1412
         1      1082         1         3        24         1         2         1         1         1      1446
         1      1082         1         3        25         8         1         1         0         1      1033
         1      1082         1         3        26         5         2         5         1         1      1899
         1      1082         1         3        27         5         1         5         1         1      1643
         1      1082         1         3        28         4         1         4         1         1      1894
         1      1082         1         3        29         9         1         9         1         1      1654
         1      1082         1         3        30         9         2         9         1         1      1807
         1      1082         1         3        31         2         1         2         1         1      1395
         1      1082         1         3        32         6         2         6         1         1      1862
         1      1082         1         3        33         3         2         3         1         1      2729
         1      1082         1         3        34        10         2         0         1         1      3528
         1      1082         1         3        35         2         2         2         1         1      1286
         1      1082         1         3        36        10         1         8         0         1      9565
         1      1082         1         3        37         7         2         7         1         1      2363
         1      1082         1         3        38         7         1         0         0         1      4873
         1      1082         1         3        39         2         2         2         1         1      1202
         1      1082         1         3        40         6         1         6         1         1      1422
         1      1082         1         4         1        10         2         0         1         1      6658
         1      1082         1         4         2         7         1         7         1         1      3412
         1      1082         1         4         3        10         2         0         1         1      2936
         1      1082         1         4         4         6         1         6         1         1      2383
         1      1082         1         4         5        10         1         7         0         1     11786
         1      1082         1         4         6         5         2         5         1         1      1727
         1      1082         1         4         7         7         2         7         1         1      1526
         1      1082         1         4         8         4         2         2         0         1      2692
         1      1082         1         4         9         4         1         2         0         1      1301
         1      1082         1         4        10         6         2         6         1         1      1549
         1      1082         1         4        11         1         2         1         1         1      3179
         1      1082         1         4        12         8         2         8         1         1      5767
         1      1082         1         4        13         5         2         5         1         1      5132
         1      1082         1         4        14         7         2         7         1         1      4155
         1      1082         1         4        15         3         1         3         1         1      6194
         1      1082         1         4        16         2         2         2         1         1      5237
         1      1082         1         4        17         3         2         3         1         1      2912
         1      1082         1         4        18         8         1         8         1         1      5288
         1      1082         1         4        19         9         1         9         1         1      2560
         1      1082         1         4        20         2         1         2         1         1      6710
         1      1082         1         4        21         5         1         5         1         1      2118
         1      1082         1         4        22         6         1         6         1         1     11533
         1      1082         1         4        23         8         1         7         0         1      7675
         1      1082         1         4        24         1         1         1         1         1      1603
         1      1082         1         4        25         9         2         9         1         1      5983
         1      1082         1         4        26         9         2         9         1         1      4843
         1      1082         1         4        27         5         1         5         1         1      1670
         1      1082         1         4        28        10         1         7         0         1      4990
         1      1082         1         4        29         9         1         9         1         1      5233
         1      1082         1         4        30         1         2         1         1         1      6859
         1      1082         1         4        31         4         1         4         1         1      2166
         1      1082         1         4        32         6         2         6         1         1      1163
         1      1082         1         4        33         7         1         7         1         1      2873
         1      1082         1         4        34         4         2         4         1         1      3249
         1      1082         1         4        35         8         2         8         1         1      2667
         1      1082         1         4        36         3         1         3         1         1      2925
         1      1082         1         4        37         2         1         2         1         1      1541
         1      1082         1         4        38         3         2         3         1         1      1651
         1      1082         1         4        39         1         1         1         1         1      1405
         1      1082         1         4        40         2         2         2         1         1      1201
         1      1082         1         5         1         6         1         6         1         1      1219
         1      1082         1         5         2         6         1         6         1         1      1327
         1      1082         1         5         3         4         2         4         1         1      2181
         1      1082         1         5         4         9         1         9         1         1      1608
         1      1082         1         5         5         8         1         8         1         1      1971
         1      1082         1         5         6         7         2         7         1         1      2369
         1      1082         1         5         7         8         1         8         1         1      2446
         1      1082         1         5         8         1         2         0         0         1      4776
         1      1082         1         5         9         5         2         5         1         1      2469
         1      1082         1         5        10         4         1         4         1         1      2719
         1      1082         1         5        11         1         2         1         1         1      1983
         1      1082         1         5        12         3         2         3         1         1      2876
         1      1082         1         5        13         8         2         8         1         1      6629
         1      1082         1         5        14         7         1         7         1         1      2489
         1      1082         1         5        15         9         2         9         1         1      1505
         1      1082         1         5        16         2         1         2         1         1      1313
         1      1082         1         5        17         5         1         5         1         1      1176
         1      1082         1         5        18         6         2         6         1         1      1189
         1      1082         1         5        19        10         1         0         1         1      4416
         1      1082         1         5        20         6         2         6         1         1      1450
         1      1082         1         5        21         7         1         7         1         1      2013
         1      1082         1         5        22         3         2         3         1         1      1737
         1      1082         1         5        23         2         1         2         1         1      2096
         1      1082         1         5        24         5         2         5         1         1      2296
         1      1082         1         5        25         7         2         7         1         1      1959
         1      1082         1         5        26         2         2         2         1         1      1316
         1      1082         1         5        27        10         2         0         1         1      3868
         1      1082         1         5        28         5         1         5         1         1      1182
         1      1082         1         5        29         9         1         9         1         1      1097
         1      1082         1         5        30        10         1         0         1         1      6663
         1      1082         1         5        31         4         2         4         1         1      2807
         1      1082         1         5        32         1         1         1         1         1      1746
         1      1082         1         5        33         1         1         1         1         1      1048
         1      1082         1         5        34         3         1         3         1         1      2618
         1      1082         1         5        35         9         2         9         1         1      2205
         1      1082         1         5        36         3         1         3         1         1      1682
         1      1082         1         5        37        10         2         0         1         1      3116
         1      1082         1         5        38         2         2         2         1         1      4283
         1      1082         1         5        39         8         2         8         1         1      2427
         1      1082         1         5        40         4         1         4         1         1      7991
         1      1082         1         6         1         3         1         3         1         1      4550
         1      1082         1         6         2         1         2         1         1         1      1436
         1      1082         1         6         3         3         1         3         1         1      1199
         1      1082         1         6         4        10         1         0         1         1      3930
         1      1082         1         6         5         5         2         5         1         1      5640
         1      1082         1         6         6         5         1         5         1         1     10483
         1      1082         1         6         7         9         1         9         1         1      2859
         1      1082         1         6         8         1         1         1         1         1      1829
         1      1082         1         6         9         5         1         5         1         1      1351
         1      1082         1         6        10         7         1         7         1         1      1582
         1      1082         1         6        11         2         1         2         1         1      1209
         1      1082         1         6        12         1         2         1         1         1      1078
         1      1082         1         6        13         3         2         3         1         1      3318
         1      1082         1         6        14        10         1         0         1         1      3277
         1      1082         1         6        15         5         2         5         1         1      2774
         1      1082         1         6        16         3         2         3         1         1      1875
         1      1082         1         6        17         8         2         8         1         1      2212
         1      1082         1         6        18         4         1         4         1         1      2008
         1      1082         1         6        19         6         2         6         1         1      1540
         1      1082         1         6        20         1         1         1         1         1      1489
         1      1082         1         6        21         8         1         8         1         1      4369
         1      1082         1         6        22         8         2         8         1         1      4367
         1      1082         1         6        23         2         1         2         1         1      1116
         1      1082         1         6        24         9         2         9         1         1      2299
         1      1082         1         6        25         9         2         9         1         1       684
         1      1082         1         6        26         8         1         8         1         1      4571
         1      1082         1         6        27         7         1         7         1         1      1697
         1      1082         1         6        28         9         1         9         1         1      1272
         1      1082         1         6        29         4         2         4         1         1      5280
         1      1082         1         6        30         7         2         7         1         1      1337
         1      1082         1         6        31         7         2         7         1         1       848
         1      1082         1         6        32         2         2         2         1         1      1337
         1      1082         1         6        33         6         1         6         1         1      1200
         1      1082         1         6        34         2         2         2         1         1       780
         1      1082         1         6        35        10         2         0         1         1      2970
         1      1082         1         6        36         4         2         4         1         1      3454
         1      1082         1         6        37         4         1         4         1         1       960
         1      1082         1         6        38        10         2         0         1         1      1126
         1      1082         1         6        39         6         1         6         1         1      1717
         1      1082         1         6        40         6         2         6         1         1      1148
         1      1082         2         1         1         7         3         7         1         0      5188
         1      1082         2         1         2         8         3         8         1         0      3056
         1      1082         2         1         3         2         3         2         1         0      2241
         1      1082         2         1         4         9         2         9         1         0      1204
         1      1082         2         1         5        10         4         1         0         0     12319
         1      1082         2         1         6        10         2         0         1         0      1280
         1      1082         2         1         7         3         2         3         1         0      1352
         1      1082         2         1         8         1         1         1         1         1      3053
         1      1082         2         1         9         6         1         6         1         1      1343
         1      1082         2         1        10         9         3         9         1         0      1014
         1      1082         2         1        11         8         4         8         1         0      6248
         1      1082         2         1        12         3         3         4         0         0     14186
         1      1082         2         1        13         6         4         6         1         0      1230
         1      1082         2         1        14         1         2         1         1         0      1736
         1      1082         2         1        15         4         4         2         0         0      1631
         1      1082         2         1        16         4         3         4         1         0      1257
         1      1082         2         1        17         3         1         3         1         1      5507
         1      1082         2         1        18         7         2         7         1         0      1155
         1      1082         2         1        19         9         4         9         1         0      4050
         1      1082         2         1        20         2         2         2         1         0      1484
         1      1082         2         1        21         4         2         4         1         0      1548
         1      1082         2         1        22         5         2         5         1         0      1482
         1      1082         2         1        23         8         1         8         1         1      1659
         1      1082         2         1        24         4         1         4         1         1      1317
         1      1082         2         1        25         2         4         3         0         0      1244
         1      1082         2         1        26         5         1         5         1         1      2934
         1      1082         2         1        27         6         2         6         1         0      1163
         1      1082         2         1        28         5         4         5         1         0      7464
         1      1082         2         1        29         5         3         3         0         0      3433
         1      1082         2         1        30         7         4         7         1         0      4060
         1      1082         2         1        31         1         4         5         0         0      3446
         1      1082         2         1        32         2         1         2         1         1      1223
         1      1082         2         1        33         7         1         7         1         1      1171
         1      1082         2         1        34         3         4         3         1         0      5616
         1      1082         2         1        35         6         3         6         1         0      1564
         1      1082         2         1        36         8         2         8         1         0      3128
         1      1082         2         1        37         1         3         3         0         0      3623
         1      1082         2         1        38        10         3         0         1         0      5633
         1      1082         2         1        39        10         1         0         1         1      1355
         1      1082         2         1        40         9         1         9         1         1      1120
         1      1082         2         2         1         5         4         5         1         0     14927
         1      1082         2         2         2         1         4         2         0         0      4070
         1      1082         2         2         3         6         3         6         1         0      1215
         1      1082         2         2         4         8         4         8         1         0      1642
         1      1082         2         2         5        10         3         0         1         0      2564
         1      1082         2         2         6         5         3         3         0         0     11064
         1      1082         2         2         7         4         2         4         1         1      1176
         1      1082         2         2         8         2         3         2         1         0      1461
         1      1082         2         2         9         3         3         4         0         0      2791
         1      1082         2         2        10         5         2         5         1         1      1331
         1      1082         2         2        11         2         1         2         1         0      1066
         1      1082         2         2        12         4         4         2         0         0       572
         1      1082         2         2        13         9         2         9         1         1       992
         1      1082         2         2        14         2         2         2         1         1      4165
         1      1082         2         2        15         3         4         3         1         0      2138
         1      1082         2         2        16         1         3         3         0         0      1905
         1      1082         2         2        17         4         3         4         1         0      1393
         1      1082         2         2        18         7         3         7         1         0      1846
         1      1082         2         2        19         8         1         8         1         0      2359
         1      1082         2         2        20        10         2         0         1         1      1750
         1      1082         2         2        21         8         2         8         1         1      4652
         1      1082         2         2        22         6         1         6         1         0      1182
         1      1082         2         2        23         7         4         7         1         0      1707
         1      1082         2         2        24         3         1         3         1         0      3267
         1      1082         2         2        25         5         1         5         1         0      1309
         1      1082         2         2        26        10         4         1         0         0      2293
         1      1082         2         2        27         4         1         4         1         0      1158
         1      1082         2         2        28         1         1         1         1         0       755
         1      1082         2         2        29         6         2         6         1         1      1520
         1      1082         2         2        30         9         1         9         1         0      6302
         1      1082         2         2        31         2         4         2         1         0      5485
         1      1082         2         2        32         7         2         7         1         1      1422
         1      1082         2         2        33         7         1         7         1         0      1554
         1      1082         2         2        34         9         4         2         0         0      1120
         1      1082         2         2        35         9         3         9         1         0      1199
         1      1082         2         2        36        10         1         0         1         0      2283
         1      1082         2         2        37         6         4         6         1         0      1274
         1      1082         2         2        38         8         3         8         1         0      3043
         1      1082         2         2        39         3         2         3         1         1      1222
         1      1082         2         2        40         1         2         1         1         1      1888
         1      1082         2         3         1         3         3         5         0         0      2628
         1      1082         2         3         2         3         4         3         1         0      1703
         1      1082         2         3         3         6         1         6         1         1      1103
         1      1082         2         3         4        10         1         0         1         1      1294
         1      1082         2         3         5         2         4         2         1         0      2182
         1      1082         2         3         6         2         3         2         1         0      1065
         1      1082         2         3         7         6         3         2         0         0      2524
         1      1082         2         3         8         5         4         3         0         0      6658
         1      1082         2         3         9        10         4         1         0         0      1141
         1      1082         2         3        10         5         2         5         1         0      5091
         1      1082         2         3        11         4         3         4         1         0     10148
         1      1082         2         3        12         1         2         1         1         0      3770
         1      1082         2         3        13         6         2         6         1         0      2799
         1      1082         2         3        14         9         3         9         1         0      1403
         1      1082         2         3        15         8         1         8         1         1      1103
         1      1082         2         3        16         6         4         6         1         0      3357
         1      1082         2         3        17         2         1         2         1         1      3459
         1      1082         2         3        18         4         1         4         1         1      1221
         1      1082         2         3        19         1         3         3         0         0      1600
         1      1082         2         3        20         8         3         8         1         0      9227
         1      1082         2         3        21         4         4         2         0         0      2982
         1      1082         2         3        22         9         4         2         0         0      8826
         1      1082         2         3        23         1         4         3         0         0      2133
         1      1082         2         3        24        10         2         0         1         0     37324
         1      1082         2         3        25         8         4         8         1         0      1699
         1      1082         2         3        26         9         1         9         1         1      1290
         1      1082         2         3        27         5         3         3         0         0      1394
         1      1082         2         3        28         7         2         7         1         0      1990
         1      1082         2         3        29         3         1         3         1         1      4676
         1      1082         2         3        30         5         1         5         1         1      1029
         1      1082         2         3        31         4         2         4         1         0      1239
         1      1082         2         3        32         3         2         3         1         0      1122
         1      1082         2         3        33         1         1         1         1         1     14672
         1      1082         2         3        34        10         3         0         1         0     10880
         1      1082         2         3        35         7         1         7         1         1      3641
         1      1082         2         3        36         2         2         2         1         0       948
         1      1082         2         3        37         9         2         9         1         0      2154
         1      1082         2         3        38         8         2         8         1         0      3983
         1      1082         2         3        39         7         4         7         1         0      1259
         1      1082         2         3        40         7         3         7         1         0      1781
         1      1082         2         4         1         9         3         9         1         0      1917
         1      1082         2         4         2         9         4         2         0         0      1052
         1      1082         2         4         3         3         1         3         1         0      2526
         1      1082         2         4         4         4         4         2         0         0      2229
         1      1082         2         4         5        10         2         0         1         1      2345
         1      1082         2         4         6         2         4         2         1         0      1238
         1      1082         2         4         7         3         4         3         1         0      2209
         1      1082         2         4         8         5         1         5         1         0      1156
         1      1082         2         4         9         1         2         1         1         1       994
         1      1082         2         4        10         7         2         7         1         1      1046
         1      1082         2         4        11         8         2         8         1         1      1000
         1      1082         2         4        12         7         3         7         1         0       988
         1      1082         2         4        13         6         3         6         1         0      1185
         1      1082         2         4        14         3         3         4         0         0      2589
         1      1082         2         4        15         7         1         7         1         0      1059
         1      1082         2         4        16        10         1         0         1         0      1699
         1      1082         2         4        17         4         3         4         1         0      1547
         1      1082         2         4        18         1         4         0         0         0     10281
         1      1082         2         4        19         9         2         9         1         1      1082
         1      1082         2         4        20         9         1         9         1         0       889
         1      1082         2         4        21         5         4         1         0         0      3361
         1      1082         2         4        22         3         2         3         1         1      1462
         1      1082         2         4        23         8         1         8         1         0      1016
         1      1082         2         4        24         5         2         5         1         1      1499
         1      1082         2         4        25         6         2         6         1         1      1082
         1      1082         2         4        26        10         4         1         0         0      3179
         1      1082         2         4        27         6         4         6         1         0       965
         1      1082         2         4        28         2         2         2         1         1       874
         1      1082         2         4        29         4         1         4         1         0       868
         1      1082         2         4        30         5         3         5         1         0      2557
         1      1082         2         4        31         8         4         8         1         0      1426
         1      1082         2         4        32         8         3         8         1         0       950
         1      1082         2         4        33         4         2         4         1         1      1211
         1      1082         2         4        34        10         3         0         1         0      1253
         1      1082         2         4        35         2         3         2         1         0      2015
         1      1082         2         4        36         1         1         1         1         0      1418
         1      1082         2         4        37         2         1         2         1         0      3565
         1      1082         2         4        38         1         3         3         0         0     49672
         1      1082         2         4        39         7         4         7         1         0      1298
         1      1082         2         4        40         6         1         6         1         0       889
