Condition Subject Session Block Trial Subtype Token Response Correct Feedback RT 
         4      4051         1         1         1         6         1         6         1         1      8948
         4      4051         1         1         2         5         1         6         0         1     10585
         4      4051         1         1         3         5         2         8         0         1      8958
         4      4051         1         1         4        10         1         1         0         1      6866
         4      4051         1         1         5        10         1         0         1         1      3993
         4      4051         1         1         6         8         2         2         0         1      5973
         4      4051         1         1         7         2         2         9         0         1      5379
         4      4051         1         1         8         3         2         6         0         1      4247
         4      4051         1         1         9         3         1         2         0         1      4328
         4      4051         1         1        10        10         2         2         0         1      4520
         4      4051         1         1        11         8         1         8         1         1      6750
         4      4051         1         1        12         9         2         5         0         1      6811
         4      4051         1         1        13         9         1         9         1         1      5607
         4      4051         1         1        14         8         1         0         0         1      2706
         4      4051         1         1        15         4         1         5         0         1      3456
         4      4051         1         1        16         5         1         6         0         1      4755
         4      4051         1         1        17         7         1         4         0         1      2914
         4      4051         1         1        18         1         1         8         0         1      5529
         4      4051         1         1        19         3         2         6         0         1      4087
         4      4051         1         1        20         2         1         7         0         1      4193
         4      4051         1         1        21         1         1         5         0         1      3749
         4      4051         1         1        22         1         2         3         0         1      2620
         4      4051         1         1        23         4         2         8         0         1      3712
         4      4051         1         1        24         5         2         9         0         1      4215
         4      4051         1         1        25         7         2         3         0         1      5355
         4      4051         1         1        26         2         2         9         0         1      2625
         4      4051         1         1        27         4         1         4         1         1      2708
         4      4051         1         1        28         1         2         3         0         1      4676
         4      4051         1         1        29         8         2         1         0         1      4438
         4      4051         1         1        30         7         1         4         0         1      4465
         4      4051         1         1        31         9         1         6         0         1      3195
         4      4051         1         1        32         9         2         9         1         1      2391
         4      4051         1         1        33         3         1         6         0         1      2132
         4      4051         1         1        34         7         2         1         0         1      2154
         4      4051         1         1        35         6         2         8         0         1      4224
         4      4051         1         1        36         4         2         4         1         1      2979
         4      4051         1         1        37        10         2         1         0         1      5577
         4      4051         1         1        38         6         2         6         1         1      9302
         4      4051         1         1        39         6         1         6         1         1      1933
         4      4051         1         1        40         2         1         9         0         1      3788
         4      4051         1         2         1        10         2         0         1         1      4723
         4      4051         1         2         2         8         2         3         0         1      6867
         4      4051         1         2         3        10         1         0         1         1      4986
         4      4051         1         2         4         5         1         6         0         1      2447
         4      4051         1         2         5         9         1         9         1         1      5545
         4      4051         1         2         6         2         1         9         0         1      1976
         4      4051         1         2         7         4         1         1         0         1      3188
         4      4051         1         2         8         4         2         4         1         1      5200
         4      4051         1         2         9         2         2         9         0         1      2461
         4      4051         1         2        10         2         1         2         1         1      4678
         4      4051         1         2        11         6         1         6         1         1      1751
         4      4051         1         2        12         5         2         5         1         1      4188
         4      4051         1         2        13         7         1         1         0         1      7778
         4      4051         1         2        14         2         2         9         0         1      2263
         4      4051         1         2        15         3         2         5         0         1      3383
         4      4051         1         2        16        10         1         0         1         1      2666
         4      4051         1         2        17         5         1         5         1         1      5276
         4      4051         1         2        18         1         2         3         0         1      5094
         4      4051         1         2        19         8         1         1         0         1      1398
         4      4051         1         2        20         1         1         1         1         1      1946
         4      4051         1         2        21         3         1         5         0         1      2744
         4      4051         1         2        22         4         1         4         1         1      4390
         4      4051         1         2        23         6         2         6         1         1      3938
         4      4051         1         2        24         7         2         1         0         1      2306
         4      4051         1         2        25         8         1         7         0         1      4657
         4      4051         1         2        26         7         2         7         1         1      2867
         4      4051         1         2        27         8         2         1         0         1      5949
         4      4051         1         2        28         9         2         9         1         1      4154
         4      4051         1         2        29         6         1         6         1         1      2368
         4      4051         1         2        30         3         2         5         0         1      4077
         4      4051         1         2        31        10         2         0         1         1      2151
         4      4051         1         2        32         3         1         3         1         1      2525
         4      4051         1         2        33         5         2         5         1         1      6724
         4      4051         1         2        34         9         1         9         1         1      5620
         4      4051         1         2        35         1         1         1         1         1      3280
         4      4051         1         2        36         6         2         6         1         1      2424
         4      4051         1         2        37         7         1         8         0         1      5124
         4      4051         1         2        38         9         2         9         1         1      2659
         4      4051         1         2        39         4         2         4         1         1      2405
         4      4051         1         2        40         1         2         1         1         1      2642
         4      4051         1         3         1         3         2         3         1         1      8237
         4      4051         1         3         2         5         2         5         1         1      2223
         4      4051         1         3         3         1         1         1         1         1      4371
         4      4051         1         3         4         7         2         8         0         1      7313
         4      4051         1         3         5         3         2         3         1         1      2536
         4      4051         1         3         6         5         1         5         1         1      2079
         4      4051         1         3         7         6         1         6         1         1      1911
         4      4051         1         3         8         4         2         4         1         1      1894
         4      4051         1         3         9         9         2         9         1         1      2582
         4      4051         1         3        10         8         2         1         0         1      6123
         4      4051         1         3        11        10         2         0         1         1      1716
         4      4051         1         3        12         7         1         2         0         1      4860
         4      4051         1         3        13         6         1         6         1         1      1829
         4      4051         1         3        14         2         1         9         0         1      2424
         4      4051         1         3        15         9         2         9         1         1      2212
         4      4051         1         3        16         3         1         3         1         1      5031
         4      4051         1         3        17         3         1         3         1         1      3017
         4      4051         1         3        18         8         1         8         1         1      5533
         4      4051         1         3        19         9         1         9         1         1      3212
         4      4051         1         3        20        10         1         0         1         1      1734
         4      4051         1         3        21         6         2         6         1         1      2892
         4      4051         1         3        22         5         2         5         1         1      2180
         4      4051         1         3        23         4         1         4         1         1      2344
         4      4051         1         3        24         2         1         7         0         1      3047
         4      4051         1         3        25         7         2         8         0         1      3129
         4      4051         1         3        26        10         2         0         1         1      1705
         4      4051         1         3        27         1         1         1         1         1      2833
         4      4051         1         3        28         9         1         9         1         1      2604
         4      4051         1         3        29         8         1         8         1         1      4528
         4      4051         1         3        30         7         1         1         0         1      2647
         4      4051         1         3        31         4         2         4         1         1      4248
         4      4051         1         3        32         5         1         5         1         1      1995
         4      4051         1         3        33         8         2         1         0         1      1879
         4      4051         1         3        34        10         1         0         1         1      1575
         4      4051         1         3        35         4         1         4         1         1      1747
         4      4051         1         3        36         2         2         2         1         1      4248
         4      4051         1         3        37         1         2         1         1         1      4203
         4      4051         1         3        38         1         2         1         1         1      1919
         4      4051         1         3        39         6         2         6         1         1      2238
         4      4051         1         3        40         2         2         2         1         1      1825
         4      4051         1         4         1         1         1         1         1         1      3493
         4      4051         1         4         2         5         2         5         1         1      1686
         4      4051         1         4         3         6         1         6         1         1      1661
         4      4051         1         4         4         7         1         8         0         1      2247
         4      4051         1         4         5         7         2         8         0         1      2137
         4      4051         1         4         6         2         1         2         1         1      1936
         4      4051         1         4         7         4         1         4         1         1      1358
         4      4051         1         4         8         8         1         8         1         1      4132
         4      4051         1         4         9        10         1         0         1         1      1353
         4      4051         1         4        10         3         1         3         1         1      1711
         4      4051         1         4        11         1         1         1         1         1      1719
         4      4051         1         4        12         2         2         2         1         1      1582
         4      4051         1         4        13         8         1         8         1         1      1995
         4      4051         1         4        14         3         2         3         1         1      3398
         4      4051         1         4        15         9         1         9         1         1      3195
         4      4051         1         4        16        10         2         0         1         1      1496
         4      4051         1         4        17         4         1         4         1         1      1575
         4      4051         1         4        18         1         2         1         1         1      2773
         4      4051         1         4        19         4         2         4         1         1      1874
         4      4051         1         4        20         3         1         3         1         1      5043
         4      4051         1         4        21         6         2         6         1         1      2581
         4      4051         1         4        22         5         2         5         1         1      3146
         4      4051         1         4        23         5         1         5         1         1      2392
         4      4051         1         4        24         9         1         9         1         1      2629
         4      4051         1         4        25         9         2         9         1         1      2631
         4      4051         1         4        26         8         2         8         1         1      3434
         4      4051         1         4        27         2         1         2         1         1      1534
         4      4051         1         4        28         7         1         7         1         1      2877
         4      4051         1         4        29         2         2         2         1         1      1639
         4      4051         1         4        30         6         1         6         1         1      2305
         4      4051         1         4        31         8         2         8         1         1      8961
         4      4051         1         4        32        10         2         0         1         1      1671
         4      4051         1         4        33         7         2         7         1         1      5617
         4      4051         1         4        34         9         2         9         1         1      2380
         4      4051         1         4        35         1         2         1         1         1      1721
         4      4051         1         4        36         4         2         4         1         1      1568
         4      4051         1         4        37         6         2         6         1         1      2141
         4      4051         1         4        38        10         1         0         1         1      1379
         4      4051         1         4        39         3         2         3         1         1      4407
         4      4051         1         4        40         5         1         5         1         1      1635
         4      4051         1         5         1        10         2         0         1         1      2400
         4      4051         1         5         2         9         1         9         1         1      3404
         4      4051         1         5         3         8         2         7         0         1     11441
         4      4051         1         5         4         1         2         1         1         1      1540
         4      4051         1         5         5         2         1         2         1         1      1251
         4      4051         1         5         6         2         2         2         1         1      1246
         4      4051         1         5         7         6         1         6         1         1      1495
         4      4051         1         5         8         3         1         3         1         1      2486
         4      4051         1         5         9        10         1         0         1         1      1582
         4      4051         1         5        10         6         2         6         1         1      1898
         4      4051         1         5        11         7         1         7         1         1      2537
         4      4051         1         5        12         4         2         4         1         1      2112
         4      4051         1         5        13         9         2         9         1         1      2631
         4      4051         1         5        14         5         1         5         1         1      1979
         4      4051         1         5        15         7         2         7         1         1      3320
         4      4051         1         5        16         5         2         5         1         1      1694
         4      4051         1         5        17         8         2         8         1         1      4423
         4      4051         1         5        18         9         2         9         1         1      1890
         4      4051         1         5        19         7         1         8         0         1      3619
         4      4051         1         5        20         9         1         9         1         1      2287
         4      4051         1         5        21         2         2         2         1         1      1440
         4      4051         1         5        22         3         2         3         1         1      2082
         4      4051         1         5        23         6         2         6         1         1      6394
         4      4051         1         5        24         4         1         4         1         1      1590
         4      4051         1         5        25         3         1         3         1         1      1762
         4      4051         1         5        26         1         2         1         1         1      1288
         4      4051         1         5        27        10         2         0         1         1      1394
         4      4051         1         5        28        10         1         0         1         1      1317
         4      4051         1         5        29         7         2         7         1         1      2173
         4      4051         1         5        30         5         1         5         1         1      2403
         4      4051         1         5        31         2         1         2         1         1      1231
         4      4051         1         5        32         6         1         6         1         1      1577
         4      4051         1         5        33         4         1         4         1         1      3526
         4      4051         1         5        34         4         2         4         1         1      1957
         4      4051         1         5        35         8         1         7         0         1      7939
         4      4051         1         5        36         1         1         7         0         1     10976
         4      4051         1         5        37         5         2         5         1         1      2086
         4      4051         1         5        38         8         1         8         1         1      3902
         4      4051         1         5        39         3         2         3         1         1      1646
         4      4051         1         5        40         1         1         1         1         1      1496
         4      4051         1         6         1        10         1         0         1         1      2061
         4      4051         1         6         2         6         2         6         1         1      3142
         4      4051         1         6         3         6         1         6         1         1      1140
         4      4051         1         6         4         9         1         9         1         1      2227
         4      4051         1         6         5         7         2         7         1         1      2295
         4      4051         1         6         6         8         2         8         1         1      1703
         4      4051         1         6         7         8         1         8         1         1      2703
         4      4051         1         6         8         5         2         5         1         1      1535
         4      4051         1         6         9         2         2         2         1         1      1230
         4      4051         1         6        10         4         2         4         1         1      1352
         4      4051         1         6        11         8         2         8         1         1      2830
         4      4051         1         6        12         6         1         6         1         1      2136
         4      4051         1         6        13         7         1         7         1         1      3087
         4      4051         1         6        14         5         1         5         1         1      3200
         4      4051         1         6        15         3         1         3         1         1      2716
         4      4051         1         6        16         5         1         5         1         1      1772
         4      4051         1         6        17         3         2         3         1         1      1825
         4      4051         1         6        18        10         2         0         1         1      1573
         4      4051         1         6        19         3         2         3         1         1      1555
         4      4051         1         6        20         5         2         5         1         1      1488
         4      4051         1         6        21         9         2         9         1         1      1569
         4      4051         1         6        22         1         1         1         1         1      1711
         4      4051         1         6        23        10         1         0         1         1      1396
         4      4051         1         6        24         7         2         7         1         1      2440
         4      4051         1         6        25         2         2         2         1         1      1652
         4      4051         1         6        26         1         1         1         1         1      1294
         4      4051         1         6        27         9         1         9         1         1      1719
         4      4051         1         6        28         8         1         7         0         1      2253
         4      4051         1         6        29         3         1         3         1         1      4847
         4      4051         1         6        30         9         2         9         1         1      1577
         4      4051         1         6        31         4         1         4         1         1      1317
         4      4051         1         6        32         1         2         1         1         1      1452
         4      4051         1         6        33         7         1         8         0         1      4702
         4      4051         1         6        34        10         2         0         1         1      1520
         4      4051         1         6        35         2         1         2         1         1      2528
         4      4051         1         6        36         1         2         1         1         1      1223
         4      4051         1         6        37         2         1         2         1         1      1427
         4      4051         1         6        38         6         2         6         1         1      1446
         4      4051         1         6        39         4         1         4         1         1      2967
         4      4051         1         6        40         4         2         4         1         1      1229
         4      4051         2         1         1         9         1         9         1         1      5382
         4      4051         2         1         2         5         3         1         0         0      6699
         4      4051         2         1         3         6         2         6         1         0      1738
         4      4051         2         1         4         2         1         2         1         1      1233
         4      4051         2         1         5         3         3         3         1         0      1979
         4      4051         2         1         6         1         2         1         1         0      1191
         4      4051         2         1         7         8         4         8         1         0      4787
         4      4051         2         1         8         4         4         4         1         0      1935
         4      4051         2         1         9         3         2         3         1         0      1773
         4      4051         2         1        10        10         3         0         1         0      1937
         4      4051         2         1        11         4         3         4         1         0      1776
         4      4051         2         1        12         8         3         8         1         0      3109
         4      4051         2         1        13        10         4         8         0         0      3622
         4      4051         2         1        14         6         4         9         0         0      7346
         4      4051         2         1        15         9         2         9         1         0      1512
         4      4051         2         1        16         1         4         1         1         0      3751
         4      4051         2         1        17         4         1         4         1         1      1404
         4      4051         2         1        18         7         2         7         1         0      2769
         4      4051         2         1        19         7         1         7         1         1      2703
         4      4051         2         1        20         2         4         2         1         0      1503
         4      4051         2         1        21         9         4         9         1         0      3455
         4      4051         2         1        22         7         4         8         0         0      3249
         4      4051         2         1        23         5         1         5         1         1      2363
         4      4051         2         1        24         6         3         6         1         0      2312
         4      4051         2         1        25         6         1         6         1         1      1463
         4      4051         2         1        26         5         2         5         1         0      1672
         4      4051         2         1        27        10         2         0         1         0      1298
         4      4051         2         1        28         8         1         7         0         1      3482
         4      4051         2         1        29         5         4         5         1         0      2170
         4      4051         2         1        30         1         1         1         1         1      1696
         4      4051         2         1        31         4         2         4         1         0      1320
         4      4051         2         1        32        10         1         0         1         1      1326
         4      4051         2         1        33         2         2         2         1         0      1029
         4      4051         2         1        34         2         3         2         1         0      2968
         4      4051         2         1        35         9         3         9         1         0      1294
         4      4051         2         1        36         8         2         8         1         0      1799
         4      4051         2         1        37         7         3         7         1         0      1820
         4      4051         2         1        38         3         1         3         1         1      1951
         4      4051         2         1        39         1         3         1         1         0      1917
         4      4051         2         1        40         3         4         3         1         0      1563
         4      4051         2         2         1         9         1         9         1         0      1898
         4      4051         2         2         2        10         4         8         0         0     12731
         4      4051         2         2         3         9         2         9         1         1      1465
         4      4051         2         2         4         7         3         7         1         0      1723
         4      4051         2         2         5         4         2         4         1         1      4018
         4      4051         2         2         6         7         1         8         0         0      5438
         4      4051         2         2         7         3         2         3         1         1      2175
         4      4051         2         2         8         8         4         8         1         0      3572
         4      4051         2         2         9         9         4         9         1         0      2177
         4      4051         2         2        10         5         2         5         1         1      1511
         4      4051         2         2        11         8         2         8         1         1      3415
         4      4051         2         2        12         6         2         6         1         1      1482
         4      4051         2         2        13         4         1         4         1         0      1434
         4      4051         2         2        14         8         1         7         0         0      4156
         4      4051         2         2        15         1         1         1         1         0      1650
         4      4051         2         2        16         6         3         6         1         0      1388
         4      4051         2         2        17         1         4         1         1         0      6592
         4      4051         2         2        18         5         3         5         1         0      1525
         4      4051         2         2        19         9         3         9         1         0      1461
         4      4051         2         2        20        10         1         0         1         0      1173
         4      4051         2         2        21        10         3         0         1         0      1617
         4      4051         2         2        22         1         3         1         1         0      1516
         4      4051         2         2        23         7         4         7         1         0      2731
         4      4051         2         2        24        10         2         0         1         1      1115
         4      4051         2         2        25         4         4         4         1         0      1754
         4      4051         2         2        26         4         3         4         1         0      1408
         4      4051         2         2        27         7         2         7         1         1      1492
         4      4051         2         2        28         5         1         5         1         0      1269
         4      4051         2         2        29         2         1         2         1         0      5278
         4      4051         2         2        30         6         4         9         0         0      8183
         4      4051         2         2        31         2         2         2         1         1      1212
         4      4051         2         2        32         2         3         2         1         0      1464
         4      4051         2         2        33         3         1         3         1         0      3673
         4      4051         2         2        34         6         1         6         1         0      1298
         4      4051         2         2        35         8         3         8         1         0      5339
         4      4051         2         2        36         2         4         2         1         0      1298
         4      4051         2         2        37         3         3         3         1         0      2122
         4      4051         2         2        38         5         4         5         1         0      1809
         4      4051         2         2        39         1         2         1         1         1      1766
         4      4051         2         2        40         3         4         3         1         0      1626
         4      4051         2         3         1         8         4         8         1         0      2633
         4      4051         2         3         2         9         4         9         1         0      1739
         4      4051         2         3         3         9         3         9         1         0      1155
         4      4051         2         3         4         3         1         3         1         1      2400
         4      4051         2         3         5         8         1         8         1         1      5036
         4      4051         2         3         6         2         1         2         1         1      1119
         4      4051         2         3         7         4         1         4         1         1      1390
         4      4051         2         3         8         4         2         4         1         0      1554
         4      4051         2         3         9         5         3         5         1         0      2176
         4      4051         2         3        10         7         4         7         1         0      4773
         4      4051         2         3        11         1         4         1         1         0      2818
         4      4051         2         3        12         5         4         5         1         0      1420
         4      4051         2         3        13         1         3         1         1         0      1536
         4      4051         2         3        14         6         2         6         1         0      1630
         4      4051         2         3        15         3         4         3         1         0      1240
         4      4051         2         3        16        10         3         0         1         0      2017
         4      4051         2         3        17         4         4         4         1         0      1581
         4      4051         2         3        18         9         1         9         1         1      1609
         4      4051         2         3        19         9         2         0         0         0      1173
         4      4051         2         3        20        10         4         1         0         0      9796
         4      4051         2         3        21         7         1         7         1         1      3928
         4      4051         2         3        22         1         2         1         1         0      1047
         4      4051         2         3        23        10         1         0         1         1      1208
         4      4051         2         3        24         2         4         2         1         0      1044
         4      4051         2         3        25         1         1         1         1         1      1735
         4      4051         2         3        26         6         3         6         1         0      1534
         4      4051         2         3        27         3         2         3         1         0      1868
         4      4051         2         3        28         7         3         7         1         0      1837
         4      4051         2         3        29         8         3         8         1         0      3776
         4      4051         2         3        30         8         2         8         1         0      2022
         4      4051         2         3        31        10         2         0         1         0      1506
         4      4051         2         3        32         6         1         6         1         1      1425
         4      4051         2         3        33         6         4         6         1         0      3587
         4      4051         2         3        34         5         1         5         1         1      1601
         4      4051         2         3        35         3         3         3         1         0      1565
         4      4051         2         3        36         2         2         2         1         0      1018
         4      4051         2         3        37         5         2         5         1         0      1357
         4      4051         2         3        38         4         3         4         1         0      1539
         4      4051         2         3        39         7         2         7         1         0      2418
         4      4051         2         3        40         2         3         2         1         0      1550
         4      4051         2         4         1         7         4         7         1         0      4156
         4      4051         2         4         2         9         3         9         1         0      1459
         4      4051         2         4         3         6         2         6         1         1      1140
         4      4051         2         4         4         4         1         4         1         0      1394
         4      4051         2         4         5         8         1         8         1         0      4486
         4      4051         2         4         6        10         3         0         1         0      1630
         4      4051         2         4         7         3         3         3         1         0      1352
         4      4051         2         4         8        10         2         0         1         1      1151
         4      4051         2         4         9         1         4         1         1         0      2189
         4      4051         2         4        10         2         2         2         1         1      1217
         4      4051         2         4        11         2         4         2         1         0      1085
         4      4051         2         4        12         8         4         8         1         0      4285
         4      4051         2         4        13         7         1         7         1         0      3150
         4      4051         2         4        14         8         3         8         1         0      2748
         4      4051         2         4        15         3         2         3         1         1      1450
         4      4051         2         4        16        10         4         1         0         0      3037
         4      4051         2         4        17         8         2         8         1         1      1808
         4      4051         2         4        18         4         2         4         1         1      1556
         4      4051         2         4        19         2         1         2         1         0      1011
         4      4051         2         4        20         1         1         1         1         0      2631
         4      4051         2         4        21         1         2         1         1         1      1065
         4      4051         2         4        22         3         1         3         1         0      1563
         4      4051         2         4        23         2         3         2         1         0      1656
         4      4051         2         4        24         9         2         9         1         1      1266
         4      4051         2         4        25         6         1         6         1         0      1962
         4      4051         2         4        26         7         2         7         1         1      1592
         4      4051         2         4        27         3         4         3         1         0      2163
         4      4051         2         4        28         5         2         5         1         1      1192
         4      4051         2         4        29         9         4         9         1         0      2037
         4      4051         2         4        30         4         4         4         1         0      1615
         4      4051         2         4        31         5         3         5         1         0      4123
         4      4051         2         4        32         9         1         9         1         0      3139
         4      4051         2         4        33         5         1         5         1         0      2962
         4      4051         2         4        34         6         4         6         1         0      2679
         4      4051         2         4        35         7         3         7         1         0      1912
         4      4051         2         4        36         1         3         1         1         0      1687
         4      4051         2         4        37         6         3         6         1         0      1472
         4      4051         2         4        38         4         3         4         1         0      1553
         4      4051         2         4        39         5         4         5         1         0      1439
         4      4051         2         4        40        10         1         0         1         0      1200
