Condition Subject Session Block Trial Subtype Token Response Correct Feedback RT 
         2      2089         1         1         1         1         2         1         1         1      8492
         2      2089         1         1         2         1         1         2         0         1      3180
         2      2089         1         1         3         8         1         8         1         1      6729
         2      2089         1         1         4         7         1         0         0         1      4039
         2      2089         1         1         5         9         2         0         0         1      4643
         2      2089         1         1         6         5         2         6         0         1      5732
         2      2089         1         1         7         9         1         4         0         1      3419
         2      2089         1         1         8         3         2         6         0         1      7950
         2      2089         1         1         9         4         1         2         0         1      8523
         2      2089         1         1        10         1         1         1         1         1      2513
         2      2089         1         1        11         4         2         2         0         1      3816
         2      2089         1         1        12         2         1         9         0         1      6427
         2      2089         1         1        13         6         2         5         0         1      5958
         2      2089         1         1        14         7         2         7         1         1      8053
         2      2089         1         1        15         3         2         3         1         1      7903
         2      2089         1         1        16         6         2         3         0         1      2399
         2      2089         1         1        17         2         2         2         1         1      5321
         2      2089         1         1        18         8         2         5         0         1      4496
         2      2089         1         1        19         5         2         5         1         1      1495
         2      2089         1         1        20        10         1         0         1         1      1640
         2      2089         1         1        21         7         2         9         0         1      3971
         2      2089         1         1        22        10         2         0         1         1      1553
         2      2089         1         1        23         5         1         5         1         1      2734
         2      2089         1         1        24         7         1         1         0         1      4379
         2      2089         1         1        25         6         1         7         0         1      4840
         2      2089         1         1        26         8         1         8         1         1      8307
         2      2089         1         1        27         2         2         3         0         1      8338
         2      2089         1         1        28         4         2         3         0         1      7536
         2      2089         1         1        29         1         2         1         1         1      1406
         2      2089         1         1        30         9         2         2         0         1      3939
         2      2089         1         1        31         6         1         4         0         1      4577
         2      2089         1         1        32         5         1         5         1         1      1701
         2      2089         1         1        33         9         1         9         1         1      3581
         2      2089         1         1        34         3         1         6         0         1      2762
         2      2089         1         1        35         4         1         6         0         1      3607
         2      2089         1         1        36        10         2         0         1         1      1507
         2      2089         1         1        37         8         2         8         1         1      2612
         2      2089         1         1        38         2         1         2         1         1      2616
         2      2089         1         1        39         3         1         6         0         1      2396
         2      2089         1         1        40        10         1         0         1         1      1400
         2      2089         1         2         1         9         2         2         0         1      3425
         2      2089         1         2         2         8         1         8         1         1      4693
         2      2089         1         2         3         6         1         6         1         1      1846
         2      2089         1         2         4         2         2         2         1         1      2632
         2      2089         1         2         5         1         1         1         1         1      1754
         2      2089         1         2         6        10         1         0         1         1      1456
         2      2089         1         2         7         6         2         6         1         1      4179
         2      2089         1         2         8         3         1         4         0         1      3400
         2      2089         1         2         9         1         2         1         1         1      1242
         2      2089         1         2        10         3         2         7         0         1      3733
         2      2089         1         2        11         9         1         7         0         1      4988
         2      2089         1         2        12         9         1         9         1         1      2625
         2      2089         1         2        13         7         1         0         0         1      4709
         2      2089         1         2        14         9         2         2         0         1      1797
         2      2089         1         2        15         4         2         9         0         1      9641
         2      2089         1         2        16         4         2         4         1         1      2437
         2      2089         1         2        17         2         2         2         1         1      1727
         2      2089         1         2        18         5         1         5         1         1      1988
         2      2089         1         2        19         5         1         5         1         1      2352
         2      2089         1         2        20         4         1         4         1         1      4510
         2      2089         1         2        21        10         2         0         1         1      1591
         2      2089         1         2        22        10         1         0         1         1      1525
         2      2089         1         2        23         1         1         1         1         1      1507
         2      2089         1         2        24         7         2         7         1         1      3044
         2      2089         1         2        25         7         2         7         1         1      1574
         2      2089         1         2        26         8         1         8         1         1      2324
         2      2089         1         2        27         6         1         6         1         1      2131
         2      2089         1         2        28         3         1         3         1         1      3834
         2      2089         1         2        29         6         2         6         1         1      3934
         2      2089         1         2        30         2         1         2         1         1      1869
         2      2089         1         2        31         8         2         8         1         1      1886
         2      2089         1         2        32         5         2         8         0         1      3454
         2      2089         1         2        33         2         1         2         1         1      1488
         2      2089         1         2        34         8         2         8         1         1      2896
         2      2089         1         2        35         5         2         5         1         1      1944
         2      2089         1         2        36         3         2         3         1         1      2710
         2      2089         1         2        37        10         2         0         1         1      1543
         2      2089         1         2        38         1         2         1         1         1      1445
         2      2089         1         2        39         7         1         4         0         1     13319
         2      2089         1         2        40         4         1         4         1         1      3646
         2      2089         1         3         1         2         2         2         1         1      1957
         2      2089         1         3         2         6         2         6         1         1      1827
         2      2089         1         3         3        10         1         0         1         1      1191
         2      2089         1         3         4         1         2         1         1         1      1171
         2      2089         1         3         5         3         2         6         0         1      3440
         2      2089         1         3         6         1         1         1         1         1      1634
         2      2089         1         3         7         4         1         7         0         1      3277
         2      2089         1         3         8         8         1         8         1         1      2951
         2      2089         1         3         9         8         2         8         1         1      3004
         2      2089         1         3        10         9         2         7         0         1      2145
         2      2089         1         3        11         1         1         1         1         1      1222
         2      2089         1         3        12         9         1         1         0         1      2242
         2      2089         1         3        13         8         2         8         1         1      1444
         2      2089         1         3        14         7         1         7         1         1      2534
         2      2089         1         3        15         5         2         5         1         1      2077
         2      2089         1         3        16         9         1         9         1         1      2455
         2      2089         1         3        17         6         1         6         1         1      1744
         2      2089         1         3        18         1         2         1         1         1      1445
         2      2089         1         3        19         4         2         3         0         1      7543
         2      2089         1         3        20         6         1         6         1         1      1606
         2      2089         1         3        21         5         1         5         1         1      1888
         2      2089         1         3        22         5         2         5         1         1      1985
         2      2089         1         3        23         7         2         7         1         1      3342
         2      2089         1         3        24         7         1         3         0         1      7061
         2      2089         1         3        25        10         2         0         1         1      1479
         2      2089         1         3        26         2         2         2         1         1      1704
         2      2089         1         3        27         3         1         6         0         1      3408
         2      2089         1         3        28        10         2         0         1         1      1461
         2      2089         1         3        29         2         1         2         1         1      1559
         2      2089         1         3        30         2         1         2         1         1      1366
         2      2089         1         3        31         8         1         8         1         1      7483
         2      2089         1         3        32         5         1         5         1         1      1915
         2      2089         1         3        33         4         1         7         0         1      4746
         2      2089         1         3        34         6         2         6         1         1      1800
         2      2089         1         3        35         3         2         3         1         1     10171
         2      2089         1         3        36         9         2         9         1         1      2209
         2      2089         1         3        37         3         1         3         1         1      9478
         2      2089         1         3        38         7         2         7         1         1      4103
         2      2089         1         3        39         4         2         4         1         1      5631
         2      2089         1         3        40        10         1         0         1         1      1562
         2      2089         1         4         1         2         2         2         1         1      2129
         2      2089         1         4         2         9         2         9         1         1      2265
         2      2089         1         4         3         8         2         8         1         1      1897
         2      2089         1         4         4         8         2         8         1         1       905
         2      2089         1         4         5         6         2         6         1         1      3090
         2      2089         1         4         6         8         1         8         1         1      1954
         2      2089         1         4         7         1         1         1         1         1      1727
         2      2089         1         4         8         7         1         7         1         1      6534
         2      2089         1         4         9         7         2         7         1         1      2701
         2      2089         1         4        10        10         2         0         1         1      1469
         2      2089         1         4        11         4         1         4         1         1      4960
         2      2089         1         4        12         2         1         2         1         1      2118
         2      2089         1         4        13         9         1         9         1         1      3150
         2      2089         1         4        14         8         1         8         1         1      1484
         2      2089         1         4        15         5         1         5         1         1      1852
         2      2089         1         4        16        10         1         0         1         1      1294
         2      2089         1         4        17         2         1         2         1         1      1527
         2      2089         1         4        18         5         1         5         1         1      1445
         2      2089         1         4        19         4         1         4         1         1      2327
         2      2089         1         4        20         6         1         6         1         1      2710
         2      2089         1         4        21         3         1         3         1         1      3430
         2      2089         1         4        22         1         2         1         1         1      1288
         2      2089         1         4        23         7         1         7         1         1      3024
         2      2089         1         4        24         3         1         3         1         1      3940
         2      2089         1         4        25         4         2         4         1         1     11747
         2      2089         1         4        26        10         2         0         1         1      1482
         2      2089         1         4        27         9         2         9         1         1      3644
         2      2089         1         4        28         4         2         4         1         1      2534
         2      2089         1         4        29         6         1         6         1         1      1805
         2      2089         1         4        30         2         2         2         1         1      1761
         2      2089         1         4        31         5         2         5         1         1      1862
         2      2089         1         4        32         6         2         6         1         1      1528
         2      2089         1         4        33        10         1         0         1         1      1431
         2      2089         1         4        34         3         2         3         1         1      3418
         2      2089         1         4        35         5         2         5         1         1      1741
         2      2089         1         4        36         1         2         1         1         1      1987
         2      2089         1         4        37         9         1         9         1         1      3071
         2      2089         1         4        38         7         2         7         1         1      1904
         2      2089         1         4        39         3         2         3         1         1      1584
         2      2089         1         4        40         1         1         1         1         1      1900
         2      2089         1         5         1         5         2         5         1         1      1948
         2      2089         1         5         2         8         2         8         1         1      2089
         2      2089         1         5         3         4         1         4         1         1      4322
         2      2089         1         5         4         8         1         8         1         1      6306
         2      2089         1         5         5         7         1         7         1         1      3778
         2      2089         1         5         6         1         1         1         1         1      1478
         2      2089         1         5         7         8         2         8         1         1      1526
         2      2089         1         5         8         2         2         2         1         1      1716
         2      2089         1         5         9        10         2         0         1         1      1420
         2      2089         1         5        10         4         2         4         1         1      2127
         2      2089         1         5        11         6         1         6         1         1      1269
         2      2089         1         5        12         2         1         2         1         1      1646
         2      2089         1         5        13        10         1         0         1         1      1161
         2      2089         1         5        14        10         2         0         1         1      1335
         2      2089         1         5        15         9         2         9         1         1      2446
         2      2089         1         5        16         7         2         7         1         1      1721
         2      2089         1         5        17         8         1         8         1         1      1441
         2      2089         1         5        18         4         1         4         1         1      2739
         2      2089         1         5        19         9         2         9         1         1      1683
         2      2089         1         5        20         7         1         7         1         1      2475
         2      2089         1         5        21        10         1         0         1         1      1174
         2      2089         1         5        22         4         2         4         1         1      2627
         2      2089         1         5        23         3         1         3         1         1      2535
         2      2089         1         5        24         3         1         3         1         1      1645
         2      2089         1         5        25         5         1         5         1         1      1415
         2      2089         1         5        26         6         2         6         1         1      1883
         2      2089         1         5        27         5         2         5         1         1      1563
         2      2089         1         5        28         3         2         3         1         1      1849
         2      2089         1         5        29         2         1         2         1         1      2299
         2      2089         1         5        30         7         2         7         1         1      2524
         2      2089         1         5        31         1         1         1         1         1      1587
         2      2089         1         5        32         5         1         5         1         1      1630
         2      2089         1         5        33         3         2         3         1         1      1705
         2      2089         1         5        34         1         2         1         1         1       784
         2      2089         1         5        35         6         1         6         1         1      1403
         2      2089         1         5        36         6         2         6         1         1      1568
         2      2089         1         5        37         2         2         2         1         1      1293
         2      2089         1         5        38         1         2         1         1         1       837
         2      2089         1         5        39         9         1         9         1         1      1824
         2      2089         1         5        40         9         1         9         1         1      1300
         2      2089         1         6         1         1         2         1         1         1       746
         2      2089         1         6         2        10         2         0         1         1      1081
         2      2089         1         6         3         2         2         2         1         1       985
         2      2089         1         6         4         6         1         6         1         1      1485
         2      2089         1         6         5         6         1         6         1         1      1262
         2      2089         1         6         6         9         1         9         1         1      3144
         2      2089         1         6         7         4         1         4         1         1      1782
         2      2089         1         6         8         4         1         4         1         1      1914
         2      2089         1         6         9        10         2         0         1         1      1258
         2      2089         1         6        10         3         2         3         1         1      1748
         2      2089         1         6        11         8         1         8         1         1      1851
         2      2089         1         6        12         5         2         5         1         1      2012
         2      2089         1         6        13         7         1         7         1         1      2583
         2      2089         1         6        14         2         1         2         1         1      1468
         2      2089         1         6        15         7         1         7         1         1      1613
         2      2089         1         6        16         5         2         5         1         1      1416
         2      2089         1         6        17         3         2         3         1         1      1452
         2      2089         1         6        18         4         2         4         1         1      2110
         2      2089         1         6        19         8         1         8         1         1      2471
         2      2089         1         6        20         9         2         9         1         1      2833
         2      2089         1         6        21         2         1         2         1         1      1387
         2      2089         1         6        22         1         2         1         1         1       943
         2      2089         1         6        23         2         2         2         1         1      1206
         2      2089         1         6        24        10         1         0         1         1      1219
         2      2089         1         6        25         5         1         5         1         1      1213
         2      2089         1         6        26         6         2         6         1         1      2169
         2      2089         1         6        27         7         2         7         1         1      2207
         2      2089         1         6        28         3         1         3         1         1      1891
         2      2089         1         6        29         6         2         6         1         1      1811
         2      2089         1         6        30         7         2         7         1         1      1735
         2      2089         1         6        31        10         1         0         1         1      1536
         2      2089         1         6        32         1         1         1         1         1      2397
         2      2089         1         6        33         9         1         9         1         1      2298
         2      2089         1         6        34         1         1         1         1         1      1545
         2      2089         1         6        35         9         2         9         1         1      2088
         2      2089         1         6        36         5         1         5         1         1      1807
         2      2089         1         6        37         3         1         3         1         1      1843
         2      2089         1         6        38         8         2         8         1         1      1413
         2      2089         1         6        39         8         2         8         1         1      1383
         2      2089         1         6        40         4         2         4         1         1      1948
         2      2089         2         1         1         5         1         5         1         1      2138
         2      2089         2         1         2         9         2         9         1         0      2897
         2      2089         2         1         3         3         2         3         1         0      1593
         2      2089         2         1         4         1         1         1         1         1      1493
         2      2089         2         1         5         1         2         1         1         0       980
         2      2089         2         1         6        10         3         0         1         0      1242
         2      2089         2         1         7         2         1         2         1         1      1606
         2      2089         2         1         8         5         2         5         1         0      1922
         2      2089         2         1         9         2         3         2         1         0      1409
         2      2089         2         1        10         6         2         6         1         0      2149
         2      2089         2         1        11         6         4         6         1         0      6875
         2      2089         2         1        12         8         2         8         1         0      1395
         2      2089         2         1        13        10         2         0         1         0      1624
         2      2089         2         1        14         9         4         2         0         0      2435
         2      2089         2         1        15         5         4         8         0         0     10253
         2      2089         2         1        16         8         1         8         1         1      1652
         2      2089         2         1        17         1         4         1         1         0      2107
         2      2089         2         1        18         3         4         3         1         0      3843
         2      2089         2         1        19         4         3         4         1         0      4614
         2      2089         2         1        20         6         3         6         1         0     11642
         2      2089         2         1        21         7         4         7         1         0      6980
         2      2089         2         1        22         7         1         7         1         1      2138
         2      2089         2         1        23         3         3         3         1         0      8608
         2      2089         2         1        24         6         1         6         1         1      1461
         2      2089         2         1        25         9         1         9         1         1      8439
         2      2089         2         1        26         7         3         4         0         0      4114
         2      2089         2         1        27        10         1         0         1         1      1098
         2      2089         2         1        28         7         2         7         1         0      1787
         2      2089         2         1        29         8         3         8         1         0      2126
         2      2089         2         1        30         4         1         4         1         1      2614
         2      2089         2         1        31         3         1         3         1         1      1609
         2      2089         2         1        32         1         3         7         0         0      2838
         2      2089         2         1        33         2         4         2         1         0      1233
         2      2089         2         1        34         4         4         7         0         0     18009
         2      2089         2         1        35        10         4         0         1         0      1285
         2      2089         2         1        36         5         3         5         1         0      4174
         2      2089         2         1        37         4         2         4         1         0      1715
         2      2089         2         1        38         8         4         8         1         0     13642
         2      2089         2         1        39         2         2         2         1         0      1253
         2      2089         2         1        40         9         3         9         1         0      2400
         2      2089         2         2         1         8         3         8         1         0      4792
         2      2089         2         2         2         9         2         9         1         1      2005
         2      2089         2         2         3         6         1         6         1         0      1825
         2      2089         2         2         4         7         1         7         1         0      4405
         2      2089         2         2         5         3         2         3         1         1      1745
         2      2089         2         2         6         1         4         1         1         0      1415
         2      2089         2         2         7         7         2         7         1         1      1931
         2      2089         2         2         8         8         2         8         1         1      1545
         2      2089         2         2         9         8         1         8         1         0      1272
         2      2089         2         2        10         4         3         4         1         0      2690
         2      2089         2         2        11         2         1         2         1         0      1331
         2      2089         2         2        12        10         3         0         1         0      1226
         2      2089         2         2        13         7         4         9         0         0     11877
         2      2089         2         2        14         2         4         2         1         0      1286
         2      2089         2         2        15         4         4         9         0         0     12253
         2      2089         2         2        16         5         3         5         1         0      1646
         2      2089         2         2        17         3         4         3         1         0      2841
         2      2089         2         2        18         6         2         6         1         1      1636
         2      2089         2         2        19         3         3         3         1         0      9952
         2      2089         2         2        20        10         2         0         1         1      1215
         2      2089         2         2        21         9         3         9         1         0      4092
         2      2089         2         2        22         1         3         7         0         0      2533
         2      2089         2         2        23         5         2         5         1         1      1324
         2      2089         2         2        24         6         4         6         1         0      2963
         2      2089         2         2        25         5         1         5         1         0      1208
         2      2089         2         2        26         1         1         1         1         0      3267
         2      2089         2         2        27        10         4         0         1         0      1228
         2      2089         2         2        28        10         1         0         1         0      1192
         2      2089         2         2        29         9         1         3         0         0      6757
         2      2089         2         2        30         4         1         4         1         0      2098
         2      2089         2         2        31         2         2         2         1         1      1434
         2      2089         2         2        32         5         4         5         1         0      3533
         2      2089         2         2        33         2         3         2         1         0      1419
         2      2089         2         2        34         1         2         1         1         1       893
         2      2089         2         2        35         9         4         9         1         0      5813
         2      2089         2         2        36         6         3         6         1         0      2137
         2      2089         2         2        37         7         3         4         0         0      2848
         2      2089         2         2        38         3         1         3         1         0      1706
         2      2089         2         2        39         4         2         4         1         1      1746
         2      2089         2         2        40         8         4         8         1         0     10280
         2      2089         2         3         1         1         2         1         1         0       820
         2      2089         2         3         2         6         4         6         1         0      2368
         2      2089         2         3         3         2         3         2         1         0      1326
         2      2089         2         3         4         6         3         6         1         0      2662
         2      2089         2         3         5         3         3         3         1         0     11384
         2      2089         2         3         6         6         1         6         1         1      1437
         2      2089         2         3         7         7         2         7         1         0      1312
         2      2089         2         3         8         9         4         9         1         0      4503
         2      2089         2         3         9         4         3         4         1         0      3359
         2      2089         2         3        10         2         1         2         1         1      1318
         2      2089         2         3        11         4         4         7         0         0      8171
         2      2089         2         3        12         9         1         9         1         1      2497
         2      2089         2         3        13         2         2         2         1         0      1256
         2      2089         2         3        14         1         3         7         0         0      2771
         2      2089         2         3        15         1         4         1         1         0      3009
         2      2089         2         3        16         4         2         4         1         0      2133
         2      2089         2         3        17         8         3         8         1         0      2059
         2      2089         2         3        18         8         4         8         1         0      1493
         2      2089         2         3        19         4         1         4         1         1      2021
         2      2089         2         3        20         2         4         2         1         0      1200
         2      2089         2         3        21         7         1         7         1         1      1420
         2      2089         2         3        22         7         4         7         1         0     11375
         2      2089         2         3        23        10         4         0         1         0      1157
         2      2089         2         3        24         8         1         8         1         1      3299
         2      2089         2         3        25         5         4         5         1         0      3339
         2      2089         2         3        26         3         2         3         1         0      1377
         2      2089         2         3        27        10         2         0         1         0       967
         2      2089         2         3        28         8         2         8         1         0      1515
         2      2089         2         3        29        10         1         0         1         1      1852
         2      2089         2         3        30         5         1         5         1         1      1836
         2      2089         2         3        31         3         1         3         1         1      1855
         2      2089         2         3        32         1         1         9         0         1      3904
         2      2089         2         3        33         7         3         4         0         0      2000
         2      2089         2         3        34         5         3         5         1         0      1659
         2      2089         2         3        35         9         3         9         1         0      1910
         2      2089         2         3        36         9         2         9         1         0      1910
         2      2089         2         3        37         5         2         5         1         0      2150
         2      2089         2         3        38         3         4         3         1         0      1613
         2      2089         2         3        39         6         2         6         1         0      1592
         2      2089         2         3        40        10         3         0         1         0      1382
         2      2089         2         4         1         5         2         5         1         1      1704
         2      2089         2         4         2         1         2         1         1         1      1086
         2      2089         2         4         3         8         1         8         1         0      1504
         2      2089         2         4         4         4         3         4         1         0      2064
         2      2089         2         4         5        10         4         0         1         0      1144
         2      2089         2         4         6         6         3         6         1         0      1511
         2      2089         2         4         7         3         4         3         1         0      1542
         2      2089         2         4         8         9         3         9         1         0      1814
         2      2089         2         4         9         8         4         8         1         0      1849
         2      2089         2         4        10         2         3         2         1         0      1163
         2      2089         2         4        11         9         1         9         1         0      1433
         2      2089         2         4        12         1         3         9         0         0      3644
         2      2089         2         4        13         1         4         1         1         0      1158
         2      2089         2         4        14         4         1         4         1         0      1652
         2      2089         2         4        15         7         4         7         1         0      8638
         2      2089         2         4        16         5         1         5         1         0      1455
         2      2089         2         4        17         6         1         6         1         0      2113
         2      2089         2         4        18         8         3         8         1         0      1800
         2      2089         2         4        19         9         4         9         1         0      5435
         2      2089         2         4        20         3         1         3         1         0      1453
         2      2089         2         4        21         5         4         5         1         0      3439
         2      2089         2         4        22         8         2         8         1         1      1553
         2      2089         2         4        23         3         2         3         1         1      1199
         2      2089         2         4        24         2         1         2         1         0      1451
         2      2089         2         4        25         4         2         4         1         1      2285
         2      2089         2         4        26         7         1         7         1         0      1597
         2      2089         2         4        27         9         2         9         1         1      1754
         2      2089         2         4        28         6         4         6         1         0      1856
         2      2089         2         4        29        10         1         0         1         0      1363
         2      2089         2         4        30         4         4         7         0         0     17495
         2      2089         2         4        31        10         3         0         1         0      1288
         2      2089         2         4        32         7         2         7         1         1      1954
         2      2089         2         4        33         1         1         1         1         0      1759
         2      2089         2         4        34         3         3         7         0         0      6470
         2      2089         2         4        35         2         4         2         1         0      1200
         2      2089         2         4        36        10         2         0         1         1      1276
         2      2089         2         4        37         6         2         6         1         1      1398
         2      2089         2         4        38         7         3         4         0         0      1802
         2      2089         2         4        39         2         2         2         1         1      1614
         2      2089         2         4        40         5         3         5         1         0      1544
