Condition Subject Session Block Trial Subtype Token Response Correct Feedback RT 
         4      4021         1         1         1         3         1         3         1         1     15056
         4      4021         1         1         2         2         1         5         0         1     16162
         4      4021         1         1         3         3         2         3         1         1      2135
         4      4021         1         1         4         3         1         3         1         1      1965
         4      4021         1         1         5         5         1         3         0         1      7082
         4      4021         1         1         6         1         1         1         1         1      4123
         4      4021         1         1         7         6         2         6         1         1      3184
         4      4021         1         1         8         6         2         6         1         1      2252
         4      4021         1         1         9         5         2         3         0         1      4541
         4      4021         1         1        10         4         1         4         1         1      3538
         4      4021         1         1        11         2         2         2         1         1      2801
         4      4021         1         1        12         1         1         1         1         1      1469
         4      4021         1         1        13        10         1         0         1         1      4891
         4      4021         1         1        14         9         2         9         1         1      6817
         4      4021         1         1        15         9         1         9         1         1      1820
         4      4021         1         1        16         5         1         5         1         1      3055
         4      4021         1         1        17        10         2         0         1         1      2560
         4      4021         1         1        18         1         2         5         0         1      4438
         4      4021         1         1        19         8         2         1         0         1      4384
         4      4021         1         1        20         8         1         0         0         1      3196
         4      4021         1         1        21         4         1         4         1         1      2294
         4      4021         1         1        22         3         2         3         1         1      1813
         4      4021         1         1        23         5         2         5         1         1      2071
         4      4021         1         1        24         2         1         2         1         1      1663
         4      4021         1         1        25         2         2         2         1         1      1289
         4      4021         1         1        26         8         1         8         1         1      5105
         4      4021         1         1        27         7         2         7         1         1      4431
         4      4021         1         1        28         8         2         8         1         1      1738
         4      4021         1         1        29         7         1         7         1         1      2896
         4      4021         1         1        30         6         1         6         1         1      1958
         4      4021         1         1        31         9         1         9         1         1      2419
         4      4021         1         1        32         7         2         7         1         1      7150
         4      4021         1         1        33         9         2         9         1         1      1644
         4      4021         1         1        34         6         1         6         1         1      1796
         4      4021         1         1        35         4         2         4         1         1      1767
         4      4021         1         1        36        10         2         0         1         1      1580
         4      4021         1         1        37         4         2         4         1         1      2009
         4      4021         1         1        38         7         1         7         1         1      1733
         4      4021         1         1        39        10         1         0         1         1      3034
         4      4021         1         1        40         1         2         1         1         1      3948
         4      4021         1         2         1        10         1         0         1         1      1546
         4      4021         1         2         2         8         2         8         1         1      1896
         4      4021         1         2         3         2         2         2         1         1      1608
         4      4021         1         2         4         5         1         5         1         1      2820
         4      4021         1         2         5         9         1         9         1         1      1584
         4      4021         1         2         6         6         1         6         1         1      1563
         4      4021         1         2         7         3         1         3         1         1      2648
         4      4021         1         2         8         2         2         2         1         1      1386
         4      4021         1         2         9         9         2         9         1         1      1326
         4      4021         1         2        10         5         1         5         1         1      1813
         4      4021         1         2        11         6         1         6         1         1      1495
         4      4021         1         2        12         6         2         6         1         1      1894
         4      4021         1         2        13         8         2         8         1         1      1543
         4      4021         1         2        14         6         2         6         1         1      1733
         4      4021         1         2        15         1         2         1         1         1      1756
         4      4021         1         2        16         7         1         7         1         1      1649
         4      4021         1         2        17         1         1         1         1         1      1435
         4      4021         1         2        18         8         1         8         1         1      4061
         4      4021         1         2        19         7         2         7         1         1      1446
         4      4021         1         2        20         4         1         4         1         1      1702
         4      4021         1         2        21        10         2         0         1         1      1631
         4      4021         1         2        22         4         2         4         1         1      1465
         4      4021         1         2        23         3         1         3         1         1      1593
         4      4021         1         2        24         3         2         3         1         1      1109
         4      4021         1         2        25         5         2         5         1         1      3508
         4      4021         1         2        26         8         1         8         1         1      2083
         4      4021         1         2        27         1         2         1         1         1      1595
         4      4021         1         2        28        10         1         0         1         1      1317
         4      4021         1         2        29         7         1         7         1         1      1725
         4      4021         1         2        30         2         1         2         1         1      1876
         4      4021         1         2        31         9         2         9         1         1      2261
         4      4021         1         2        32        10         2         0         1         1      1367
         4      4021         1         2        33         4         1         4         1         1      1579
         4      4021         1         2        34         9         1         9         1         1      1767
         4      4021         1         2        35         5         2         5         1         1      2668
         4      4021         1         2        36         3         2         3         1         1      1436
         4      4021         1         2        37         4         2         4         1         1      1534
         4      4021         1         2        38         1         1         1         1         1      1740
         4      4021         1         2        39         2         1         2         1         1      1443
         4      4021         1         2        40         7         2         7         1         1      1797
         4      4021         1         3         1         4         1         4         1         1      1987
         4      4021         1         3         2         2         2         2         1         1      1680
         4      4021         1         3         3         8         2         8         1         1      1481
         4      4021         1         3         4         2         1         2         1         1      1401
         4      4021         1         3         5         7         2         7         1         1      1517
         4      4021         1         3         6         7         1         7         1         1      1436
         4      4021         1         3         7         8         1         8         1         1      1774
         4      4021         1         3         8         1         2         1         1         1      1299
         4      4021         1         3         9        10         1         0         1         1      1208
         4      4021         1         3        10         2         2         2         1         1      1348
         4      4021         1         3        11         6         1         6         1         1      1272
         4      4021         1         3        12         9         1         9         1         1      1009
         4      4021         1         3        13         2         1         2         1         1      1540
         4      4021         1         3        14         3         2         3         1         1      1186
         4      4021         1         3        15         8         2         8         1         1      1807
         4      4021         1         3        16         3         2         3         1         1      1458
         4      4021         1         3        17         9         1         9         1         1      1604
         4      4021         1         3        18         6         2         6         1         1      1888
         4      4021         1         3        19         5         1         5         1         1      1681
         4      4021         1         3        20         5         2         5         1         1      1401
         4      4021         1         3        21         3         1         3         1         1      2124
         4      4021         1         3        22         3         1         3         1         1      2755
         4      4021         1         3        23         6         2         6         1         1      1408
         4      4021         1         3        24         4         1         4         1         1      1555
         4      4021         1         3        25         9         2         9         1         1      1535
         4      4021         1         3        26         1         1         1         1         1      1774
         4      4021         1         3        27        10         2         0         1         1      1588
         4      4021         1         3        28         7         1         7         1         1      1793
         4      4021         1         3        29         9         2         9         1         1      1364
         4      4021         1         3        30         4         2         4         1         1      1129
         4      4021         1         3        31         7         2         7         1         1      1175
         4      4021         1         3        32         1         2         1         1         1      1188
         4      4021         1         3        33         5         2         5         1         1      1455
         4      4021         1         3        34         8         1         8         1         1      1425
         4      4021         1         3        35         6         1         6         1         1      1171
         4      4021         1         3        36         5         1         5         1         1      1216
         4      4021         1         3        37        10         2         0         1         1      1084
         4      4021         1         3        38         1         1         1         1         1      1147
         4      4021         1         3        39        10         1         0         1         1      1144
         4      4021         1         3        40         4         2         4         1         1      1270
         4      4021         1         4         1         7         1         7         1         1      2199
         4      4021         1         4         2         1         2         1         1         1      1243
         4      4021         1         4         3         3         1         3         1         1      1349
         4      4021         1         4         4         5         2         5         1         1      2506
         4      4021         1         4         5        10         1         0         1         1      1232
         4      4021         1         4         6        10         1         0         1         1      1432
         4      4021         1         4         7         9         2         9         1         1      1098
         4      4021         1         4         8         4         1         4         1         1      1528
         4      4021         1         4         9         6         1         6         1         1      1157
         4      4021         1         4        10         2         2         3         0         1      1091
         4      4021         1         4        11         2         1         2         1         1      3028
         4      4021         1         4        12         4         1         4         1         1      1236
         4      4021         1         4        13         7         2         7         1         1      1167
         4      4021         1         4        14         8         1         8         1         1      1180
         4      4021         1         4        15         2         2         2         1         1      1192
         4      4021         1         4        16         7         1         7         1         1      1669
         4      4021         1         4        17         9         1         9         1         1      1102
         4      4021         1         4        18         1         1         1         1         1      1486
         4      4021         1         4        19         4         2         4         1         1      1086
         4      4021         1         4        20         5         1         5         1         1      1038
         4      4021         1         4        21         8         2         8         1         1      1153
         4      4021         1         4        22         3         2         3         1         1      1182
         4      4021         1         4        23         4         2         4         1         1      1209
         4      4021         1         4        24         8         1         8         1         1      1941
         4      4021         1         4        25        10         2         0         1         1      2035
         4      4021         1         4        26         6         2         6         1         1      1245
         4      4021         1         4        27         5         1         5         1         1      1175
         4      4021         1         4        28         2         1         2         1         1      2021
         4      4021         1         4        29         1         1         1         1         1      1183
         4      4021         1         4        30        10         2         0         1         1      1117
         4      4021         1         4        31         9         1         9         1         1      1515
         4      4021         1         4        32         3         2         3         1         1      1257
         4      4021         1         4        33         7         2         7         1         1      1075
         4      4021         1         4        34         1         2         1         1         1      1140
         4      4021         1         4        35         9         2         9         1         1      1361
         4      4021         1         4        36         5         2         5         1         1      1222
         4      4021         1         4        37         6         1         6         1         1      1120
         4      4021         1         4        38         8         2         8         1         1      3631
         4      4021         1         4        39         3         1         3         1         1      1609
         4      4021         1         4        40         6         2         6         1         1      1092
         4      4021         1         5         1         4         2         4         1         1      1131
         4      4021         1         5         2        10         2         0         1         1      1034
         4      4021         1         5         3         1         2         1         1         1      1196
         4      4021         1         5         4         8         1         8         1         1      1063
         4      4021         1         5         5         9         1         9         1         1      1112
         4      4021         1         5         6         6         1         6         1         1       822
         4      4021         1         5         7         5         2         5         1         1       992
         4      4021         1         5         8         4         1         4         1         1       884
         4      4021         1         5         9         2         1         2         1         1      1068
         4      4021         1         5        10         2         1         2         1         1      1054
         4      4021         1         5        11         3         2         3         1         1       975
         4      4021         1         5        12         7         1         7         1         1      1028
         4      4021         1         5        13         6         1         6         1         1       901
         4      4021         1         5        14         9         1         9         1         1       989
         4      4021         1         5        15         8         1         8         1         1      1233
         4      4021         1         5        16         3         2         3         1         1      1050
         4      4021         1         5        17         9         2         9         1         1      1035
         4      4021         1         5        18         1         1         1         1         1      1101
         4      4021         1         5        19         2         2         2         1         1       940
         4      4021         1         5        20         4         2         4         1         1       883
         4      4021         1         5        21         1         1         1         1         1       890
         4      4021         1         5        22         3         1         3         1         1      1588
         4      4021         1         5        23         8         2         8         1         1      1168
         4      4021         1         5        24         9         2         9         1         1       972
         4      4021         1         5        25         7         1         7         1         1       914
         4      4021         1         5        26         7         2         7         1         1       905
         4      4021         1         5        27         1         2         1         1         1      1121
         4      4021         1         5        28         6         2         6         1         1       960
         4      4021         1         5        29         5         1         5         1         1      1094
         4      4021         1         5        30        10         1         0         1         1      1044
         4      4021         1         5        31         5         2         5         1         1       997
         4      4021         1         5        32         8         2         8         1         1      1194
         4      4021         1         5        33         5         1         5         1         1       982
         4      4021         1         5        34        10         1         0         1         1      1001
         4      4021         1         5        35         6         2         6         1         1       940
         4      4021         1         5        36         4         1         4         1         1      1153
         4      4021         1         5        37         3         1         3         1         1      1759
         4      4021         1         5        38         2         2         2         1         1      1028
         4      4021         1         5        39         7         2         7         1         1       934
         4      4021         1         5        40        10         2         0         1         1      1149
         4      4021         1         6         1         4         2         4         1         1      1164
         4      4021         1         6         2         9         2         9         1         1      1001
         4      4021         1         6         3         8         2         8         1         1      1005
         4      4021         1         6         4         7         2         7         1         1       865
         4      4021         1         6         5         3         2         3         1         1      1034
         4      4021         1         6         6         2         2         2         1         1       989
         4      4021         1         6         7         5         1         5         1         1      1937
         4      4021         1         6         8         2         2         2         1         1       928
         4      4021         1         6         9         5         2         5         1         1       998
         4      4021         1         6        10         8         1         8         1         1      1129
         4      4021         1         6        11         4         1         4         1         1      1366
         4      4021         1         6        12         1         1         1         1         1      1130
         4      4021         1         6        13         2         1         2         1         1       985
         4      4021         1         6        14         4         1         4         1         1      1085
         4      4021         1         6        15        10         2         0         1         1      1054
         4      4021         1         6        16        10         2         0         1         1       945
         4      4021         1         6        17         5         1         5         1         1      1222
         4      4021         1         6        18         6         1         6         1         1      1104
         4      4021         1         6        19         8         2         8         1         1      1185
         4      4021         1         6        20         3         2         3         1         1       940
         4      4021         1         6        21         4         2         4         1         1       962
         4      4021         1         6        22         3         1         3         1         1      1799
         4      4021         1         6        23         2         1         2         1         1      1115
         4      4021         1         6        24         1         1         1         1         1      1018
         4      4021         1         6        25         3         1         3         1         1       988
         4      4021         1         6        26         7         2         7         1         1      1169
         4      4021         1         6        27         6         2         6         1         1       942
         4      4021         1         6        28         6         1         6         1         1       980
         4      4021         1         6        29        10         1         0         1         1       982
         4      4021         1         6        30         9         1         9         1         1       938
         4      4021         1         6        31        10         1         0         1         1      1023
         4      4021         1         6        32         1         2         1         1         1      1074
         4      4021         1         6        33         5         2         5         1         1      2147
         4      4021         1         6        34         8         1         8         1         1      1992
         4      4021         1         6        35         9         1         9         1         1      1445
         4      4021         1         6        36         1         2         1         1         1      1078
         4      4021         1         6        37         6         2         6         1         1      1079
         4      4021         1         6        38         7         1         7         1         1      1031
         4      4021         1         6        39         7         1         7         1         1      1978
         4      4021         1         6        40         9         2         9         1         1      2086
         4      4021         2         1         1         7         1         7         1         1      1697
         4      4021         2         1         2         7         4         4         0         0      4136
         4      4021         2         1         3        10         4         0         1         0      4461
         4      4021         2         1         4         6         4         7         0         0      2037
         4      4021         2         1         5         7         2         7         1         0      1152
         4      4021         2         1         6        10         1         0         1         1      1132
         4      4021         2         1         7         3         4         3         1         0       968
         4      4021         2         1         8         2         2         2         1         0      1278
         4      4021         2         1         9         5         2         5         1         0      1365
         4      4021         2         1        10         7         3         8         0         0      5305
         4      4021         2         1        11         4         4         4         1         0      3808
         4      4021         2         1        12         3         2         3         1         0      1124
         4      4021         2         1        13        10         2         0         1         0      1076
         4      4021         2         1        14         1         2         1         1         0      1301
         4      4021         2         1        15         8         4         8         1         0      3371
         4      4021         2         1        16         9         3         9         1         0      1456
         4      4021         2         1        17         2         1         2         1         1      1170
         4      4021         2         1        18         6         3         6         1         0      2317
         4      4021         2         1        19         8         2         8         1         0      1660
         4      4021         2         1        20         5         1         5         1         1      1238
         4      4021         2         1        21         3         3         3         1         0      1200
         4      4021         2         1        22         8         3         7         0         0      1916
         4      4021         2         1        23         2         4         2         1         0      1084
         4      4021         2         1        24         9         4         9         1         0      1068
         4      4021         2         1        25         8         1         8         1         1      1436
         4      4021         2         1        26         6         2         6         1         0      1214
         4      4021         2         1        27         4         1         4         1         1      1912
         4      4021         2         1        28         9         1         9         1         1      1288
         4      4021         2         1        29         1         3         1         1         0      1712
         4      4021         2         1        30         5         4         5         1         0      3125
         4      4021         2         1        31         2         3         2         1         0      1684
         4      4021         2         1        32         6         1         6         1         1      1003
         4      4021         2         1        33         3         1         3         1         1      1631
         4      4021         2         1        34         4         3         4         1         0      8073
         4      4021         2         1        35         5         3         5         1         0      1472
         4      4021         2         1        36         4         2         4         1         0      1393
         4      4021         2         1        37         1         1         1         1         1      1317
         4      4021         2         1        38        10         3         8         0         0      6569
         4      4021         2         1        39         9         2         9         1         0      1149
         4      4021         2         1        40         1         4         1         1         0      4363
         4      4021         2         2         1         9         2         9         1         1      1083
         4      4021         2         2         2         5         4         5         1         0      1211
         4      4021         2         2         3        10         3         8         0         0      2933
         4      4021         2         2         4         4         3         4         1         0      1611
         4      4021         2         2         5         3         3         3         1         0      1125
         4      4021         2         2         6         2         4         2         1         0       901
         4      4021         2         2         7         5         1         5         1         0      1117
         4      4021         2         2         8         3         2         3         1         1      1211
         4      4021         2         2         9         2         1         2         1         0       934
         4      4021         2         2        10         6         4         6         1         0      1244
         4      4021         2         2        11         2         2         2         1         1      1174
         4      4021         2         2        12         1         4         1         1         0      1378
         4      4021         2         2        13         6         1         6         1         0       998
         4      4021         2         2        14         2         3         2         1         0      1259
         4      4021         2         2        15         9         3         9         1         0       996
         4      4021         2         2        16         4         1         4         1         0      1159
         4      4021         2         2        17         1         3         1         1         0      2261
         4      4021         2         2        18         3         1         3         1         0      4102
         4      4021         2         2        19         9         4         9         1         0       942
         4      4021         2         2        20         7         2         7         1         1       980
         4      4021         2         2        21         6         2         6         1         1      1192
         4      4021         2         2        22         7         1         7         1         0      2405
         4      4021         2         2        23         5         2         5         1         1      1104
         4      4021         2         2        24         3         4         3         1         0      1087
         4      4021         2         2        25         1         1         1         1         0      1023
         4      4021         2         2        26         5         3         5         1         0      1858
         4      4021         2         2        27         9         1         9         1         0      1012
         4      4021         2         2        28         8         3         7         0         0      1464
         4      4021         2         2        29         8         2         8         1         1      1273
         4      4021         2         2        30        10         1         0         1         0      1024
         4      4021         2         2        31         8         1         8         1         0      1298
         4      4021         2         2        32         4         2         4         1         1      1449
         4      4021         2         2        33         1         2         1         1         1      1035
         4      4021         2         2        34        10         2         0         1         1      1294
         4      4021         2         2        35        10         4         0         1         0      6743
         4      4021         2         2        36         6         3         6         1         0      1957
         4      4021         2         2        37         7         4         8         0         0      5298
         4      4021         2         2        38         4         4         4         1         0      1594
         4      4021         2         2        39         7         3         7         1         0      1894
         4      4021         2         2        40         8         4         8         1         0      1653
         4      4021         2         3         1         5         1         5         1         1      1261
         4      4021         2         3         2         2         3         2         1         0       919
         4      4021         2         3         3        10         1         0         1         1      1195
         4      4021         2         3         4         3         1         3         1         1      1223
         4      4021         2         3         5         4         1         4         1         1      1329
         4      4021         2         3         6         6         3         6         1         0      1367
         4      4021         2         3         7         3         4         3         1         0      1274
         4      4021         2         3         8         3         2         3         1         0       897
         4      4021         2         3         9         8         2         8         1         0      1129
         4      4021         2         3        10         7         1         7         1         1      1112
         4      4021         2         3        11         9         4         9         1         0      1126
         4      4021         2         3        12         5         4         5         1         0      1861
         4      4021         2         3        13         2         2         2         1         0      1014
         4      4021         2         3        14        10         4         0         1         0      1178
         4      4021         2         3        15         1         2         1         1         0      1238
         4      4021         2         3        16         5         2         5         1         0      1200
         4      4021         2         3        17         4         4         4         1         0      1948
         4      4021         2         3        18         7         3         7         1         0      1546
         4      4021         2         3        19         9         2         9         1         0       918
         4      4021         2         3        20         9         3         9         1         0      1054
         4      4021         2         3        21         6         4         7         0         0      2063
         4      4021         2         3        22         1         1         1         1         1      1528
         4      4021         2         3        23         3         3         3         1         0      1398
         4      4021         2         3        24         6         1         6         1         1      1384
         4      4021         2         3        25         2         1         2         1         1      1068
         4      4021         2         3        26         5         3         5         1         0      1164
         4      4021         2         3        27         8         1         8         1         1      1225
         4      4021         2         3        28        10         3         0         1         0      1074
         4      4021         2         3        29         6         2         6         1         0      1299
         4      4021         2         3        30         8         4         8         1         0      1082
         4      4021         2         3        31         9         1         9         1         1      1291
         4      4021         2         3        32         7         2         7         1         0      1171
         4      4021         2         3        33         8         3         7         0         0      1809
         4      4021         2         3        34         1         4         1         1         0      2899
         4      4021         2         3        35         4         2         4         1         0      1211
         4      4021         2         3        36        10         2         0         1         0      1142
         4      4021         2         3        37         7         4         7         1         0      2196
         4      4021         2         3        38         2         4         2         1         0      1064
         4      4021         2         3        39         4         3         4         1         0      1209
         4      4021         2         3        40         1         3         1         1         0      1476
         4      4021         2         4         1         3         3         3         1         0      1145
         4      4021         2         4         2         9         4         9         1         0      1287
         4      4021         2         4         3         5         2         5         1         1      1119
         4      4021         2         4         4         1         4         1         1         0      1181
         4      4021         2         4         5         5         1         5         1         0      1097
         4      4021         2         4         6         2         2         2         1         1      1048
         4      4021         2         4         7         2         3         2         1         0       794
         4      4021         2         4         8         4         3         4         1         0      1173
         4      4021         2         4         9         8         1         8         1         0      1010
         4      4021         2         4        10         7         4         7         1         0      1573
         4      4021         2         4        11         3         1         3         1         0      2210
         4      4021         2         4        12         9         3         9         1         0       950
         4      4021         2         4        13         6         1         6         1         0      1066
         4      4021         2         4        14         6         2         6         1         1      1034
         4      4021         2         4        15         7         1         7         1         0       973
         4      4021         2         4        16         1         2         1         1         1      1154
         4      4021         2         4        17         1         1         1         1         0      1488
         4      4021         2         4        18         1         3         1         1         0       848
         4      4021         2         4        19        10         2         0         1         1      1163
         4      4021         2         4        20         2         4         2         1         0      1256
         4      4021         2         4        21         9         2         9         1         1       913
         4      4021         2         4        22        10         3         7         0         0      2903
         4      4021         2         4        23         2         1         2         1         0       991
         4      4021         2         4        24         3         4         3         1         0       946
         4      4021         2         4        25         8         3         7         0         0      1016
         4      4021         2         4        26         4         4         4         1         0      1515
         4      4021         2         4        27         4         1         4         1         0       936
         4      4021         2         4        28        10         1         0         1         0       989
         4      4021         2         4        29         6         3         6         1         0      1200
         4      4021         2         4        30        10         4         0         1         0      1036
         4      4021         2         4        31         8         4         8         1         0      1054
         4      4021         2         4        32         3         2         3         1         1       958
         4      4021         2         4        33         5         3         5         1         0       980
         4      4021         2         4        34         5         4         5         1         0       968
         4      4021         2         4        35         4         2         4         1         1       988
         4      4021         2         4        36         7         3         7         1         0      1201
         4      4021         2         4        37         7         2         7         1         1      1116
         4      4021         2         4        38         6         4         7         0         0      1371
         4      4021         2         4        39         8         2         8         1         1       912
         4      4021         2         4        40         9         1         9         1         0       983
