Condition Subject Session Block Trial Subtype Token Response Correct Feedback RT 
         2      2092         1         1         1         4         1         0         0         1     14541
         2      2092         1         1         2         9         1         8         0         1      5275
         2      2092         1         1         3         1         2         5         0         1      4993
         2      2092         1         1         4         3         2         8         0         1      8772
         2      2092         1         1         5         4         1         4         1         1      4976
         2      2092         1         1         6         6         1         2         0         1      3619
         2      2092         1         1         7         8         2         5         0         1      2043
         2      2092         1         1         8         8         1         5         0         1      8565
         2      2092         1         1         9         2         1         6         0         1      6410
         2      2092         1         1        10         7         1         2         0         1      2277
         2      2092         1         1        11        10         1         0         1         1      2998
         2      2092         1         1        12         7         1         2         0         1      3898
         2      2092         1         1        13         9         1         9         1         1      5705
         2      2092         1         1        14         6         2         5         0         1      2465
         2      2092         1         1        15         2         2         1         0         1      3288
         2      2092         1         1        16         7         2         0         0         1     11583
         2      2092         1         1        17         8         1         8         1         1      4411
         2      2092         1         1        18         7         2         7         1         1      4662
         2      2092         1         1        19         4         2         6         0         1      7719
         2      2092         1         1        20         8         2         8         1         1      2077
         2      2092         1         1        21         6         1         6         1         1      2165
         2      2092         1         1        22        10         1         0         1         1      1355
         2      2092         1         1        23         5         2         8         0         1      2496
         2      2092         1         1        24         3         1         6         0         1      6935
         2      2092         1         1        25         5         1         5         1         1     10236
         2      2092         1         1        26         1         2         6         0         1      2284
         2      2092         1         1        27         2         1         1         0         1      3469
         2      2092         1         1        28         4         2         4         1         1     10110
         2      2092         1         1        29         9         2         7         0         1      6230
         2      2092         1         1        30        10         2         0         1         1      1528
         2      2092         1         1        31         3         1         4         0         1      5383
         2      2092         1         1        32         5         1         5         1         1      2281
         2      2092         1         1        33         5         2         8         0         1      3577
         2      2092         1         1        34         1         1         6         0         1      3523
         2      2092         1         1        35         6         2         1         0         1      6177
         2      2092         1         1        36         3         2         6         0         1      4773
         2      2092         1         1        37         9         2         9         1         1      2226
         2      2092         1         1        38        10         2         0         1         1       901
         2      2092         1         1        39         1         1         6         0         1      4236
         2      2092         1         1        40         2         2         9         0         1      3454
         2      2092         1         2         1         1         2         6         0         1      5755
         2      2092         1         2         2         9         1         9         1         1     20576
         2      2092         1         2         3         9         2         7         0         1      8852
         2      2092         1         2         4         6         1         6         1         1      1613
         2      2092         1         2         5         8         2         8         1         1      8648
         2      2092         1         2         6         4         1         4         1         1     68376
         2      2092         1         2         7         5         1         5         1         1      4178
         2      2092         1         2         8         7         1         9         0         1      5014
         2      2092         1         2         9         2         2         2         1         1     56344
         2      2092         1         2        10         3         1         4         0         1      6150
         2      2092         1         2        11         3         1         3         1         1      2923
         2      2092         1         2        12         5         2         8         0         1     16465
         2      2092         1         2        13         2         1         2         1         1     26938
         2      2092         1         2        14         1         1         6         0         1      9935
         2      2092         1         2        15         8         1         4         0         1     54876
         2      2092         1         2        16         9         1         9         1         1     12324
         2      2092         1         2        17        10         2         0         1         1      1923
         2      2092         1         2        18         2         2         2         1         1      3889
         2      2092         1         2        19         7         2         0         0         1     21264
         2      2092         1         2        20         4         2         1         0         1      7769
         2      2092         1         2        21         4         1         1         0         1     55901
         2      2092         1         2        22         8         1         8         1         1     34076
         2      2092         1         2        23         2         1         9         0         1     39411
         2      2092         1         2        24         5         2         8         0         1     45637
         2      2092         1         2        25         9         2         9         1         1    156891
         2      2092         1         2        26        10         1         0         1         1      2131
         2      2092         1         2        27         8         2         8         1         1     36104
         2      2092         1         2        28         6         2         6         1         1     90910
         2      2092         1         2        29         5         1         5         1         1     26627
         2      2092         1         2        30         6         2         6         1         1      2741
         2      2092         1         2        31         3         2         5         0         1     57473
         2      2092         1         2        32         1         2         1         1         1     95438
         2      2092         1         2        33         6         1         6         1         1      2416
         2      2092         1         2        34        10         2         0         1         1      1468
         2      2092         1         2        35         4         2         4         1         1     33148
         2      2092         1         2        36         7         2         7         1         1      3866
         2      2092         1         2        37         7         1         9         0         1      9803
         2      2092         1         2        38         3         2         3         1         1      3470
         2      2092         1         2        39        10         1         0         1         1      1344
         2      2092         1         2        40         1         1         1         1         1      6405
         2      2092         1         3         1        10         2         0         1         1      1482
         2      2092         1         3         2        10         1         0         1         1      1339
         2      2092         1         3         3         5         2         5         1         1      4177
         2      2092         1         3         4         3         2         3         1         1      1461
         2      2092         1         3         5         7         1         7         1         1      2502
         2      2092         1         3         6         4         2         4         1         1      1821
         2      2092         1         3         7         1         2         1         1         1      1438
         2      2092         1         3         8         7         1         7         1         1      1664
         2      2092         1         3         9         5         1         5         1         1      2887
         2      2092         1         3        10         6         1         6         1         1      1711
         2      2092         1         3        11         3         1         6         0         1      8070
         2      2092         1         3        12         4         1         4         1         1     29230
         2      2092         1         3        13         7         2         7         1         1      3880
         2      2092         1         3        14         4         2         4         1         1      1640
         2      2092         1         3        15         7         2         7         1         1      1473
         2      2092         1         3        16         8         1         8         1         1     10994
         2      2092         1         3        17         2         2         2         1         1      2469
         2      2092         1         3        18         6         2         6         1         1      1598
         2      2092         1         3        19         8         1         8         1         1      1706
         2      2092         1         3        20         3         1         6         0         1      2881
         2      2092         1         3        21         8         2         8         1         1      5849
         2      2092         1         3        22         4         1         4         1         1      3338
         2      2092         1         3        23        10         1         0         1         1      1313
         2      2092         1         3        24         5         2         5         1         1      2711
         2      2092         1         3        25         1         2         1         1         1      3125
         2      2092         1         3        26         9         2         9         1         1      3636
         2      2092         1         3        27         1         1         1         1         1      2093
         2      2092         1         3        28         2         2         2         1         1      2197
         2      2092         1         3        29         9         2         9         1         1      1992
         2      2092         1         3        30        10         2         0         1         1      1109
         2      2092         1         3        31         3         2         3         1         1      1924
         2      2092         1         3        32         5         1         5         1         1      2705
         2      2092         1         3        33         1         1         1         1         1      2447
         2      2092         1         3        34         6         1         6         1         1      1704
         2      2092         1         3        35         9         1         9         1         1      3792
         2      2092         1         3        36         6         2         6         1         1      1524
         2      2092         1         3        37         9         1         9         1         1      1379
         2      2092         1         3        38         2         1         2         1         1      2007
         2      2092         1         3        39         8         2         8         1         1      5122
         2      2092         1         3        40         2         1         2         1         1      1248
         2      2092         1         4         1         7         2         7         1         1      3535
         2      2092         1         4         2         5         2         5         1         1      2269
         2      2092         1         4         3         7         1         7         1         1      4045
         2      2092         1         4         4         4         2         4         1         1      2407
         2      2092         1         4         5         3         1         3         1         1      1986
         2      2092         1         4         6         8         1         8         1         1      2879
         2      2092         1         4         7         3         1         3         1         1      1479
         2      2092         1         4         8         9         2         9         1         1      2505
         2      2092         1         4         9         2         2         2         1         1      1248
         2      2092         1         4        10         8         1         8         1         1      2058
         2      2092         1         4        11         2         1         2         1         1      1203
         2      2092         1         4        12         6         2         6         1         1      1440
         2      2092         1         4        13         7         2         7         1         1      2465
         2      2092         1         4        14         4         1         4         1         1      2491
         2      2092         1         4        15         5         1         5         1         1      1936
         2      2092         1         4        16         9         2         9         1         1      1407
         2      2092         1         4        17        10         1         0         1         1      1171
         2      2092         1         4        18         9         1         9         1         1      2512
         2      2092         1         4        19         1         2         1         1         1      3878
         2      2092         1         4        20         2         2         2         1         1      1494
         2      2092         1         4        21        10         2         0         1         1      1174
         2      2092         1         4        22         8         2         8         1         1      2658
         2      2092         1         4        23         3         2         3         1         1      1635
         2      2092         1         4        24        10         1         0         1         1      1165
         2      2092         1         4        25         5         1         5         1         1      1673
         2      2092         1         4        26         8         2         8         1         1      1824
         2      2092         1         4        27         6         2         6         1         1      1411
         2      2092         1         4        28        10         2         0         1         1      1319
         2      2092         1         4        29         4         1         4         1         1      1550
         2      2092         1         4        30         6         1         6         1         1      1451
         2      2092         1         4        31         2         1         2         1         1      1405
         2      2092         1         4        32         3         2         3         1         1      1521
         2      2092         1         4        33         7         1         7         1         1      2848
         2      2092         1         4        34         9         1         9         1         1      2986
         2      2092         1         4        35         6         1         6         1         1      1422
         2      2092         1         4        36         5         2         5         1         1      4288
         2      2092         1         4        37         1         1         1         1         1      1616
         2      2092         1         4        38         1         2         1         1         1      1626
         2      2092         1         4        39         4         2         4         1         1      1636
         2      2092         1         4        40         1         1         1         1         1      1166
         2      2092         1         5         1         8         2         8         1         1      4524
         2      2092         1         5         2         9         1         9         1         1      2419
         2      2092         1         5         3         5         2         5         1         1      1821
         2      2092         1         5         4         2         1         2         1         1      1344
         2      2092         1         5         5         3         1         3         1         1      1463
         2      2092         1         5         6         6         2         6         1         1      1368
         2      2092         1         5         7         6         2         6         1         1      1517
         2      2092         1         5         8         8         1         8         1         1      1901
         2      2092         1         5         9         1         1         1         1         1      1307
         2      2092         1         5        10         9         2         9         1         1      2115
         2      2092         1         5        11         7         1         7         1         1      2234
         2      2092         1         5        12         1         2         1         1         1      1212
         2      2092         1         5        13        10         1         0         1         1      1127
         2      2092         1         5        14         7         2         7         1         1      2374
         2      2092         1         5        15         4         1         4         1         1      1426
         2      2092         1         5        16         5         1         5         1         1      1539
         2      2092         1         5        17         8         1         8         1         1      1393
         2      2092         1         5        18         1         1         1         1         1      1140
         2      2092         1         5        19         2         2         2         1         1      1537
         2      2092         1         5        20         8         2         8         1         1      1390
         2      2092         1         5        21        10         2         0         1         1      1058
         2      2092         1         5        22        10         2         0         1         1      1636
         2      2092         1         5        23         1         2         1         1         1      1229
         2      2092         1         5        24         5         1         5         1         1      2182
         2      2092         1         5        25         9         2         9         1         1      1403
         2      2092         1         5        26         3         1         3         1         1      1615
         2      2092         1         5        27         6         1         6         1         1      1274
         2      2092         1         5        28         3         2         3         1         1      1378
         2      2092         1         5        29         2         1         2         1         1      1174
         2      2092         1         5        30         5         2         5         1         1      3666
         2      2092         1         5        31         4         2         4         1         1      1564
         2      2092         1         5        32         2         2         2         1         1      1192
         2      2092         1         5        33         7         1         7         1         1      2660
         2      2092         1         5        34         4         1         4         1         1      1253
         2      2092         1         5        35         4         2         4         1         1      1630
         2      2092         1         5        36        10         1         0         1         1      1226
         2      2092         1         5        37         6         1         6         1         1      1460
         2      2092         1         5        38         9         1         9         1         1      1878
         2      2092         1         5        39         3         2         3         1         1      1191
         2      2092         1         5        40         7         2         7         1         1      1795
         2      2092         1         6         1         2         2         2         1         1      2080
         2      2092         1         6         2        10         2         0         1         1      1289
         2      2092         1         6         3         7         1         7         1         1      1729
         2      2092         1         6         4         3         1         3         1         1      1240
         2      2092         1         6         5         4         1         4         1         1      1442
         2      2092         1         6         6         5         2         5         1         1      1411
         2      2092         1         6         7         5         1         5         1         1      5365
         2      2092         1         6         8         8         2         8         1         1      1305
         2      2092         1         6         9         4         2         4         1         1      1121
         2      2092         1         6        10         3         2         3         1         1      1231
         2      2092         1         6        11         7         2         7         1         1      1866
         2      2092         1         6        12         1         2         1         1         1      1162
         2      2092         1         6        13         1         2         1         1         1      1270
         2      2092         1         6        14         6         2         6         1         1      1264
         2      2092         1         6        15        10         1         0         1         1      1034
         2      2092         1         6        16         5         1         5         1         1      1594
         2      2092         1         6        17        10         1         0         1         1      1063
         2      2092         1         6        18         6         1         6         1         1      1687
         2      2092         1         6        19         6         1         6         1         1      1631
         2      2092         1         6        20         7         1         7         1         1      2649
         2      2092         1         6        21         6         2         6         1         1      1355
         2      2092         1         6        22         7         2         7         1         1      1329
         2      2092         1         6        23         1         1         1         1         1      1126
         2      2092         1         6        24         9         1         9         1         1      2101
         2      2092         1         6        25         4         2         4         1         1      1148
         2      2092         1         6        26        10         2         0         1         1      1051
         2      2092         1         6        27         1         1         1         1         1      1404
         2      2092         1         6        28         2         1         2         1         1      1152
         2      2092         1         6        29         9         1         9         1         1      1405
         2      2092         1         6        30         2         1         2         1         1      1089
         2      2092         1         6        31         8         1         8         1         1      1569
         2      2092         1         6        32         3         1         3         1         1      1247
         2      2092         1         6        33         9         2         9         1         1      1626
         2      2092         1         6        34         4         1         4         1         1      3508
         2      2092         1         6        35         9         2         9         1         1      1315
         2      2092         1         6        36         5         2         5         1         1      1722
         2      2092         1         6        37         8         2         8         1         1      1295
         2      2092         1         6        38         3         2         3         1         1      1175
         2      2092         1         6        39         2         2         2         1         1      1235
         2      2092         1         6        40         8         1         8         1         1      1581
         2      2092         2         1         1         4         3         4         1         0      4574
         2      2092         2         1         2         1         1         1         1         1      1217
         2      2092         2         1         3         5         3         5         1         0      5452
         2      2092         2         1         4         7         4         6         0         0      7405
         2      2092         2         1         5         9         1         9         1         1      1953
         2      2092         2         1         6         5         4         8         0         0      5006
         2      2092         2         1         7         2         1         2         1         1      1265
         2      2092         2         1         8         3         2         3         1         0      1306
         2      2092         2         1         9         8         3         1         0         0      4592
         2      2092         2         1        10         3         4         6         0         0      3876
         2      2092         2         1        11        10         1         0         1         1      1061
         2      2092         2         1        12        10         2         0         1         0      1638
         2      2092         2         1        13         1         4         1         1         0      1073
         2      2092         2         1        14         1         2         1         1         0      1104
         2      2092         2         1        15         9         2         9         1         0      1216
         2      2092         2         1        16         6         2         6         1         0      1275
         2      2092         2         1        17         1         3         7         0         0      6324
         2      2092         2         1        18         3         1         3         1         1      1731
         2      2092         2         1        19         3         3         0         0         0      5706
         2      2092         2         1        20         6         4         6         1         0      4129
         2      2092         2         1        21        10         3         0         1         0      1080
         2      2092         2         1        22         7         3         1         0         0      7144
         2      2092         2         1        23         7         2         7         1         0      2038
         2      2092         2         1        24         5         2         5         1         0      1696
         2      2092         2         1        25        10         4         0         1         0      1608
         2      2092         2         1        26         7         1         7         1         1      2483
         2      2092         2         1        27         8         1         8         1         1      2220
         2      2092         2         1        28         9         3         9         1         0      1520
         2      2092         2         1        29         2         3         2         1         0      1215
         2      2092         2         1        30         5         1         5         1         1      1673
         2      2092         2         1        31         8         4         3         0         0      3121
         2      2092         2         1        32         4         2         4         1         0      2320
         2      2092         2         1        33         2         4         2         1         0      1311
         2      2092         2         1        34         4         1         4         1         1      1830
         2      2092         2         1        35         6         3         6         1         0      2936
         2      2092         2         1        36         4         4         1         0         0      7485
         2      2092         2         1        37         2         2         2         1         0      1292
         2      2092         2         1        38         6         1         6         1         1      1556
         2      2092         2         1        39         8         2         8         1         0      1184
         2      2092         2         1        40         9         4         9         1         0      2220
         2      2092         2         2         1         2         4         2         1         0      1147
         2      2092         2         2         2         1         4         1         1         0      1225
         2      2092         2         2         3         6         2         6         1         1      1139
         2      2092         2         2         4         5         2         5         1         1      1441
         2      2092         2         2         5         4         4         6         0         0     12816
         2      2092         2         2         6         9         3         9         1         0      4108
         2      2092         2         2         7        10         3         0         1         0      1443
         2      2092         2         2         8         8         1         8         1         0      1285
         2      2092         2         2         9         2         2         2         1         1      1069
         2      2092         2         2        10         5         3         5         1         0      2030
         2      2092         2         2        11         1         3         7         0         0      2345
         2      2092         2         2        12         4         1         4         1         0      1318
         2      2092         2         2        13         5         1         5         1         0      1132
         2      2092         2         2        14         2         1         2         1         0       939
         2      2092         2         2        15         8         2         8         1         1      1520
         2      2092         2         2        16         9         4         9         1         0      5470
         2      2092         2         2        17        10         2         0         1         1      1120
         2      2092         2         2        18         7         1         7         1         0      1775
         2      2092         2         2        19         5         4         5         1         0      7683
         2      2092         2         2        20         1         1         1         1         0      1098
         2      2092         2         2        21         7         4         0         0         0      4154
         2      2092         2         2        22         2         3         2         1         0      1312
         2      2092         2         2        23         3         2         3         1         1      1623
         2      2092         2         2        24         6         4         6         1         0      1633
         2      2092         2         2        25         8         4         3         0         0      2539
         2      2092         2         2        26         4         3         4         1         0      2017
         2      2092         2         2        27         3         4         6         0         0      9964
         2      2092         2         2        28         6         1         6         1         0      1209
         2      2092         2         2        29         6         3         6         1         0      1557
         2      2092         2         2        30         3         1         3         1         0      1138
         2      2092         2         2        31         9         2         9         1         1      1313
         2      2092         2         2        32         7         2         7         1         1      1400
         2      2092         2         2        33         9         1         9         1         0      6700
         2      2092         2         2        34         1         2         1         1         1      1131
         2      2092         2         2        35        10         4         0         1         0      1080
         2      2092         2         2        36         7         3         1         0         0      4985
         2      2092         2         2        37         8         3         3         0         0      2236
         2      2092         2         2        38         3         3         0         0         0      1695
         2      2092         2         2        39         4         2         4         1         1      1223
         2      2092         2         2        40        10         1         0         1         0       978
         2      2092         2         3         1        10         1         0         1         1      1038
         2      2092         2         3         2         1         1         1         1         1       959
         2      2092         2         3         3         4         3         4         1         0      2020
         2      2092         2         3         4         8         1         8         1         1      1423
         2      2092         2         3         5         2         1         2         1         1      1042
         2      2092         2         3         6         2         3         2         1         0      1060
         2      2092         2         3         7         9         4         7         0         0      5284
         2      2092         2         3         8         2         2         2         1         0      1068
         2      2092         2         3         9         3         3         0         0         0      1086
         2      2092         2         3        10         8         4         3         0         0      1646
         2      2092         2         3        11         7         3         1         0         0      1607
         2      2092         2         3        12         6         1         6         1         1      1411
         2      2092         2         3        13         7         1         7         1         1      2390
         2      2092         2         3        14         7         2         7         1         0      2850
         2      2092         2         3        15         5         4         8         0         0      5035
         2      2092         2         3        16        10         4         0         1         0      1309
         2      2092         2         3        17         5         1         5         1         1      1059
         2      2092         2         3        18         3         1         3         1         1      1045
         2      2092         2         3        19         3         2         3         1         0      1046
         2      2092         2         3        20         9         2         9         1         0      1480
         2      2092         2         3        21         7         4         0         0         0      3064
         2      2092         2         3        22         4         2         4         1         0      1257
         2      2092         2         3        23         8         3         3         0         0      4689
         2      2092         2         3        24        10         2         0         1         0       962
         2      2092         2         3        25         1         2         1         1         0      1030
         2      2092         2         3        26         5         2         5         1         0      1399
         2      2092         2         3        27         3         4         3         1         0     15770
         2      2092         2         3        28         6         3         6         1         0      1488
         2      2092         2         3        29         8         2         8         1         0      1279
         2      2092         2         3        30         1         4         1         1         0      1192
         2      2092         2         3        31         9         1         9         1         1      4756
         2      2092         2         3        32         4         1         4         1         1      1136
         2      2092         2         3        33         2         4         2         1         0      1070
         2      2092         2         3        34         6         2         6         1         0      1296
         2      2092         2         3        35        10         3         0         1         0      1336
         2      2092         2         3        36         5         3         5         1         0       990
         2      2092         2         3        37         1         3         7         0         0      1875
         2      2092         2         3        38         6         4         6         1         0      1395
         2      2092         2         3        39         4         4         6         0         0     10708
         2      2092         2         3        40         9         3         7         0         0      2083
         2      2092         2         4         1         8         1         8         1         0      1427
         2      2092         2         4         2         8         2         8         1         1      1332
         2      2092         2         4         3        10         1         0         1         0       940
         2      2092         2         4         4         3         3         0         0         0      1602
         2      2092         2         4         5         8         4         3         0         0      1710
         2      2092         2         4         6         4         3         4         1         0      1477
         2      2092         2         4         7         2         2         2         1         1       965
         2      2092         2         4         8         3         4         6         0         0      4203
         2      2092         2         4         9         5         2         5         1         1      1310
         2      2092         2         4        10         9         3         7         0         0      1573
         2      2092         2         4        11         2         1         2         1         0      1041
         2      2092         2         4        12         1         2         1         1         1       962
         2      2092         2         4        13         5         1         5         1         0      1286
         2      2092         2         4        14         1         4         1         1         0       926
         2      2092         2         4        15         4         2         4         1         1      1061
         2      2092         2         4        16         1         1         1         1         0       917
         2      2092         2         4        17         7         4         0         0         0      1996
         2      2092         2         4        18        10         3         0         1         0       953
         2      2092         2         4        19         6         2         6         1         1       975
         2      2092         2         4        20         6         3         6         1         0      1171
         2      2092         2         4        21         5         3         5         1         0       864
         2      2092         2         4        22         9         4         7         0         0      2824
         2      2092         2         4        23         4         4         6         0         0      4913
         2      2092         2         4        24         7         2         7         1         1      1496
         2      2092         2         4        25         2         3         2         1         0      1175
         2      2092         2         4        26         1         3         9         0         0      5349
         2      2092         2         4        27         6         1         6         1         0      1066
         2      2092         2         4        28         7         1         7         1         0      3451
         2      2092         2         4        29         5         4         8         0         0      1820
         2      2092         2         4        30        10         4         0         1         0       959
         2      2092         2         4        31        10         2         0         1         1       852
         2      2092         2         4        32         3         1         3         1         0      1374
         2      2092         2         4        33         9         1         9         1         0      4562
         2      2092         2         4        34         9         2         9         1         1      1144
         2      2092         2         4        35         6         4         6         1         0      1237
         2      2092         2         4        36         8         3         3         0         0      2015
         2      2092         2         4        37         3         2         3         1         1      1033
         2      2092         2         4        38         7         3         1         0         0      1772
         2      2092         2         4        39         2         4         2         1         0      1072
         2      2092         2         4        40         4         1         4         1         0      1264
