Condition Subject Session Block Trial Subtype Token Response Correct Feedback RT 
         2      2095         1         1         1        10         1         6         0         1     18193
         2      2095         1         1         2         9         1         9         1         1      8784
         2      2095         1         1         3         5         2         6         0         1     14732
         2      2095         1         1         4         6         2         1         0         1      3676
         2      2095         1         1         5         1         1         7         0         1      7106
         2      2095         1         1         6         7         1         8         0         1      6130
         2      2095         1         1         7         1         2         2         0         1      6104
         2      2095         1         1         8         3         1         7         0         1     10624
         2      2095         1         1         9         7         1         0         0         1      2580
         2      2095         1         1        10         1         1         1         1         1      3192
         2      2095         1         1        11         2         1         5         0         1      6324
         2      2095         1         1        12         3         2         7         0         1      5780
         2      2095         1         1        13         5         1         5         1         1      8615
         2      2095         1         1        14        10         1         0         1         1      2395
         2      2095         1         1        15         6         2         6         1         1     14231
         2      2095         1         1        16         8         1         7         0         1     10298
         2      2095         1         1        17         3         1         2         0         1      9739
         2      2095         1         1        18        10         2         6         0         1      8083
         2      2095         1         1        19         3         2         6         0         1      2827
         2      2095         1         1        20         6         1         4         0         1      6276
         2      2095         1         1        21         4         1         1         0         1     10934
         2      2095         1         1        22         7         2         3         0         1      2157
         2      2095         1         1        23         1         2         4         0         1      1106
         2      2095         1         1        24         6         1         4         0         1      7137
         2      2095         1         1        25         9         2         4         0         1      3456
         2      2095         1         1        26         2         2         5         0         1      2498
         2      2095         1         1        27         9         2         6         0         1      2810
         2      2095         1         1        28         4         2         0         0         1      2806
         2      2095         1         1        29         5         1         5         1         1      2369
         2      2095         1         1        30         2         2         6         0         1      8189
         2      2095         1         1        31         8         2         3         0         1      2594
         2      2095         1         1        32         8         2         8         1         1      2917
         2      2095         1         1        33         2         1         2         1         1      2732
         2      2095         1         1        34         4         1         3         0         1      3307
         2      2095         1         1        35         9         1         6         0         1      8435
         2      2095         1         1        36        10         2         0         1         1      2015
         2      2095         1         1        37         7         2         7         1         1      6299
         2      2095         1         1        38         4         2         8         0         1     16250
         2      2095         1         1        39         5         2         5         1         1      2045
         2      2095         1         1        40         8         1         3         0         1      3655
         2      2095         1         2         1         2         2         2         1         1      3945
         2      2095         1         2         2         8         1         8         1         1      2552
         2      2095         1         2         3         2         2         2         1         1      2221
         2      2095         1         2         4         4         1         4         1         1      3120
         2      2095         1         2         5         1         1         9         0         1      6351
         2      2095         1         2         6         6         1         7         0         1      6829
         2      2095         1         2         7         6         2         7         0         1      2088
         2      2095         1         2         8         1         1         2         0         1      8704
         2      2095         1         2         9         4         2         8         0         1      9568
         2      2095         1         2        10        10         1         0         1         1      2350
         2      2095         1         2        11         3         1         6         0         1     11884
         2      2095         1         2        12        10         1         0         1         1      1598
         2      2095         1         2        13         4         1         1         0         1      3578
         2      2095         1         2        14         7         1         5         0         1      1942
         2      2095         1         2        15         9         2         5         0         1      2741
         2      2095         1         2        16         8         2         3         0         1      3316
         2      2095         1         2        17         2         1         2         1         1      3468
         2      2095         1         2        18         9         1         8         0         1     14877
         2      2095         1         2        19         7         2         9         0         1      3447
         2      2095         1         2        20         7         1         8         0         1      3257
         2      2095         1         2        21         8         2         6         0         1      5730
         2      2095         1         2        22        10         2         6         0         1      5369
         2      2095         1         2        23         5         2         5         1         1      1215
         2      2095         1         2        24         3         2         7         0         1      2298
         2      2095         1         2        25         5         2         5         1         1      1466
         2      2095         1         2        26         9         1         8         0         1      1884
         2      2095         1         2        27         1         2         7         0         1      1772
         2      2095         1         2        28        10         2         0         1         1      1585
         2      2095         1         2        29         5         1         6         0         1      4318
         2      2095         1         2        30         7         2         9         0         1      3966
         2      2095         1         2        31         3         1         9         0         1      2556
         2      2095         1         2        32         5         1         5         1         1      1584
         2      2095         1         2        33         6         1         6         1         1      2861
         2      2095         1         2        34         4         2         6         0         1      3670
         2      2095         1         2        35         2         1         2         1         1      2976
         2      2095         1         2        36         3         2         8         0         1      4885
         2      2095         1         2        37         9         2         9         1         1      5566
         2      2095         1         2        38         1         2         7         0         1      2939
         2      2095         1         2        39         6         2         6         1         1      4674
         2      2095         1         2        40         8         1         4         0         1      4068
         2      2095         1         3         1         4         1         6         0         1      9789
         2      2095         1         3         2        10         1         0         1         1      1474
         2      2095         1         3         3         5         1         5         1         1      1778
         2      2095         1         3         4         5         1         5         1         1      2581
         2      2095         1         3         5         1         1         6         0         1      5001
         2      2095         1         3         6         9         1         5         0         1      2238
         2      2095         1         3         7         4         2         4         1         1      4241
         2      2095         1         3         8         6         1         6         1         1      1651
         2      2095         1         3         9         4         2         4         1         1      1757
         2      2095         1         3        10         7         1         8         0         1      3331
         2      2095         1         3        11         2         2         2         1         1      2425
         2      2095         1         3        12         8         1         7         0         1     11365
         2      2095         1         3        13        10         2         0         1         1      2378
         2      2095         1         3        14         7         2         7         1         1      5416
         2      2095         1         3        15         9         2         9         1         1      4668
         2      2095         1         3        16         6         1         6         1         1      1725
         2      2095         1         3        17         3         1         8         0         1      5109
         2      2095         1         3        18         2         1         2         1         1      1846
         2      2095         1         3        19         9         2         9         1         1      3192
         2      2095         1         3        20         1         1         1         1         1      2900
         2      2095         1         3        21         5         2         5         1         1      1387
         2      2095         1         3        22         3         2         7         0         1      6672
         2      2095         1         3        23         2         1         2         1         1      3074
         2      2095         1         3        24         6         2         3         0         1      2340
         2      2095         1         3        25         7         2         7         1         1      3730
         2      2095         1         3        26         3         1         3         1         1      2602
         2      2095         1         3        27        10         1         0         1         1      1615
         2      2095         1         3        28         8         2         6         0         1      9593
         2      2095         1         3        29         2         2         2         1         1      1686
         2      2095         1         3        30         1         2         1         1         1      2126
         2      2095         1         3        31         8         1         8         1         1      4453
         2      2095         1         3        32         5         2         5         1         1      1359
         2      2095         1         3        33         6         2         6         1         1      6790
         2      2095         1         3        34         3         2         3         1         1      6611
         2      2095         1         3        35         8         2         8         1         1      5733
         2      2095         1         3        36         4         1         6         0         1      6988
         2      2095         1         3        37         7         1         4         0         1      4385
         2      2095         1         3        38        10         2         0         1         1      1407
         2      2095         1         3        39         9         1         7         0         1      3299
         2      2095         1         3        40         1         2         1         1         1      1883
         2      2095         1         4         1         5         2         5         1         1      1806
         2      2095         1         4         2         6         1         6         1         1      4738
         2      2095         1         4         3         9         2         9         1         1      2577
         2      2095         1         4         4         1         1         1         1         1      1861
         2      2095         1         4         5         8         2         8         1         1      2422
         2      2095         1         4         6         7         1         4         0         1      5842
         2      2095         1         4         7         1         2         1         1         1      2739
         2      2095         1         4         8         3         2         3         1         1      2354
         2      2095         1         4         9         2         1         2         1         1      4272
         2      2095         1         4        10         7         2         7         1         1      3202
         2      2095         1         4        11         4         2         4         1         1      2494
         2      2095         1         4        12         5         1         5         1         1      5316
         2      2095         1         4        13         8         1         8         1         1      2204
         2      2095         1         4        14         9         2         9         1         1      3361
         2      2095         1         4        15         7         1         7         1         1      3318
         2      2095         1         4        16         6         2         6         1         1      2142
         2      2095         1         4        17         4         1         1         0         1      6565
         2      2095         1         4        18         2         2         2         1         1      2874
         2      2095         1         4        19         8         1         8         1         1      1908
         2      2095         1         4        20        10         2         0         1         1      2116
         2      2095         1         4        21         1         2         1         1         1      2012
         2      2095         1         4        22         9         1         8         0         1      9511
         2      2095         1         4        23        10         2         0         1         1      1208
         2      2095         1         4        24         4         1         9         0         1      1924
         2      2095         1         4        25        10         1         0         1         1      1141
         2      2095         1         4        26         6         2         6         1         1      3860
         2      2095         1         4        27         5         1         5         1         1      1429
         2      2095         1         4        28         2         1         2         1         1      6135
         2      2095         1         4        29        10         1         0         1         1      2367
         2      2095         1         4        30         7         2         7         1         1      2749
         2      2095         1         4        31         6         1         6         1         1      1946
         2      2095         1         4        32         2         2         2         1         1      1864
         2      2095         1         4        33         3         1         7         0         1      5450
         2      2095         1         4        34         8         2         8         1         1      3212
         2      2095         1         4        35         1         1         9         0         1      4726
         2      2095         1         4        36         4         2         4         1         1      2486
         2      2095         1         4        37         9         1         9         1         1      2431
         2      2095         1         4        38         3         1         8         0         1      6250
         2      2095         1         4        39         5         2         5         1         1      2140
         2      2095         1         4        40         3         2         3         1         1      2338
         2      2095         1         5         1         5         2         5         1         1      1908
         2      2095         1         5         2         3         2         3         1         1      1572
         2      2095         1         5         3         5         1         5         1         1      2032
         2      2095         1         5         4         5         2         5         1         1      1130
         2      2095         1         5         5         9         1         9         1         1      2601
         2      2095         1         5         6         1         1         1         1         1      2333
         2      2095         1         5         7         1         2         1         1         1      2890
         2      2095         1         5         8         7         2         7         1         1      1363
         2      2095         1         5         9         2         2         2         1         1      2263
         2      2095         1         5        10         3         1         3         1         1      6745
         2      2095         1         5        11         4         1         4         1         1      2599
         2      2095         1         5        12         8         2         8         1         1      1722
         2      2095         1         5        13         6         1         6         1         1      1697
         2      2095         1         5        14         7         1         7         1         1      8714
         2      2095         1         5        15         9         2         9         1         1      3434
         2      2095         1         5        16         6         1         6         1         1      1485
         2      2095         1         5        17         4         1         4         1         1      2445
         2      2095         1         5        18        10         1         0         1         1      1239
         2      2095         1         5        19         4         2         4         1         1      1842
         2      2095         1         5        20         4         2         4         1         1      3109
         2      2095         1         5        21         2         1         2         1         1      1910
         2      2095         1         5        22        10         2         0         1         1      1495
         2      2095         1         5        23         5         1         5         1         1      1670
         2      2095         1         5        24         9         1         9         1         1      4079
         2      2095         1         5        25         6         2         6         1         1      3976
         2      2095         1         5        26         3         1         3         1         1      1862
         2      2095         1         5        27         9         2         9         1         1      2312
         2      2095         1         5        28         8         1         8         1         1      2920
         2      2095         1         5        29         6         2         6         1         1      2112
         2      2095         1         5        30         2         1         2         1         1      1944
         2      2095         1         5        31         1         1         1         1         1      2581
         2      2095         1         5        32         8         1         8         1         1      2953
         2      2095         1         5        33         3         2         3         1         1      2272
         2      2095         1         5        34         7         2         7         1         1      1426
         2      2095         1         5        35         2         2         2         1         1      2388
         2      2095         1         5        36         1         2         1         1         1      1712
         2      2095         1         5        37         7         1         7         1         1      6263
         2      2095         1         5        38        10         2         0         1         1      1545
         2      2095         1         5        39         8         2         8         1         1      1862
         2      2095         1         5        40        10         1         0         1         1      1161
         2      2095         1         6         1         5         2         5         1         1      2877
         2      2095         1         6         2         2         2         2         1         1      2022
         2      2095         1         6         3         8         2         8         1         1      3313
         2      2095         1         6         4         9         2         9         1         1      1913
         2      2095         1         6         5         5         1         5         1         1      1542
         2      2095         1         6         6         6         2         6         1         1      2630
         2      2095         1         6         7         9         1         9         1         1      2201
         2      2095         1         6         8         1         2         1         1         1      1725
         2      2095         1         6         9         4         2         4         1         1      2276
         2      2095         1         6        10         2         2         2         1         1      1268
         2      2095         1         6        11         1         1         1         1         1      2301
         2      2095         1         6        12         3         2         3         1         1      1261
         2      2095         1         6        13         7         1         7         1         1      2550
         2      2095         1         6        14         4         1         4         1         1      4012
         2      2095         1         6        15        10         1         0         1         1      1161
         2      2095         1         6        16         2         1         2         1         1      1654
         2      2095         1         6        17         2         1         2         1         1      1281
         2      2095         1         6        18         7         1         7         1         1      1466
         2      2095         1         6        19         9         1         9         1         1      1964
         2      2095         1         6        20         6         1         6         1         1      1673
         2      2095         1         6        21         5         1         5         1         1      1233
         2      2095         1         6        22         8         1         8         1         1      3276
         2      2095         1         6        23         4         1         4         1         1      2501
         2      2095         1         6        24         3         1         3         1         1      4493
         2      2095         1         6        25        10         2         0         1         1      1350
         2      2095         1         6        26        10         1         0         1         1      1165
         2      2095         1         6        27         3         2         3         1         1      2554
         2      2095         1         6        28         1         2         1         1         1      1567
         2      2095         1         6        29         6         2         6         1         1      1517
         2      2095         1         6        30         7         2         7         1         1      1468
         2      2095         1         6        31         8         2         8         1         1      1661
         2      2095         1         6        32         5         2         5         1         1      1270
         2      2095         1         6        33         6         1         6         1         1      1520
         2      2095         1         6        34         9         2         9         1         1      2543
         2      2095         1         6        35         8         1         8         1         1     12310
         2      2095         1         6        36        10         2         0         1         1      1206
         2      2095         1         6        37         3         1         3         1         1      2372
         2      2095         1         6        38         4         2         4         1         1      1729
         2      2095         1         6        39         7         2         7         1         1      1192
         2      2095         1         6        40         1         1         1         1         1      2276
         2      2095         2         1         1         8         1         8         1         1      3140
         2      2095         2         1         2         8         3         4         0         0      3250
         2      2095         2         1         3         6         1         6         1         1      2012
         2      2095         2         1         4        10         2         0         1         0      1416
         2      2095         2         1         5         4         4         9         0         0      6168
         2      2095         2         1         6         1         4         9         0         0      4190
         2      2095         2         1         7         9         3         0         0         0      6051
         2      2095         2         1         8         2         2         2         1         0      2398
         2      2095         2         1         9         4         2         4         1         0      3449
         2      2095         2         1        10         7         3         2         0         0     14171
         2      2095         2         1        11         4         3         0         0         0      3025
         2      2095         2         1        12         2         1         2         1         1      1605
         2      2095         2         1        13         4         1         4         1         1      4224
         2      2095         2         1        14         1         1         1         1         1      5923
         2      2095         2         1        15         9         1         9         1         1      2643
         2      2095         2         1        16         2         4         2         1         0      3333
         2      2095         2         1        17         7         2         7         1         0      1324
         2      2095         2         1        18         9         4         5         0         0      2291
         2      2095         2         1        19         6         3         3         0         0      2612
         2      2095         2         1        20         1         3         7         0         0      3240
         2      2095         2         1        21         1         2         1         1         0      5489
         2      2095         2         1        22         5         2         5         1         0      1889
         2      2095         2         1        23        10         1         0         1         1      1762
         2      2095         2         1        24         5         4         7         0         0      6696
         2      2095         2         1        25        10         3         0         1         0      1385
         2      2095         2         1        26         8         2         8         1         0      4780
         2      2095         2         1        27         3         3         2         0         0     13370
         2      2095         2         1        28         7         1         4         0         1      4207
         2      2095         2         1        29         6         4         3         0         0      4131
         2      2095         2         1        30         9         2         9         1         0      3018
         2      2095         2         1        31         3         1         3         1         1      2061
         2      2095         2         1        32        10         4         0         1         0      1702
         2      2095         2         1        33         8         4         7         0         0     13213
         2      2095         2         1        34         3         2         3         1         0      2489
         2      2095         2         1        35         3         4         2         0         0      3697
         2      2095         2         1        36         6         2         6         1         0      2202
         2      2095         2         1        37         7         4         0         0         0      2605
         2      2095         2         1        38         2         3         2         1         0      2129
         2      2095         2         1        39         5         3         6         0         0      4551
         2      2095         2         1        40         5         1         5         1         1      1852
         2      2095         2         2         1        10         3         0         1         0      1663
         2      2095         2         2         2         1         3         7         0         0      2265
         2      2095         2         2         3         8         1         8         1         0      2396
         2      2095         2         2         4         3         1         3         1         0      2056
         2      2095         2         2         5         1         1         1         1         0      2353
         2      2095         2         2         6         5         2         5         1         1      1311
         2      2095         2         2         7         6         4         3         0         0      2855
         2      2095         2         2         8         8         4         7         0         0      3617
         2      2095         2         2         9         7         1         7         1         0      4076
         2      2095         2         2        10         9         3         1         0         0      2566
         2      2095         2         2        11        10         1         0         1         0      1276
         2      2095         2         2        12        10         4         0         1         0      1605
         2      2095         2         2        13         7         4         9         0         0      6641
         2      2095         2         2        14         2         1         2         1         0      7844
         2      2095         2         2        15         6         2         6         1         1      2919
         2      2095         2         2        16         2         3         2         1         0      1711
         2      2095         2         2        17        10         2         0         1         1      1207
         2      2095         2         2        18         5         1         5         1         0      1266
         2      2095         2         2        19         8         3         3         0         0      7226
         2      2095         2         2        20         7         3         9         0         0      2454
         2      2095         2         2        21         9         2         9         1         1      1504
         2      2095         2         2        22         4         2         4         1         1      1824
         2      2095         2         2        23         5         3         6         0         0      2115
         2      2095         2         2        24         1         2         1         1         1      6905
         2      2095         2         2        25         5         4         5         1         0      4145
         2      2095         2         2        26         4         4         7         0         0      5445
         2      2095         2         2        27         9         4         2         0         0      4055
         2      2095         2         2        28         8         2         8         1         1      2000
         2      2095         2         2        29         9         1         9         1         0      4205
         2      2095         2         2        30         4         3         0         0         0      3233
         2      2095         2         2        31         3         2         3         1         1      1596
         2      2095         2         2        32         3         4         3         1         0      2713
         2      2095         2         2        33         6         3         6         1         0      2585
         2      2095         2         2        34         3         3         7         0         0      5550
         2      2095         2         2        35         2         4         2         1         0      1596
         2      2095         2         2        36         4         1         4         1         0     10744
         2      2095         2         2        37         2         2         2         1         1      1765
         2      2095         2         2        38         1         4         1         1         0      3387
         2      2095         2         2        39         7         2         7         1         1      1489
         2      2095         2         2        40         6         1         6         1         0      1521
         2      2095         2         3         1         6         1         6         1         1      1994
         2      2095         2         3         2         9         2         9         1         0      3974
         2      2095         2         3         3         9         1         9         1         1      4900
         2      2095         2         3         4         3         1         3         1         1      1693
         2      2095         2         3         5        10         1         0         1         1      1543
         2      2095         2         3         6         5         2         5         1         0      1366
         2      2095         2         3         7         2         3         2         1         0      1580
         2      2095         2         3         8         7         2         7         1         0      1368
         2      2095         2         3         9         8         4         7         0         0      3326
         2      2095         2         3        10         9         3         9         1         0      4198
         2      2095         2         3        11         9         4         2         0         0      1928
         2      2095         2         3        12         1         2         1         1         0      2758
         2      2095         2         3        13         7         4         8         0         0      7780
         2      2095         2         3        14         4         3         0         0         0      1704
         2      2095         2         3        15         2         2         2         1         0      1439
         2      2095         2         3        16         2         1         2         1         1      1362
         2      2095         2         3        17         7         3         9         0         0      2712
         2      2095         2         3        18         6         3         6         1         0      2776
         2      2095         2         3        19        10         2         0         1         0      1670
         2      2095         2         3        20         2         4         2         1         0      1471
         2      2095         2         3        21        10         3         0         1         0      1457
         2      2095         2         3        22         8         1         8         1         1      1907
         2      2095         2         3        23         5         1         5         1         1      1298
         2      2095         2         3        24         3         4         1         0         0      5275
         2      2095         2         3        25         8         2         8         1         0      2179
         2      2095         2         3        26        10         4         0         1         0      3543
         2      2095         2         3        27         6         2         6         1         0      1638
         2      2095         2         3        28         1         1         1         1         1      1760
         2      2095         2         3        29         5         3         6         0         0      1365
         2      2095         2         3        30         1         4         9         0         0      2954
         2      2095         2         3        31         6         4         6         1         0      2304
         2      2095         2         3        32         8         3         7         0         0      5967
         2      2095         2         3        33         3         3         7         0         0      1678
         2      2095         2         3        34         4         2         4         1         0      1334
         2      2095         2         3        35         4         4         4         1         0      2507
         2      2095         2         3        36         1         3         8         0         0      3396
         2      2095         2         3        37         7         1         7         1         1      2472
         2      2095         2         3        38         3         2         3         1         0      1777
         2      2095         2         3        39         5         4         7         0         0      2550
         2      2095         2         3        40         4         1         4         1         1      2139
         2      2095         2         4         1         2         4         2         1         0      1746
         2      2095         2         4         2         8         1         8         1         0      2041
         2      2095         2         4         3         1         4         9         0         0      2036
         2      2095         2         4         4         6         1         6         1         0      1519
         2      2095         2         4         5         5         2         5         1         1      1246
         2      2095         2         4         6         2         1         2         1         0      1417
         2      2095         2         4         7         4         1         4         1         0      1819
         2      2095         2         4         8         4         2         4         1         1      1342
         2      2095         2         4         9         2         3         2         1         0      1285
         2      2095         2         4        10         5         3         6         0         0      1213
         2      2095         2         4        11         7         3         9         0         0      2920
         2      2095         2         4        12         3         3         7         0         0      1600
         2      2095         2         4        13         5         1         5         1         0      2779
         2      2095         2         4        14         1         3         7         0         0      1800
         2      2095         2         4        15         8         3         7         0         0      1627
         2      2095         2         4        16         6         2         6         1         1      2199
         2      2095         2         4        17         3         1         3         1         0      3979
         2      2095         2         4        18         7         2         7         1         1      2073
         2      2095         2         4        19         3         4         3         1         0      4211
         2      2095         2         4        20         5         4         8         0         0      6149
         2      2095         2         4        21         2         2         2         1         1      1595
         2      2095         2         4        22         9         2         9         1         1      3991
         2      2095         2         4        23         1         2         1         1         1      3059
         2      2095         2         4        24        10         2         0         1         1      1141
         2      2095         2         4        25         1         1         1         1         0      1539
         2      2095         2         4        26         6         3         6         1         0      3634
         2      2095         2         4        27         9         3         7         0         0     13182
         2      2095         2         4        28         9         4         2         0         0      1930
         2      2095         2         4        29         8         4         7         0         0      1608
         2      2095         2         4        30         3         2         3         1         1      2228
         2      2095         2         4        31         8         2         8         1         1      1702
         2      2095         2         4        32         7         4         8         0         0      2254
         2      2095         2         4        33         7         1         7         1         0      2209
         2      2095         2         4        34        10         4         0         1         0      2036
         2      2095         2         4        35         4         4         4         1         0      1709
         2      2095         2         4        36         4         3         0         0         0      1622
         2      2095         2         4        37         9         1         9         1         0      2706
         2      2095         2         4        38         6         4         6         1         0      1794
         2      2095         2         4        39        10         3         0         1         0     11238
         2      2095         2         4        40        10         1         0         1         0      1330
