Condition Subject Session Block Trial Subtype Token Response Correct Feedback RT 
         1      1091         1         1         1         5         1         9         0         1     20999
         1      1091         1         1         2         6         2         1         0         1      5455
         1      1091         1         1         3         6         1         8         0         1      7888
         1      1091         1         1         4         4         2         3         0         1      3711
         1      1091         1         1         5         7         2         5         0         1      5254
         1      1091         1         1         6         2         2         9         0         1      2464
         1      1091         1         1         7         5         2         5         1         1      3465
         1      1091         1         1         8         9         1         4         0         1      2744
         1      1091         1         1         9         2         1         8         0         1      3942
         1      1091         1         1        10         8         2         2         0         1      5412
         1      1091         1         1        11         2         2         2         1         1      9095
         1      1091         1         1        12        10         2         3         0         1      2391
         1      1091         1         1        13         1         2         5         0         1      2179
         1      1091         1         1        14         1         1         1         1         1      2533
         1      1091         1         1        15         7         1         1         0         1      1565
         1      1091         1         1        16         1         2         7         0         1      3977
         1      1091         1         1        17         3         2         7         0         1      3062
         1      1091         1         1        18        10         1         0         1         1      6470
         1      1091         1         1        19         6         2         6         1         1      5182
         1      1091         1         1        20         8         1         4         0         1      6089
         1      1091         1         1        21         2         1         1         0         1      5345
         1      1091         1         1        22        10         2         1         0         1      2727
         1      1091         1         1        23        10         1         0         1         1      4629
         1      1091         1         1        24         7         2         7         1         1      5863
         1      1091         1         1        25         3         2         8         0         1      7272
         1      1091         1         1        26         4         2         2         0         1      3632
         1      1091         1         1        27         5         2         1         0         1      2907
         1      1091         1         1        28         9         2         9         1         1      3058
         1      1091         1         1        29         8         1         0         0         1      3811
         1      1091         1         1        30         3         1         7         0         1      3879
         1      1091         1         1        31         4         1         7         0         1      1800
         1      1091         1         1        32         8         2         9         0         1      2011
         1      1091         1         1        33         5         1         4         0         1      2966
         1      1091         1         1        34         9         2         9         1         1      1643
         1      1091         1         1        35         9         1         9         1         1       804
         1      1091         1         1        36         1         1         0         0         1      5631
         1      1091         1         1        37         6         1         6         1         1      5304
         1      1091         1         1        38         4         1         1         0         1      6448
         1      1091         1         1        39         7         1         7         1         1      3819
         1      1091         1         1        40         3         1         7         0         1      1983
         1      1091         1         2         1         4         1         3         0         1      6168
         1      1091         1         2         2         1         1         2         0         1     10396
         1      1091         1         2         3         3         2         7         0         1      3624
         1      1091         1         2         4         6         1         6         1         1      2468
         1      1091         1         2         5        10         2         1         0         1      2446
         1      1091         1         2         6         7         1         7         1         1      2184
         1      1091         1         2         7        10         2         0         1         1      3645
         1      1091         1         2         8         2         2         4         0         1      3447
         1      1091         1         2         9         1         1         3         0         1      6408
         1      1091         1         2        10         4         1         3         0         1      2052
         1      1091         1         2        11         2         1         3         0         1      1774
         1      1091         1         2        12         1         2         5         0         1      2115
         1      1091         1         2        13         4         2         2         0         1      4233
         1      1091         1         2        14         8         2         0         0         1      6444
         1      1091         1         2        15         9         1         9         1         1      1589
         1      1091         1         2        16         8         1         0         0         1      1489
         1      1091         1         2        17         5         2         5         1         1      1554
         1      1091         1         2        18         6         1         6         1         1      1695
         1      1091         1         2        19         8         2         8         1         1      4119
         1      1091         1         2        20         8         1         8         1         1      3581
         1      1091         1         2        21        10         1         2         0         1      3257
         1      1091         1         2        22         1         2         1         1         1      2675
         1      1091         1         2        23         9         2         9         1         1      1428
         1      1091         1         2        24         6         2         6         1         1      1430
         1      1091         1         2        25         3         2         7         0         1      3544
         1      1091         1         2        26         3         1         5         0         1      2070
         1      1091         1         2        27         7         2         7         1         1      2127
         1      1091         1         2        28        10         1         0         1         1      3252
         1      1091         1         2        29         5         1         5         1         1      2014
         1      1091         1         2        30         2         2         2         1         1      2026
         1      1091         1         2        31         4         2         2         0         1      1125
         1      1091         1         2        32         3         1         5         0         1      3092
         1      1091         1         2        33         5         1         5         1         1      1332
         1      1091         1         2        34         6         2         6         1         1      1034
         1      1091         1         2        35         7         2         7         1         1      1901
         1      1091         1         2        36         9         1         9         1         1      1244
         1      1091         1         2        37         9         2         9         1         1      3014
         1      1091         1         2        38         2         1         6         0         1      2473
         1      1091         1         2        39         7         1         7         1         1      2371
         1      1091         1         2        40         5         2         5         1         1      2224
         1      1091         1         3         1         9         2         9         1         1      1962
         1      1091         1         3         2         8         2         0         0         1      4423
         1      1091         1         3         3         5         2         5         1         1      2339
         1      1091         1         3         4         2         2         2         1         1      3889
         1      1091         1         3         5         8         1         8         1         1      2834
         1      1091         1         3         6         8         2         8         1         1      7245
         1      1091         1         3         7         4         1         2         0         1      1607
         1      1091         1         3         8         2         1         2         1         1       867
         1      1091         1         3         9         9         1         9         1         1      1259
         1      1091         1         3        10         4         2         2         0         1      5491
         1      1091         1         3        11         4         2         4         1         1      3315
         1      1091         1         3        12         7         1         7         1         1      2667
         1      1091         1         3        13         6         2         6         1         1      1212
         1      1091         1         3        14         6         2         6         1         1      4967
         1      1091         1         3        15        10         2         1         0         1      2125
         1      1091         1         3        16         2         1         2         1         1      2052
         1      1091         1         3        17        10         1         0         1         1      1580
         1      1091         1         3        18         1         2         5         0         1      2777
         1      1091         1         3        19         1         1         1         1         1      2773
         1      1091         1         3        20         9         2         9         1         1      1362
         1      1091         1         3        21        10         1         0         1         1      2886
         1      1091         1         3        22         5         1         5         1         1      1839
         1      1091         1         3        23        10         2         0         1         1      2690
         1      1091         1         3        24         6         1         6         1         1      1282
         1      1091         1         3        25         3         1         5         0         1      1723
         1      1091         1         3        26         3         2         5         0         1      2659
         1      1091         1         3        27         9         1         9         1         1      1236
         1      1091         1         3        28         3         2         3         1         1      2926
         1      1091         1         3        29         3         1         3         1         1      1559
         1      1091         1         3        30         5         2         5         1         1      2212
         1      1091         1         3        31         7         2         7         1         1      2504
         1      1091         1         3        32         1         1         1         1         1      3838
         1      1091         1         3        33         7         2         7         1         1      1537
         1      1091         1         3        34         6         1         6         1         1      1152
         1      1091         1         3        35         7         1         7         1         1      2494
         1      1091         1         3        36         1         2         5         0         1      2982
         1      1091         1         3        37         5         1         5         1         1      1099
         1      1091         1         3        38         2         2         2         1         1      1771
         1      1091         1         3        39         4         1         3         0         1      3537
         1      1091         1         3        40         8         1         8         1         1      3231
         1      1091         1         4         1         3         1         3         1         1      6713
         1      1091         1         4         2         7         1         7         1         1      2089
         1      1091         1         4         3         4         1         4         1         1      2082
         1      1091         1         4         4         2         1         2         1         1      1691
         1      1091         1         4         5         9         1         9         1         1      1330
         1      1091         1         4         6         4         1         4         1         1      1033
         1      1091         1         4         7         6         2         6         1         1      1068
         1      1091         1         4         8         2         1         2         1         1      1277
         1      1091         1         4         9        10         2         0         1         1      1527
         1      1091         1         4        10         4         2         3         0         1      5460
         1      1091         1         4        11         9         1         9         1         1       997
         1      1091         1         4        12         6         1         6         1         1       905
         1      1091         1         4        13         1         1         1         1         1      1344
         1      1091         1         4        14         7         1         7         1         1       983
         1      1091         1         4        15         2         2         2         1         1      1227
         1      1091         1         4        16         8         2         0         0         1      4326
         1      1091         1         4        17        10         1         0         1         1      1299
         1      1091         1         4        18         8         1         8         1         1      4010
         1      1091         1         4        19         1         2         5         0         1      2262
         1      1091         1         4        20        10         1         0         1         1      1350
         1      1091         1         4        21         9         2         9         1         1      1132
         1      1091         1         4        22         9         2         9         1         1      2138
         1      1091         1         4        23         8         2         8         1         1      4673
         1      1091         1         4        24         3         1         3         1         1      6419
         1      1091         1         4        25         2         2         2         1         1       830
         1      1091         1         4        26         5         2         5         1         1      3801
         1      1091         1         4        27         5         1         5         1         1      1517
         1      1091         1         4        28         1         1         1         1         1      1179
         1      1091         1         4        29         3         2         3         1         1      3336
         1      1091         1         4        30         6         1         6         1         1      1326
         1      1091         1         4        31         5         2         5         1         1      1894
         1      1091         1         4        32         3         2         3         1         1      1287
         1      1091         1         4        33         8         1         8         1         1      1792
         1      1091         1         4        34         6         2         6         1         1       995
         1      1091         1         4        35         5         1         5         1         1       951
         1      1091         1         4        36        10         2         0         1         1      2381
         1      1091         1         4        37         7         2         7         1         1      1930
         1      1091         1         4        38         1         2         1         1         1      2009
         1      1091         1         4        39         4         2         3         0         1      1171
         1      1091         1         4        40         7         2         7         1         1      1121
         1      1091         1         5         1         8         1         8         1         1      4575
         1      1091         1         5         2         3         2         3         1         1     12628
         1      1091         1         5         3        10         2         0         1         1      3496
         1      1091         1         5         4         3         2         3         1         1      2008
         1      1091         1         5         5         9         2         9         1         1      1012
         1      1091         1         5         6         2         1         3         0         1      2327
         1      1091         1         5         7         6         1         6         1         1      1381
         1      1091         1         5         8         4         1         4         1         1      1850
         1      1091         1         5         9        10         1         0         1         1      1659
         1      1091         1         5        10         2         1         2         1         1      1557
         1      1091         1         5        11         1         1         1         1         1      1058
         1      1091         1         5        12         2         2         4         0         1      2755
         1      1091         1         5        13         4         2         4         1         1     11999
         1      1091         1         5        14         4         2         4         1         1      1867
         1      1091         1         5        15         9         1         9         1         1      1258
         1      1091         1         5        16        10         2         0         1         1      1893
         1      1091         1         5        17         7         2         7         1         1      1686
         1      1091         1         5        18         8         2         8         1         1      1982
         1      1091         1         5        19         3         1         3         1         1      4587
         1      1091         1         5        20         6         2         6         1         1      1135
         1      1091         1         5        21         7         1         7         1         1      2062
         1      1091         1         5        22         7         2         7         1         1      1320
         1      1091         1         5        23         8         2         8         1         1      1375
         1      1091         1         5        24         1         2         1         1         1      3124
         1      1091         1         5        25         5         1         5         1         1      1044
         1      1091         1         5        26         3         1         3         1         1      1398
         1      1091         1         5        27         1         1         1         1         1      2825
         1      1091         1         5        28         7         1         7         1         1      3045
         1      1091         1         5        29         9         2         9         1         1      2647
         1      1091         1         5        30         2         2         4         0         1      3320
         1      1091         1         5        31        10         1         0         1         1      1503
         1      1091         1         5        32         6         1         6         1         1      1023
         1      1091         1         5        33         4         1         4         1         1      2211
         1      1091         1         5        34         9         1         9         1         1      1141
         1      1091         1         5        35         5         2         7         0         1      6947
         1      1091         1         5        36         6         2         6         1         1      1033
         1      1091         1         5        37         5         1         5         1         1      1308
         1      1091         1         5        38         8         1         8         1         1      2259
         1      1091         1         5        39         5         2         5         1         1      1573
         1      1091         1         5        40         1         2         1         1         1      2019
         1      1091         1         6         1         7         1         7         1         1      3201
         1      1091         1         6         2         3         2         3         1         1      7821
         1      1091         1         6         3         2         1         2         1         1      2369
         1      1091         1         6         4         7         2         7         1         1      1726
         1      1091         1         6         5         8         1         8         1         1      1574
         1      1091         1         6         6         9         1         9         1         1      1522
         1      1091         1         6         7         4         2         2         0         1      2032
         1      1091         1         6         8         1         1         1         1         1      1194
         1      1091         1         6         9         4         2         4         1         1      3332
         1      1091         1         6        10         6         1         6         1         1      1579
         1      1091         1         6        11        10         2         0         1         1      2376
         1      1091         1         6        12         3         1         3         1         1      6343
         1      1091         1         6        13         1         2         1         1         1      1797
         1      1091         1         6        14         8         1         8         1         1      1720
         1      1091         1         6        15        10         2         0         1         1      1536
         1      1091         1         6        16         4         1         4         1         1      2239
         1      1091         1         6        17         2         2         2         1         1      1953
         1      1091         1         6        18         8         2         8         1         1      2911
         1      1091         1         6        19         5         2         5         1         1      1525
         1      1091         1         6        20         5         1         5         1         1      1237
         1      1091         1         6        21         7         2         7         1         1      1103
         1      1091         1         6        22         2         2         2         1         1      2287
         1      1091         1         6        23         3         1         3         1         1      3471
         1      1091         1         6        24         3         2         3         1         1      1185
         1      1091         1         6        25         9         1         9         1         1      1084
         1      1091         1         6        26         5         2         5         1         1      1410
         1      1091         1         6        27         5         1         5         1         1       897
         1      1091         1         6        28         9         2         9         1         1      1224
         1      1091         1         6        29        10         1         0         1         1      1122
         1      1091         1         6        30         7         1         7         1         1      1250
         1      1091         1         6        31         1         2         1         1         1      1563
         1      1091         1         6        32         9         2         9         1         1      1113
         1      1091         1         6        33         8         2         8         1         1      1464
         1      1091         1         6        34         1         1         1         1         1      1352
         1      1091         1         6        35         6         2         6         1         1      1005
         1      1091         1         6        36         6         2         6         1         1      1616
         1      1091         1         6        37         6         1         6         1         1       843
         1      1091         1         6        38         4         1         4         1         1      2263
         1      1091         1         6        39         2         1         2         1         1      3032
         1      1091         1         6        40        10         1         0         1         1      1337
         1      1091         2         1         1         7         2         7         1         0      2665
         1      1091         2         1         2        10         3         7         0         0      4201
         1      1091         2         1         3         3         1         3         1         1      2733
         1      1091         2         1         4         1         2         1         1         0      1371
         1      1091         2         1         5         6         2         6         1         0      1199
         1      1091         2         1         6         7         1         7         1         1      1244
         1      1091         2         1         7         9         3         9         1         0      1269
         1      1091         2         1         8         6         4         6         1         0      1228
         1      1091         2         1         9         2         1         2         1         1      1462
         1      1091         2         1        10         6         3         6         1         0      1447
         1      1091         2         1        11         9         4         9         1         0      1528
         1      1091         2         1        12         8         1         8         1         1      1414
         1      1091         2         1        13         4         2         4         1         0      2968
         1      1091         2         1        14         5         2         5         1         0      2365
         1      1091         2         1        15         2         3         2         1         0      2729
         1      1091         2         1        16         1         3         3         0         0      4952
         1      1091         2         1        17         1         1         1         1         1      1148
         1      1091         2         1        18        10         2         0         1         0      1404
         1      1091         2         1        19         4         3         4         1         0      4047
         1      1091         2         1        20        10         4         1         0         0      2617
         1      1091         2         1        21         2         2         2         1         0      2077
         1      1091         2         1        22         3         3         5         0         0      8566
         1      1091         2         1        23         6         1         6         1         1       971
         1      1091         2         1        24         8         4         0         0         0      4208
         1      1091         2         1        25         1         4         7         0         0      4339
         1      1091         2         1        26         7         3         0         0         0      6562
         1      1091         2         1        27         5         3         3         0         0      3926
         1      1091         2         1        28         4         4         4         1         0      2630
         1      1091         2         1        29         5         4         7         0         0      4600
         1      1091         2         1        30         4         1         4         1         1      1740
         1      1091         2         1        31         8         2         8         1         0      1331
         1      1091         2         1        32        10         1         0         1         1      1449
         1      1091         2         1        33         9         2         9         1         0      1339
         1      1091         2         1        34         8         3         0         0         0      1458
         1      1091         2         1        35         3         4         7         0         0      2740
         1      1091         2         1        36         9         1         9         1         1      1185
         1      1091         2         1        37         7         4         7         1         0      2894
         1      1091         2         1        38         5         1         5         1         1      1958
         1      1091         2         1        39         3         2         3         1         0      3939
         1      1091         2         1        40         2         4         2         1         0      2098
         1      1091         2         2         1         1         3         7         0         0      7477
         1      1091         2         2         2        10         3         0         1         0      2772
         1      1091         2         2         3         4         1         4         1         0      1234
         1      1091         2         2         4         8         4         0         0         0      1580
         1      1091         2         2         5         5         4         8         0         0     11992
         1      1091         2         2         6         6         2         6         1         1      1188
         1      1091         2         2         7         7         2         7         1         1      1233
         1      1091         2         2         8         5         2         5         1         1      2507
         1      1091         2         2         9         4         4         2         0         0      2691
         1      1091         2         2        10         3         2         3         1         1      1844
         1      1091         2         2        11         4         2         4         1         1      4182
         1      1091         2         2        12         3         3         8         0         0      6651
         1      1091         2         2        13         9         3         9         1         0      1278
         1      1091         2         2        14         5         1         5         1         0      1270
         1      1091         2         2        15         8         1         8         1         0      1199
         1      1091         2         2        16         3         1         3         1         0      3131
         1      1091         2         2        17         7         3         7         1         0      4298
         1      1091         2         2        18         1         2         1         1         1      1961
         1      1091         2         2        19         4         3         4         1         0      2327
         1      1091         2         2        20         9         2         9         1         1      1222
         1      1091         2         2        21         2         3         2         1         0      1569
         1      1091         2         2        22         2         2         2         1         1      1583
         1      1091         2         2        23         8         3         0         0         0      1915
         1      1091         2         2        24         9         4         9         1         0      1195
         1      1091         2         2        25         7         1         7         1         0      1319
         1      1091         2         2        26         3         4         3         1         0      1999
         1      1091         2         2        27         9         1         9         1         0      1193
         1      1091         2         2        28         2         1         2         1         0      1478
         1      1091         2         2        29         1         4         5         0         0      4166
         1      1091         2         2        30        10         2         0         1         1      4092
         1      1091         2         2        31         6         4         6         1         0      1139
         1      1091         2         2        32         1         1         1         1         0      1153
         1      1091         2         2        33         6         1         6         1         0      1167
         1      1091         2         2        34         8         2         8         1         1      1324
         1      1091         2         2        35         5         3         3         0         0      1683
         1      1091         2         2        36         6         3         6         1         0      1132
         1      1091         2         2        37        10         4         1         0         0      3034
         1      1091         2         2        38         2         4         2         1         0      2077
         1      1091         2         2        39        10         1         0         1         0      1365
         1      1091         2         2        40         7         4         7         1         0      2474
         1      1091         2         3         1         6         3         6         1         0      1751
         1      1091         2         3         2         8         1         8         1         1      1357
         1      1091         2         3         3         7         4         7         1         0      1714
         1      1091         2         3         4         3         2         3         1         0      1962
         1      1091         2         3         5        10         1         0         1         1      1271
         1      1091         2         3         6        10         4         1         0         0      1361
         1      1091         2         3         7         8         3         0         0         0      1318
         1      1091         2         3         8         6         4         6         1         0      1148
         1      1091         2         3         9         6         2         6         1         0      2730
         1      1091         2         3        10         7         2         7         1         0     26167
         1      1091         2         3        11         4         4         2         0         0      1789
         1      1091         2         3        12         2         4         2         1         0      1201
         1      1091         2         3        13         2         3         2         1         0      1053
         1      1091         2         3        14         6         1         6         1         1      1182
         1      1091         2         3        15         5         1         5         1         1      1051
         1      1091         2         3        16        10         2         0         1         0      1340
         1      1091         2         3        17         7         1         7         1         1      1172
         1      1091         2         3        18         2         2         4         0         0      2672
         1      1091         2         3        19         4         1         4         1         1      1186
         1      1091         2         3        20         3         1         3         1         1      1759
         1      1091         2         3        21         7         3         3         0         0      3812
         1      1091         2         3        22         1         2         1         1         0      2840
         1      1091         2         3        23         9         2         9         1         0      1346
         1      1091         2         3        24         5         3         3         0         0      2136
         1      1091         2         3        25         4         3         4         1         0      1327
         1      1091         2         3        26        10         3         0         1         0      1909
         1      1091         2         3        27         3         3         8         0         0      3300
         1      1091         2         3        28         2         1         2         1         1      2396
         1      1091         2         3        29         1         1         1         1         1       760
         1      1091         2         3        30         1         4         3         0         0      3286
         1      1091         2         3        31         3         4         3         1         0       862
         1      1091         2         3        32         9         4         9         1         0      1174
         1      1091         2         3        33         1         3         3         0         0      1284
         1      1091         2         3        34         9         1         9         1         1      1067
         1      1091         2         3        35         5         2         5         1         0      1324
         1      1091         2         3        36         9         3         9         1         0       995
         1      1091         2         3        37         8         2         8         1         0      1079
         1      1091         2         3        38         8         4         0         0         0      1287
         1      1091         2         3        39         4         2         4         1         0      1406
         1      1091         2         3        40         5         4         0         0         0      8993
         1      1091         2         4         1         7         4         7         1         0      7423
         1      1091         2         4         2         8         1         0         0         0      1139
         1      1091         2         4         3         3         3         8         0         0      1714
         1      1091         2         4         4         4         2         4         1         1      1289
         1      1091         2         4         5         6         3         6         1         0      1153
         1      1091         2         4         6         3         2         3         1         1      1279
         1      1091         2         4         7         5         1         5         1         0      1159
         1      1091         2         4         8        10         3         0         1         0      1205
         1      1091         2         4         9         7         3         0         0         0      1137
         1      1091         2         4        10         2         2         2         1         1      1599
         1      1091         2         4        11         9         3         9         1         0      1099
         1      1091         2         4        12         6         2         6         1         1      1083
         1      1091         2         4        13         3         4         3         1         0      1467
         1      1091         2         4        14         7         1         7         1         0      1213
         1      1091         2         4        15         8         4         0         0         0      1064
         1      1091         2         4        16         6         4         6         1         0      1031
         1      1091         2         4        17        10         2         0         1         1      1339
         1      1091         2         4        18         2         4         2         1         0      1185
         1      1091         2         4        19         6         1         6         1         0       957
         1      1091         2         4        20         4         1         4         1         0      1091
         1      1091         2         4        21         5         3         5         1         0      1700
         1      1091         2         4        22         5         4         5         1         0      1483
         1      1091         2         4        23         5         2         5         1         1      1692
         1      1091         2         4        24         2         1         2         1         0      1220
         1      1091         2         4        25         1         4         7         0         0      2384
         1      1091         2         4        26         4         4         2         0         0      1164
         1      1091         2         4        27        10         4         1         0         0      3386
         1      1091         2         4        28         1         3         7         0         0      3373
         1      1091         2         4        29         9         4         9         1         0      1106
         1      1091         2         4        30         4         3         4         1         0      1683
         1      1091         2         4        31         2         3         2         1         0      1067
         1      1091         2         4        32         8         2         8         1         1      1292
         1      1091         2         4        33         9         2         9         1         1      1076
         1      1091         2         4        34         8         3         0         0         0      1301
         1      1091         2         4        35         1         1         1         1         0      1132
         1      1091         2         4        36        10         1         0         1         0      1528
         1      1091         2         4        37         9         1         9         1         0      1141
         1      1091         2         4        38         3         1         3         1         0      5268
         1      1091         2         4        39         1         2         1         1         1      3150
         1      1091         2         4        40         7         2         7         1         1      1419
