Condition Subject Session Block Trial Subtype Token Response Correct Feedback RT 
         1      1052         1         1         1         6         1         2         0         1     56581
         1      1052         1         1         2         5         1         4         0         1      4107
         1      1052         1         1         3         9         2         2         0         1      9730
         1      1052         1         1         4         2         2         0         0         1      9111
         1      1052         1         1         5         8         2         7         0         1      6742
         1      1052         1         1         6         7         2         7         1         1      7763
         1      1052         1         1         7         1         1         1         1         1      1877
         1      1052         1         1         8         2         2         5         0         1      8086
         1      1052         1         1         9         3         2         3         1         1      2366
         1      1052         1         1        10         9         2         5         0         1      3210
         1      1052         1         1        11         5         1         6         0         1      6037
         1      1052         1         1        12         7         2         7         1         1      5663
         1      1052         1         1        13        10         2         4         0         1      2936
         1      1052         1         1        14         2         1         4         0         1      2191
         1      1052         1         1        15         4         2         5         0         1      4305
         1      1052         1         1        16         7         1         8         0         1      6305
         1      1052         1         1        17         2         1         1         0         1      1969
         1      1052         1         1        18         4         1         3         0         1      1854
         1      1052         1         1        19         8         2         2         0         1      5456
         1      1052         1         1        20         6         1         1         0         1      1568
         1      1052         1         1        21         4         2         2         0         1      2828
         1      1052         1         1        22        10         1         8         0         1      3077
         1      1052         1         1        23         6         2         6         1         1      3411
         1      1052         1         1        24         7         1         7         1         1      3287
         1      1052         1         1        25         3         2         0         0         1      5247
         1      1052         1         1        26         8         1         7         0         1      3255
         1      1052         1         1        27         3         1         7         0         1      7039
         1      1052         1         1        28         5         2         3         0         1      1857
         1      1052         1         1        29        10         2         2         0         1      2850
         1      1052         1         1        30         1         2         4         0         1      4124
         1      1052         1         1        31         8         1         0         0         1      2369
         1      1052         1         1        32         4         1         8         0         1      2479
         1      1052         1         1        33         1         2         8         0         1      1815
         1      1052         1         1        34         9         1         3         0         1      3400
         1      1052         1         1        35         1         1         1         1         1      1578
         1      1052         1         1        36         6         2         9         0         1      3557
         1      1052         1         1        37         5         2         5         1         1      6210
         1      1052         1         1        38         9         1         0         0         1      3572
         1      1052         1         1        39         3         1         0         0         1      1792
         1      1052         1         1        40        10         1         0         1         1      1523
         1      1052         1         2         1        10         1         7         0         1     12276
         1      1052         1         2         2         3         1         5         0         1      4980
         1      1052         1         2         3         3         1         3         1         1      1625
         1      1052         1         2         4         7         2         7         1         1      2098
         1      1052         1         2         5         8         2         2         0         1      7993
         1      1052         1         2         6         4         2         4         1         1      4900
         1      1052         1         2         7         9         2         9         1         1      3611
         1      1052         1         2         8        10         2         2         0         1      2822
         1      1052         1         2         9         9         1         3         0         1      5567
         1      1052         1         2        10         7         1         8         0         1      2172
         1      1052         1         2        11         6         1         6         1         1      4769
         1      1052         1         2        12         8         1         0         0         1      1676
         1      1052         1         2        13         3         2         5         0         1      3092
         1      1052         1         2        14         1         1         1         1         1      1234
         1      1052         1         2        15         6         2         8         0         1      5372
         1      1052         1         2        16         7         1         7         1         1      3201
         1      1052         1         2        17        10         2         0         1         1      1821
         1      1052         1         2        18        10         1         8         0         1      4143
         1      1052         1         2        19         6         1         6         1         1      3540
         1      1052         1         2        20         9         2         3         0         1      7105
         1      1052         1         2        21         7         2         4         0         1      5392
         1      1052         1         2        22         5         2         5         1         1      1492
         1      1052         1         2        23         3         2         3         1         1      8020
         1      1052         1         2        24         1         2         0         0         1      4206
         1      1052         1         2        25         4         1         2         0         1      7745
         1      1052         1         2        26         8         1         0         0         1      1047
         1      1052         1         2        27         2         2         4         0         1      3976
         1      1052         1         2        28         6         2         6         1         1      2916
         1      1052         1         2        29         5         1         7         0         1      3323
         1      1052         1         2        30         1         1         1         1         1      1904
         1      1052         1         2        31         8         2         0         0         1      5072
         1      1052         1         2        32         4         2         5         0         1      5680
         1      1052         1         2        33         1         2         5         0         1       904
         1      1052         1         2        34         2         1         0         0         1      1552
         1      1052         1         2        35         9         1         9         1         1      2605
         1      1052         1         2        36         5         1         5         1         1      3472
         1      1052         1         2        37         4         1         1         0         1      2322
         1      1052         1         2        38         2         2         4         0         1      1185
         1      1052         1         2        39         2         1         2         1         1      3853
         1      1052         1         2        40         5         2         5         1         1      1519
         1      1052         1         3         1         3         1         5         0         1      3047
         1      1052         1         3         2         6         2         6         1         1      1880
         1      1052         1         3         3         9         2         9         1         1      3273
         1      1052         1         3         4         2         1         2         1         1      2033
         1      1052         1         3         5         5         2         5         1         1      1212
         1      1052         1         3         6         3         2         3         1         1      2215
         1      1052         1         3         7         7         2         7         1         1      5850
         1      1052         1         3         8        10         1         0         1         1      1915
         1      1052         1         3         9         1         1         4         0         1      2825
         1      1052         1         3        10         2         2         4         0         1      1667
         1      1052         1         3        11         4         2         4         1         1       748
         1      1052         1         3        12        10         2         3         0         1      2554
         1      1052         1         3        13         5         2         5         1         1      1215
         1      1052         1         3        14         6         1         9         0         1      2010
         1      1052         1         3        15         9         1         1         0         1      8996
         1      1052         1         3        16         3         2         3         1         1      1720
         1      1052         1         3        17         7         1         7         1         1      3407
         1      1052         1         3        18         1         2         1         1         1      1843
         1      1052         1         3        19         4         2         4         1         1      2212
         1      1052         1         3        20        10         1         0         1         1      5142
         1      1052         1         3        21         9         2         9         1         1      4692
         1      1052         1         3        22         6         2         6         1         1      1682
         1      1052         1         3        23         7         2         7         1         1      1835
         1      1052         1         3        24         1         1         1         1         1      1692
         1      1052         1         3        25         2         2         2         1         1      2148
         1      1052         1         3        26         5         1         3         0         1      6905
         1      1052         1         3        27         8         1         0         0         1      1809
         1      1052         1         3        28        10         2         0         1         1      2117
         1      1052         1         3        29         2         1         4         0         1      5276
         1      1052         1         3        30         6         1         6         1         1      2148
         1      1052         1         3        31         8         2         5         0         1      1866
         1      1052         1         3        32         8         1         8         1         1      3755
         1      1052         1         3        33         9         1         0         0         1      5247
         1      1052         1         3        34         5         1         8         0         1      5721
         1      1052         1         3        35         4         1         2         0         1      1905
         1      1052         1         3        36         3         1         3         1         1      2673
         1      1052         1         3        37         8         2         5         0         1      3954
         1      1052         1         3        38         4         1         4         1         1      3344
         1      1052         1         3        39         7         1         1         0         1      4983
         1      1052         1         3        40         1         2         1         1         1      1691
         1      1052         1         4         1         9         2         9         1         1      5996
         1      1052         1         4         2         3         2         1         0         1      2792
         1      1052         1         4         3         8         1         8         1         1      5107
         1      1052         1         4         4         4         2         4         1         1      3570
         1      1052         1         4         5         7         2         7         1         1      2015
         1      1052         1         4         6         8         2         8         1         1      4234
         1      1052         1         4         7         5         2         5         1         1      1565
         1      1052         1         4         8         5         1         8         0         1      2106
         1      1052         1         4         9         4         2         4         1         1      2208
         1      1052         1         4        10         5         2         5         1         1      1236
         1      1052         1         4        11         1         1         1         1         1      1453
         1      1052         1         4        12         6         1         6         1         1      1439
         1      1052         1         4        13         1         2         8         0         1      5344
         1      1052         1         4        14         6         2         6         1         1      1541
         1      1052         1         4        15         1         1         1         1         1      1394
         1      1052         1         4        16         7         1         9         0         1      2310
         1      1052         1         4        17        10         1         5         0         1      5124
         1      1052         1         4        18         6         2         6         1         1      1170
         1      1052         1         4        19         9         1         9         1         1      2382
         1      1052         1         4        20        10         2         8         0         1      2858
         1      1052         1         4        21         4         1         4         1         1      2436
         1      1052         1         4        22         2         2         2         1         1      1471
         1      1052         1         4        23         8         1         8         1         1      1760
         1      1052         1         4        24         7         2         7         1         1      1637
         1      1052         1         4        25         9         2         9         1         1      3023
         1      1052         1         4        26         7         1         7         1         1      3090
         1      1052         1         4        27         2         1         1         0         1      7954
         1      1052         1         4        28         3         1         3         1         1      1888
         1      1052         1         4        29         2         1         2         1         1      1440
         1      1052         1         4        30         2         2         2         1         1      5506
         1      1052         1         4        31         5         1         5         1         1      2321
         1      1052         1         4        32         4         1         4         1         1      2321
         1      1052         1         4        33         9         1         9         1         1      3535
         1      1052         1         4        34        10         1         8         0         1      3885
         1      1052         1         4        35        10         2         0         1         1      1230
         1      1052         1         4        36         8         2         8         1         1      2969
         1      1052         1         4        37         3         2         3         1         1      2815
         1      1052         1         4        38         6         1         6         1         1      1545
         1      1052         1         4        39         1         2         8         0         1      2135
         1      1052         1         4        40         3         1         1         0         1      5709
         1      1052         1         5         1        10         2         8         0         1      3255
         1      1052         1         5         2         1         1         1         1         1      1312
         1      1052         1         5         3        10         2         0         1         1       920
         1      1052         1         5         4         9         1         9         1         1      1854
         1      1052         1         5         5         5         2         5         1         1      1295
         1      1052         1         5         6         3         1         3         1         1      1544
         1      1052         1         5         7         5         1         5         1         1      3782
         1      1052         1         5         8        10         1         0         1         1      2377
         1      1052         1         5         9         4         1         4         1         1      1766
         1      1052         1         5        10         6         2         6         1         1      1290
         1      1052         1         5        11         3         2         3         1         1      1971
         1      1052         1         5        12         5         1         0         0         1      6544
         1      1052         1         5        13         4         1         4         1         1      1510
         1      1052         1         5        14         7         2         7         1         1      2134
         1      1052         1         5        15         2         2         2         1         1      2157
         1      1052         1         5        16         7         1         8         0         1      2051
         1      1052         1         5        17         3         2         3         1         1      1453
         1      1052         1         5        18         1         1         1         1         1      1198
         1      1052         1         5        19         4         2         4         1         1      2376
         1      1052         1         5        20         6         2         6         1         1      1268
         1      1052         1         5        21         9         2         9         1         1      1485
         1      1052         1         5        22        10         1         0         1         1      1725
         1      1052         1         5        23         9         2         9         1         1      1171
         1      1052         1         5        24         8         1         7         0         1      4192
         1      1052         1         5        25         3         1         3         1         1      2532
         1      1052         1         5        26         1         2         1         1         1      1659
         1      1052         1         5        27         1         2         1         1         1      1220
         1      1052         1         5        28         2         1         2         1         1      9423
         1      1052         1         5        29         8         2         8         1         1     22737
         1      1052         1         5        30         9         1         9         1         1      1310
         1      1052         1         5        31         8         1         8         1         1      2869
         1      1052         1         5        32         6         1         6         1         1      1422
         1      1052         1         5        33         7         2         7         1         1      2209
         1      1052         1         5        34         5         2         5         1         1      1364
         1      1052         1         5        35         2         1         2         1         1      1610
         1      1052         1         5        36         6         1         6         1         1      1189
         1      1052         1         5        37         7         1         8         0         1      4354
         1      1052         1         5        38         4         2         4         1         1      2447
         1      1052         1         5        39         2         2         2         1         1      1129
         1      1052         1         5        40         8         2         8         1         1      2023
         1      1052         1         6         1        10         2         0         1         1      2090
         1      1052         1         6         2         3         1         3         1         1      1667
         1      1052         1         6         3         1         2         1         1         1      9052
         1      1052         1         6         4         5         1         5         1         1      3886
         1      1052         1         6         5         4         2         4         1         1      1293
         1      1052         1         6         6         9         1         9         1         1      1188
         1      1052         1         6         7        10         1         0         1         1      1647
         1      1052         1         6         8         7         2         7         1         1      1560
         1      1052         1         6         9         9         1         9         1         1      1588
         1      1052         1         6        10         8         1         8         1         1      1344
         1      1052         1         6        11         5         1         5         1         1      2038
         1      1052         1         6        12         3         2         3         1         1      1937
         1      1052         1         6        13         7         2         7         1         1      3680
         1      1052         1         6        14         4         2         2         0         1      2904
         1      1052         1         6        15         1         1         1         1         1       910
         1      1052         1         6        16         9         2         9         1         1      1366
         1      1052         1         6        17         7         1         7         1         1      3036
         1      1052         1         6        18        10         2         0         1         1      2511
         1      1052         1         6        19         4         1         2         0         1      1622
         1      1052         1         6        20         8         2         8         1         1      2545
         1      1052         1         6        21         2         2         2         1         1      1751
         1      1052         1         6        22         5         2         5         1         1      1277
         1      1052         1         6        23         7         1         8         0         1      2566
         1      1052         1         6        24         6         1         6         1         1      1099
         1      1052         1         6        25         3         2         3         1         1      1483
         1      1052         1         6        26         2         2         2         1         1      5452
         1      1052         1         6        27         3         1         3         1         1      1054
         1      1052         1         6        28         1         1         1         1         1       671
         1      1052         1         6        29        10         1         5         0         1      2015
         1      1052         1         6        30         2         1         2         1         1      2635
         1      1052         1         6        31         4         1         4         1         1      1726
         1      1052         1         6        32         2         1         2         1         1      1140
         1      1052         1         6        33         5         2         5         1         1      1906
         1      1052         1         6        34         8         2         8         1         1      1794
         1      1052         1         6        35         6         2         6         1         1      1253
         1      1052         1         6        36         8         1         8         1         1      1343
         1      1052         1         6        37         1         2         2         0         1      2916
         1      1052         1         6        38         6         1         6         1         1       955
         1      1052         1         6        39         6         2         6         1         1      1120
         1      1052         1         6        40         9         2         9         1         1      1871
         1      1052         2         1         1         4         3         4         1         0      3348
         1      1052         2         1         2         4         4         2         0         0      2024
         1      1052         2         1         3         6         2         6         1         0      1250
         1      1052         2         1         4        10         4         0         1         0      2027
         1      1052         2         1         5         6         4         6         1         0      1411
         1      1052         2         1         6         5         4         3         0         0      3412
         1      1052         2         1         7         1         4         3         0         0      2358
         1      1052         2         1         8         9         3         9         1         0      1428
         1      1052         2         1         9         2         4         4         0         0      3877
         1      1052         2         1        10         9         4         9         1         0      1270
         1      1052         2         1        11         4         1         5         0         1      2512
         1      1052         2         1        12         3         3         3         1         0      2024
         1      1052         2         1        13         7         3         7         1         0      3921
         1      1052         2         1        14         3         1         3         1         1      2545
         1      1052         2         1        15         2         3         1         0         0      6935
         1      1052         2         1        16         4         2         4         1         0      1916
         1      1052         2         1        17         8         1         8         1         1      1354
         1      1052         2         1        18         8         2         8         1         0      2848
         1      1052         2         1        19        10         1         0         1         1      4873
         1      1052         2         1        20         5         3         3         0         0      2705
         1      1052         2         1        21         6         1         6         1         1      1232
         1      1052         2         1        22         9         2         9         1         0      1227
         1      1052         2         1        23         1         2         3         0         0      1749
         1      1052         2         1        24         2         2         4         0         0      2603
         1      1052         2         1        25         5         1         5         1         1      1311
         1      1052         2         1        26         2         1         2         1         1      1862
         1      1052         2         1        27         6         3         6         1         0      1480
         1      1052         2         1        28         1         3         3         0         0      1863
         1      1052         2         1        29         9         1         9         1         1      2631
         1      1052         2         1        30         7         1         8         0         1      3770
         1      1052         2         1        31        10         3         0         1         0      2605
         1      1052         2         1        32         3         2         3         1         0      2929
         1      1052         2         1        33         7         2         7         1         0      1992
         1      1052         2         1        34         8         3         8         1         0      3682
         1      1052         2         1        35         5         2         5         1         0      1467
         1      1052         2         1        36         1         1         1         1         1       747
         1      1052         2         1        37         3         4         3         1         0      2600
         1      1052         2         1        38         8         4         8         1         0      5370
         1      1052         2         1        39         7         4         8         0         0      3565
         1      1052         2         1        40        10         2         0         1         0      1995
         1      1052         2         2         1         1         3         3         0         0      3160
         1      1052         2         2         2         2         3         1         0         0      1829
         1      1052         2         2         3         7         4         8         0         0      4200
         1      1052         2         2         4        10         4         0         1         0       989
         1      1052         2         2         5         4         2         4         1         1      2144
         1      1052         2         2         6        10         1         0         1         0      2613
         1      1052         2         2         7         4         1         4         1         0      1481
         1      1052         2         2         8         9         3         9         1         0      1785
         1      1052         2         2         9         1         2         1         1         1      1901
         1      1052         2         2        10        10         2         0         1         1      1581
         1      1052         2         2        11         5         4         8         0         0      3033
         1      1052         2         2        12         7         3         7         1         0      1660
         1      1052         2         2        13         8         3         8         1         0      6437
         1      1052         2         2        14         3         3         8         0         0      9440
         1      1052         2         2        15        10         3         2         0         0      3809
         1      1052         2         2        16         1         4         3         0         0      3828
         1      1052         2         2        17         6         2         6         1         1      1302
         1      1052         2         2        18         8         1         8         1         0      1277
         1      1052         2         2        19         9         1         9         1         0      1364
         1      1052         2         2        20         9         4         1         0         0      2521
         1      1052         2         2        21         5         3         3         0         0      1552
         1      1052         2         2        22         8         2         8         1         1      2366
         1      1052         2         2        23         6         3         6         1         0      1275
         1      1052         2         2        24         3         2         3         1         1      1123
         1      1052         2         2        25         9         2         9         1         1      1362
         1      1052         2         2        26         6         4         6         1         0      1174
         1      1052         2         2        27         6         1         6         1         0      1073
         1      1052         2         2        28         2         4         4         0         0      2241
         1      1052         2         2        29         7         1         8         0         0      5012
         1      1052         2         2        30         3         1         3         1         0      1688
         1      1052         2         2        31         1         1         1         1         0       640
         1      1052         2         2        32         8         4         2         0         0      4961
         1      1052         2         2        33         4         3         4         1         0      1719
         1      1052         2         2        34         4         4         2         0         0      1182
         1      1052         2         2        35         5         1         5         1         0      1578
         1      1052         2         2        36         3         4         3         1         0      1607
         1      1052         2         2        37         5         2         1         0         1      1634
         1      1052         2         2        38         2         1         2         1         0      2221
         1      1052         2         2        39         7         2         7         1         1      2703
         1      1052         2         2        40         2         2         2         1         1      4768
         1      1052         2         3         1        10         1         0         1         1      2835
         1      1052         2         3         2         4         4         2         0         0      3293
         1      1052         2         3         3         1         4         3         0         0      2885
         1      1052         2         3         4         3         2         3         1         0      1054
         1      1052         2         3         5         6         1         6         1         1       992
         1      1052         2         3         6         8         3         9         0         0      2692
         1      1052         2         3         7         3         1         3         1         1      4597
         1      1052         2         3         8         3         4         3         1         0      1321
         1      1052         2         3         9         2         2         2         1         0      2320
         1      1052         2         3        10         4         2         4         1         0      1086
         1      1052         2         3        11         5         4         8         0         0      6639
         1      1052         2         3        12         8         2         0         0         0      2689
         1      1052         2         3        13         8         4         8         1         0      2096
         1      1052         2         3        14         2         3         1         0         0      2808
         1      1052         2         3        15         5         3         3         0         0      1603
         1      1052         2         3        16         6         2         6         1         0       878
         1      1052         2         3        17         6         3         6         1         0      1223
         1      1052         2         3        18         7         2         7         1         0      1825
         1      1052         2         3        19         1         3         5         0         0      8740
         1      1052         2         3        20         2         4         2         1         0      2593
         1      1052         2         3        21         8         1         8         1         1      1252
         1      1052         2         3        22        10         4         0         1         0      1423
         1      1052         2         3        23         1         2         1         1         0      2017
         1      1052         2         3        24         2         1         2         1         1      1244
         1      1052         2         3        25         9         2         9         1         0      1478
         1      1052         2         3        26         9         4         9         1         0      1302
         1      1052         2         3        27         5         2         5         1         0      1294
         1      1052         2         3        28         9         3         9         1         0      1078
         1      1052         2         3        29         4         1         4         1         1      1735
         1      1052         2         3        30         3         3         4         0         0      2110
         1      1052         2         3        31         9         1         9         1         1      1332
         1      1052         2         3        32        10         3         8         0         0      5258
         1      1052         2         3        33         7         4         1         0         0      3362
         1      1052         2         3        34         7         3         8         0         0      5047
         1      1052         2         3        35        10         2         0         1         0       906
         1      1052         2         3        36         6         4         6         1         0      1104
         1      1052         2         3        37         4         3         2         0         0      1664
         1      1052         2         3        38         7         1         8         0         1      3994
         1      1052         2         3        39         5         1         5         1         1      1574
         1      1052         2         3        40         1         1         1         1         1       769
         1      1052         2         4         1         4         4         4         1         0      3419
         1      1052         2         4         2         2         3         1         0         0      2894
         1      1052         2         4         3         8         3         8         1         0      1414
         1      1052         2         4         4         5         2         5         1         1      1113
         1      1052         2         4         5         6         3         6         1         0      1000
         1      1052         2         4         6        10         3         8         0         0      3852
         1      1052         2         4         7         6         4         6         1         0       924
         1      1052         2         4         8         2         1         2         1         0      1315
         1      1052         2         4         9        10         1         0         1         0      4712
         1      1052         2         4        10         9         4         9         1         0      1511
         1      1052         2         4        11         9         3         9         1         0       838
         1      1052         2         4        12         1         4         3         0         0      1296
         1      1052         2         4        13         8         4         7         0         0      5735
         1      1052         2         4        14         2         4         4         0         0      1565
         1      1052         2         4        15         1         3         3         0         0      1930
         1      1052         2         4        16         7         3         3         0         0      6104
         1      1052         2         4        17         7         1         7         1         0      3105
         1      1052         2         4        18         6         2         6         1         1       992
         1      1052         2         4        19        10         4         0         1         0      1540
         1      1052         2         4        20         6         1         6         1         0      1090
         1      1052         2         4        21         5         1         5         1         0      1714
         1      1052         2         4        22         4         2         4         1         1      1176
         1      1052         2         4        23         9         2         9         1         1      1252
         1      1052         2         4        24         4         3         4         1         0      1231
         1      1052         2         4        25         3         4         3         1         0      1641
         1      1052         2         4        26         2         2         2         1         1      1891
         1      1052         2         4        27         3         3         8         0         0      5860
         1      1052         2         4        28         8         2         0         0         1      1621
         1      1052         2         4        29         5         4         3         0         0      3023
         1      1052         2         4        30         3         1         3         1         0      2227
         1      1052         2         4        31         7         2         7         1         1      1061
         1      1052         2         4        32         1         2         1         1         1      1414
         1      1052         2         4        33         3         2         3         1         1      1210
         1      1052         2         4        34         5         3         3         0         0      1253
         1      1052         2         4        35         4         1         4         1         0      1360
         1      1052         2         4        36         9         1         9         1         0      1331
         1      1052         2         4        37         1         1         1         1         0       761
         1      1052         2         4        38         7         4         5         0         0      3270
         1      1052         2         4        39        10         2         0         1         1      1456
         1      1052         2         4        40         8         1         8         1         0      3121
