Condition Subject Session Block Trial Subtype Token Response Correct Feedback RT 
         1      1126         1         1         1         2         2         3         0         1     15772
         1      1126         1         1         2         1         2         5         0         1     15835
         1      1126         1         1         3         2         2         2         1         1      7862
         1      1126         1         1         4         8         1         0         0         1      5541
         1      1126         1         1         5        10         2         9         0         1     13043
         1      1126         1         1         6         1         2         3         0         1     13485
         1      1126         1         1         7         5         1         4         0         1      6205
         1      1126         1         1         8         6         1         6         1         1      3456
         1      1126         1         1         9         2         1         7         0         1      1986
         1      1126         1         1        10         6         2         8         0         1      3516
         1      1126         1         1        11         3         2         4         0         1      7211
         1      1126         1         1        12         4         2         6         0         1      4574
         1      1126         1         1        13         4         1         4         1         1      2899
         1      1126         1         1        14        10         1         9         0         1      4457
         1      1126         1         1        15         8         2         3         0         1      5394
         1      1126         1         1        16         1         1         1         1         1      6196
         1      1126         1         1        17         5         2         9         0         1      7532
         1      1126         1         1        18         3         1         5         0         1      3290
         1      1126         1         1        19         5         1         6         0         1      2722
         1      1126         1         1        20         6         2         6         1         1      4296
         1      1126         1         1        21         9         1         3         0         1      6494
         1      1126         1         1        22         4         2         5         0         1      3501
         1      1126         1         1        23        10         1         5         0         1      1579
         1      1126         1         1        24        10         2         8         0         1      3816
         1      1126         1         1        25         7         1         7         1         1      3619
         1      1126         1         1        26         8         2         8         1         1     10901
         1      1126         1         1        27         7         2         3         0         1      3973
         1      1126         1         1        28         8         1         4         0         1      3954
         1      1126         1         1        29         5         2         5         1         1      3407
         1      1126         1         1        30         9         1         8         0         1      7785
         1      1126         1         1        31         9         2         8         0         1      5036
         1      1126         1         1        32         3         1         5         0         1      2039
         1      1126         1         1        33         6         1         2         0         1      3978
         1      1126         1         1        34         7         1         1         0         1      3718
         1      1126         1         1        35         4         1         1         0         1      3278
         1      1126         1         1        36         2         1         2         1         1      2631
         1      1126         1         1        37         9         2         4         0         1      4560
         1      1126         1         1        38         1         1         1         1         1      3020
         1      1126         1         1        39         3         2         7         0         1      4527
         1      1126         1         1        40         7         2         9         0         1      5421
         1      1126         1         2         1         3         2         8         0         1     17818
         1      1126         1         2         2         4         2         1         0         1     17948
         1      1126         1         2         3         6         1         6         1         1      3977
         1      1126         1         2         4         8         2         0         0         1      4142
         1      1126         1         2         5        10         1         9         0         1      2459
         1      1126         1         2         6         5         2         5         1         1      3020
         1      1126         1         2         7         1         1         1         1         1      6141
         1      1126         1         2         8         5         1         3         0         1      2995
         1      1126         1         2         9         8         2         7         0         1      5303
         1      1126         1         2        10         4         1         4         1         1      6816
         1      1126         1         2        11         2         1         1         0         1      3995
         1      1126         1         2        12         6         2         6         1         1      1310
         1      1126         1         2        13         2         2         3         0         1     15111
         1      1126         1         2        14         5         2         7         0         1      4455
         1      1126         1         2        15         1         2         4         0         1      2617
         1      1126         1         2        16         7         2         7         1         1      2219
         1      1126         1         2        17         2         2         5         0         1      2086
         1      1126         1         2        18         7         1         3         0         1      2001
         1      1126         1         2        19        10         1         9         0         1      2235
         1      1126         1         2        20         9         1         8         0         1       884
         1      1126         1         2        21         9         2         0         0         1      1908
         1      1126         1         2        22         8         1         8         1         1      6099
         1      1126         1         2        23         3         2         4         0         1      8444
         1      1126         1         2        24         4         2         4         1         1      4302
         1      1126         1         2        25         7         2         9         0         1      3366
         1      1126         1         2        26         1         2         1         1         1      5771
         1      1126         1         2        27        10         2         9         0         1      4945
         1      1126         1         2        28         2         1         2         1         1      3009
         1      1126         1         2        29         3         1         5         0         1      2349
         1      1126         1         2        30         8         1         0         0         1     10523
         1      1126         1         2        31         4         1         7         0         1      2803
         1      1126         1         2        32         6         1         6         1         1      4919
         1      1126         1         2        33        10         2         9         0         1      2503
         1      1126         1         2        34         6         2         6         1         1      1510
         1      1126         1         2        35         9         2         7         0         1      8694
         1      1126         1         2        36         5         1         6         0         1      2432
         1      1126         1         2        37         1         1         0         0         1      3833
         1      1126         1         2        38         3         1         5         0         1      2563
         1      1126         1         2        39         7         1         7         1         1      2209
         1      1126         1         2        40         9         1         9         1         1      6747
         1      1126         1         3         1         9         2         9         1         1      2896
         1      1126         1         3         2         5         2         3         0         1      9592
         1      1126         1         3         3         7         2         0         0         1      6837
         1      1126         1         3         4         6         1         6         1         1      2831
         1      1126         1         3         5         5         1         5         1         1      2179
         1      1126         1         3         6         7         2         8         0         1      5255
         1      1126         1         3         7         6         2         6         1         1      1945
         1      1126         1         3         8         4         1         4         1         1      3728
         1      1126         1         3         9         6         1         6         1         1      1456
         1      1126         1         3        10        10         2         1         0         1      7506
         1      1126         1         3        11         6         2         6         1         1      1730
         1      1126         1         3        12         8         1         7         0         1      8720
         1      1126         1         3        13         1         1         1         1         1      2598
         1      1126         1         3        14         8         1         8         1         1      1610
         1      1126         1         3        15        10         1         4         0         1     10476
         1      1126         1         3        16         3         1         3         1         1      5837
         1      1126         1         3        17         1         2         4         0         1     10215
         1      1126         1         3        18         9         2         9         1         1      2035
         1      1126         1         3        19         8         2         8         1         1      3301
         1      1126         1         3        20         9         1         9         1         1      1284
         1      1126         1         3        21         1         2         1         1         1      3205
         1      1126         1         3        22         2         1         2         1         1      2177
         1      1126         1         3        23         4         1         4         1         1      3152
         1      1126         1         3        24         3         2         5         0         1      7141
         1      1126         1         3        25         2         2         2         1         1      3612
         1      1126         1         3        26         4         2         2         0         1     12134
         1      1126         1         3        27         7         1         7         1         1      5958
         1      1126         1         3        28         2         1         2         1         1      5148
         1      1126         1         3        29        10         1         3         0         1      4841
         1      1126         1         3        30         4         2         2         0         1      3722
         1      1126         1         3        31         9         1         9         1         1      2104
         1      1126         1         3        32         8         2         8         1         1      5433
         1      1126         1         3        33         2         2         2         1         1      1771
         1      1126         1         3        34         5         1         5         1         1      2424
         1      1126         1         3        35         3         1         3         1         1      5156
         1      1126         1         3        36        10         2         0         1         1      2619
         1      1126         1         3        37         1         1         1         1         1      1557
         1      1126         1         3        38         7         1         7         1         1      2595
         1      1126         1         3        39         3         2         3         1         1      6968
         1      1126         1         3        40         5         2         5         1         1      3398
         1      1126         1         4         1         5         1         5         1         1      1874
         1      1126         1         4         2         2         1         2         1         1      3090
         1      1126         1         4         3         6         1         6         1         1      1459
         1      1126         1         4         4         7         2         3         0         1      8437
         1      1126         1         4         5         2         1         2         1         1      3976
         1      1126         1         4         6         6         1         6         1         1      1286
         1      1126         1         4         7         5         1         5         1         1      1679
         1      1126         1         4         8         8         2         9         0         1      3152
         1      1126         1         4         9         1         1         1         1         1      1525
         1      1126         1         4        10         7         1         3         0         1      3134
         1      1126         1         4        11         2         2         2         1         1      3893
         1      1126         1         4        12         4         2         1         0         1     12700
         1      1126         1         4        13         6         2         6         1         1      1363
         1      1126         1         4        14         1         1         1         1         1      1431
         1      1126         1         4        15         8         1         0         0         1      2514
         1      1126         1         4        16         9         1         9         1         1      2143
         1      1126         1         4        17         4         1         4         1         1      1887
         1      1126         1         4        18        10         1         8         0         1     15214
         1      1126         1         4        19         3         2         4         0         1      3601
         1      1126         1         4        20         9         2         9         1         1      1670
         1      1126         1         4        21         4         2         4         1         1      3366
         1      1126         1         4        22        10         1         3         0         1      3530
         1      1126         1         4        23         3         2         3         1         1      1656
         1      1126         1         4        24         1         2         1         1         1      2698
         1      1126         1         4        25         5         2         3         0         1      7560
         1      1126         1         4        26         8         2         8         1         1      2238
         1      1126         1         4        27        10         2         0         1         1      6112
         1      1126         1         4        28         2         2         2         1         1      4064
         1      1126         1         4        29         3         1         5         0         1      4323
         1      1126         1         4        30         6         2         6         1         1      1281
         1      1126         1         4        31        10         2         0         1         1     10018
         1      1126         1         4        32         3         1         3         1         1      3671
         1      1126         1         4        33         9         2         9         1         1      1303
         1      1126         1         4        34         7         1         8         0         1      2945
         1      1126         1         4        35         9         1         9         1         1      1446
         1      1126         1         4        36         8         1         8         1         1     17318
         1      1126         1         4        37         5         2         4         0         1      2406
         1      1126         1         4        38         1         2         1         1         1      1266
         1      1126         1         4        39         7         2         3         0         1      8355
         1      1126         1         4        40         4         1         4         1         1      2394
         1      1126         1         5         1         6         2         6         1         1      1704
         1      1126         1         5         2         2         1         2         1         1      1553
         1      1126         1         5         3         9         2         9         1         1      2167
         1      1126         1         5         4         6         1         6         1         1      1412
         1      1126         1         5         5         3         2         3         1         1      7528
         1      1126         1         5         6         1         1         0         0         1     17142
         1      1126         1         5         7         8         1         8         1         1      2100
         1      1126         1         5         8         4         1         3         0         1      3325
         1      1126         1         5         9         9         1         9         1         1      1739
         1      1126         1         5        10         7         2         8         0         1      4849
         1      1126         1         5        11         7         1         8         0         1      3197
         1      1126         1         5        12         2         1         2         1         1      2345
         1      1126         1         5        13         8         2         8         1         1      6208
         1      1126         1         5        14         4         2         2         0         1      2059
         1      1126         1         5        15         2         2         2         1         1      1694
         1      1126         1         5        16         7         1         7         1         1      2960
         1      1126         1         5        17         5         1         5         1         1      1750
         1      1126         1         5        18        10         2         0         1         1      2181
         1      1126         1         5        19         5         1         5         1         1      1730
         1      1126         1         5        20         2         2         2         1         1      1400
         1      1126         1         5        21         1         1         1         1         1      1299
         1      1126         1         5        22         6         1         6         1         1      1299
         1      1126         1         5        23         7         2         7         1         1      2259
         1      1126         1         5        24         5         2         5         1         1      6972
         1      1126         1         5        25         9         2         9         1         1      1889
         1      1126         1         5        26         3         2         3         1         1      3690
         1      1126         1         5        27         3         1         4         0         1      2763
         1      1126         1         5        28         4         1         4         1         1      1560
         1      1126         1         5        29        10         1         8         0         1      6893
         1      1126         1         5        30        10         2         0         1         1      1367
         1      1126         1         5        31        10         1         0         1         1      1890
         1      1126         1         5        32         4         2         2         0         1      3689
         1      1126         1         5        33         3         1         3         1         1      3314
         1      1126         1         5        34         5         2         3         0         1      5041
         1      1126         1         5        35         1         2         1         1         1      1228
         1      1126         1         5        36         8         2         8         1         1      8927
         1      1126         1         5        37         8         1         7         0         1      5335
         1      1126         1         5        38         6         2         6         1         1      1284
         1      1126         1         5        39         1         2         1         1         1      1189
         1      1126         1         5        40         9         1         9         1         1      1464
         1      1126         1         6         1         7         1         7         1         1      3372
         1      1126         1         6         2         6         2         6         1         1      1080
         1      1126         1         6         3         9         1         9         1         1      1287
         1      1126         1         6         4         9         1         9         1         1      3062
         1      1126         1         6         5         6         2         6         1         1      1168
         1      1126         1         6         6        10         2         0         1         1      2461
         1      1126         1         6         7        10         1         8         0         1      8286
         1      1126         1         6         8         5         2         3         0         1      4149
         1      1126         1         6         9         3         2         3         1         1      2372
         1      1126         1         6        10        10         1         0         1         1      2056
         1      1126         1         6        11         7         2         7         1         1      5737
         1      1126         1         6        12         5         2         5         1         1      2000
         1      1126         1         6        13         3         1         3         1         1      4420
         1      1126         1         6        14         7         1         7         1         1      1513
         1      1126         1         6        15         1         2         1         1         1      1183
         1      1126         1         6        16         2         1         2         1         1      1853
         1      1126         1         6        17         4         2         2         0         1      3430
         1      1126         1         6        18         5         1         5         1         1      1577
         1      1126         1         6        19         8         2         8         1         1      3142
         1      1126         1         6        20         4         1         4         1         1      2614
         1      1126         1         6        21         2         1         2         1         1      1530
         1      1126         1         6        22         2         2         2         1         1      2552
         1      1126         1         6        23         5         1         5         1         1      1598
         1      1126         1         6        24         6         1         6         1         1      1121
         1      1126         1         6        25         3         1         3         1         1      1697
         1      1126         1         6        26         9         2         9         1         1      1280
         1      1126         1         6        27         4         2         4         1         1      2784
         1      1126         1         6        28         1         1         1         1         1      1324
         1      1126         1         6        29         8         2         8         1         1     12986
         1      1126         1         6        30         4         1         4         1         1      1424
         1      1126         1         6        31         2         2         2         1         1      1996
         1      1126         1         6        32         8         1         8         1         1      4544
         1      1126         1         6        33         9         2         9         1         1      1119
         1      1126         1         6        34         1         1         1         1         1      1078
         1      1126         1         6        35         6         1         6         1         1      1143
         1      1126         1         6        36         3         2         3         1         1      3165
         1      1126         1         6        37         8         1         8         1         1      1483
         1      1126         1         6        38        10         2         0         1         1      2059
         1      1126         1         6        39         1         2         1         1         1      1276
         1      1126         1         6        40         7         2         7         1         1      1877
         1      1126         2         1         1        10         2         0         1         0      5091
         1      1126         2         1         2         9         1         9         1         1      2394
         1      1126         2         1         3         9         2         9         1         0      1063
         1      1126         2         1         4         3         4         4         0         0      5978
         1      1126         2         1         5         1         2         1         1         0      1255
         1      1126         2         1         6         2         4         2         1         0      2120
         1      1126         2         1         7         2         2         2         1         0       822
         1      1126         2         1         8         5         2         5         1         0      2632
         1      1126         2         1         9         1         3         4         0         0      4209
         1      1126         2         1        10         4         3         4         1         0      2979
         1      1126         2         1        11         9         3         9         1         0      3079
         1      1126         2         1        12         8         4         4         0         0     12038
         1      1126         2         1        13         3         3         3         1         0      3337
         1      1126         2         1        14         6         1         6         1         1      1471
         1      1126         2         1        15         4         4         1         0         0      1983
         1      1126         2         1        16        10         3         3         0         0      2705
         1      1126         2         1        17         4         1         4         1         1      1210
         1      1126         2         1        18         9         4         9         1         0      1886
         1      1126         2         1        19         6         2         6         1         0      1078
         1      1126         2         1        20         6         3         6         1         0      1414
         1      1126         2         1        21         8         2         8         1         0      2714
         1      1126         2         1        22         1         4         3         0         0      1847
         1      1126         2         1        23         2         1         2         1         1      1329
         1      1126         2         1        24         3         2         3         1         0      1073
         1      1126         2         1        25         7         4         4         0         0      1304
         1      1126         2         1        26         6         4         6         1         0      1167
         1      1126         2         1        27        10         1         8         0         1      1595
         1      1126         2         1        28         7         3         7         1         0      4998
         1      1126         2         1        29        10         4         0         1         0      1458
         1      1126         2         1        30         4         2         2         0         0      1923
         1      1126         2         1        31         2         3         2         1         0      1586
         1      1126         2         1        32         7         2         7         1         0      1551
         1      1126         2         1        33         5         3         3         0         0      4204
         1      1126         2         1        34         8         3         7         0         0      3823
         1      1126         2         1        35         5         1         5         1         1      1586
         1      1126         2         1        36         5         4         3         0         0      3631
         1      1126         2         1        37         1         1         1         1         1       937
         1      1126         2         1        38         3         1         3         1         1      2128
         1      1126         2         1        39         8         1         8         1         1      2959
         1      1126         2         1        40         7         1         7         1         1      1287
         1      1126         2         2         1         1         4         3         0         0     14896
         1      1126         2         2         2        10         3         1         0         0      9376
         1      1126         2         2         3         3         2         3         1         1      1870
         1      1126         2         2         4         9         2         9         1         1      1144
         1      1126         2         2         5         4         4         1         0         0      3062
         1      1126         2         2         6         2         4         1         0         0       728
         1      1126         2         2         7         4         3         4         1         0      1856
         1      1126         2         2         8         8         1         8         1         0      2169
         1      1126         2         2         9         6         2         6         1         1      1094
         1      1126         2         2        10         5         4         1         0         0      1823
         1      1126         2         2        11         6         4         6         1         0      1008
         1      1126         2         2        12         9         3         9         1         0      3419
         1      1126         2         2        13         6         3         6         1         0      1046
         1      1126         2         2        14         9         1         9         1         0      1743
         1      1126         2         2        15         3         1         3         1         0      2294
         1      1126         2         2        16         4         1         4         1         0      1631
         1      1126         2         2        17         7         3         6         0         0      1186
         1      1126         2         2        18         3         4         3         1         0      1775
         1      1126         2         2        19         5         1         5         1         0      1140
         1      1126         2         2        20         4         2         4         1         1      1210
         1      1126         2         2        21         8         4         4         0         0      1061
         1      1126         2         2        22         1         3         7         0         0      1279
         1      1126         2         2        23         2         3         1         0         0      2417
         1      1126         2         2        24         7         2         7         1         1      1580
         1      1126         2         2        25         8         3         9         0         0      1319
         1      1126         2         2        26         7         1         7         1         0      1368
         1      1126         2         2        27         5         3         5         1         0      1821
         1      1126         2         2        28         2         1         2         1         0      1009
         1      1126         2         2        29         9         4         4         0         0       989
         1      1126         2         2        30         2         2         2         1         1      2777
         1      1126         2         2        31         1         2         1         1         1      1039
         1      1126         2         2        32         7         4         5         0         0      1889
         1      1126         2         2        33         3         3         4         0         0      1105
         1      1126         2         2        34        10         1         8         0         0      2944
         1      1126         2         2        35        10         4         0         1         0      4135
         1      1126         2         2        36        10         2         0         1         1      2174
         1      1126         2         2        37         5         2         5         1         1      1891
         1      1126         2         2        38         1         1         1         1         0      1147
         1      1126         2         2        39         6         1         6         1         0      1175
         1      1126         2         2        40         8         2         8         1         1      3181
         1      1126         2         3         1         9         1         9         1         1      1776
         1      1126         2         3         2         9         4         2         0         0      1326
         1      1126         2         3         3         4         3         3         0         0      1244
         1      1126         2         3         4         8         4         4         0         0       694
         1      1126         2         3         5         7         2         7         1         0      1438
         1      1126         2         3         6         9         2         9         1         0      2113
         1      1126         2         3         7         2         4         1         0         0      1823
         1      1126         2         3         8         6         3         6         1         0      1265
         1      1126         2         3         9         4         4         1         0         0      1163
         1      1126         2         3        10         4         1         2         0         1      1409
         1      1126         2         3        11        10         1         1         0         1     13715
         1      1126         2         3        12         2         3         2         1         0      1186
         1      1126         2         3        13         6         4         6         1         0       877
         1      1126         2         3        14         7         4         3         0         0      1391
         1      1126         2         3        15        10         4         0         1         0      1300
         1      1126         2         3        16         7         1         7         1         1      1052
         1      1126         2         3        17         6         2         6         1         0       869
         1      1126         2         3        18         9         3         1         0         0       863
         1      1126         2         3        19         1         3         0         0         0       257
         1      1126         2         3        20         8         1         8         1         1      2211
         1      1126         2         3        21         3         1         3         1         1      2072
         1      1126         2         3        22        10         3         4         0         0      1119
         1      1126         2         3        23         6         1         6         1         1      2086
         1      1126         2         3        24         1         4         3         0         0      1359
         1      1126         2         3        25        10         2         0         1         0      1285
         1      1126         2         3        26         3         3         9         0         0       710
         1      1126         2         3        27         5         2         3         0         0      1566
         1      1126         2         3        28         5         4         4         0         0       819
         1      1126         2         3        29         2         2         2         1         0      1039
         1      1126         2         3        30         5         3         9         0         0       434
         1      1126         2         3        31         3         4         3         1         0       276
         1      1126         2         3        32         7         3         2         0         0       630
         1      1126         2         3        33         3         2         3         1         0      1026
         1      1126         2         3        34         4         2         4         1         0       804
         1      1126         2         3        35         8         3         7         0         0      1457
         1      1126         2         3        36         1         1         1         1         1       920
         1      1126         2         3        37         5         1         5         1         1       983
         1      1126         2         3        38         8         2         8         1         0      1291
         1      1126         2         3        39         2         1         2         1         1      1773
         1      1126         2         3        40         1         2         1         1         0       658
         1      1126         2         4         1         6         2         6         1         1     17342
         1      1126         2         4         2         3         3         2         0         0       983
         1      1126         2         4         3         3         2         4         0         1       956
         1      1126         2         4         4         5         2         3         0         1        90
         1      1126         2         4         5         2         1         6         0         0         0
         1      1126         2         4         6         3         4         7         0         0       285
         1      1126         2         4         7        10         2         5         0         1       207
         1      1126         2         4         8         5         1         6         0         0       803
         1      1126         2         4         9         1         1         1         1         0       991
         1      1126         2         4        10         8         2         8         1         1      1219
         1      1126         2         4        11         9         3         9         1         0      1022
         1      1126         2         4        12        10         1         9         0         0       879
         1      1126         2         4        13         5         3         5         1         0      1249
         1      1126         2         4        14        10         3         4         0         0       577
         1      1126         2         4        15         4         4         2         0         0      1287
         1      1126         2         4        16         9         2         6         0         1       567
         1      1126         2         4        17         7         1         7         1         0      1141
         1      1126         2         4        18         1         3         2         0         0       980
         1      1126         2         4        19         7         2         7         1         1      1153
         1      1126         2         4        20         1         4         2         0         0       751
         1      1126         2         4        21         9         4         6         0         0       693
         1      1126         2         4        22         6         3         6         1         0       950
         1      1126         2         4        23         9         1         9         1         0       930
         1      1126         2         4        24        10         4         0         1         0       786
         1      1126         2         4        25         8         3         9         0         0       702
         1      1126         2         4        26         4         1         2         0         0       279
         1      1126         2         4        27         3         1         3         1         0      1713
         1      1126         2         4        28         8         4         4         0         0       944
         1      1126         2         4        29         4         2         5         0         1       270
         1      1126         2         4        30         6         1         6         1         0      1056
         1      1126         2         4        31         2         3         2         1         0      1177
         1      1126         2         4        32         6         4         6         1         0      1021
         1      1126         2         4        33         1         2         8         0         1       257
         1      1126         2         4        34         2         2         2         1         1       827
         1      1126         2         4        35         5         4         1         0         0       630
         1      1126         2         4        36         2         4         2         1         0       841
         1      1126         2         4        37         7         4         6         0         0      1723
         1      1126         2         4        38         4         3         3         0         0      1203
         1      1126         2         4        39         7         3         8         0         0      1215
         1      1126         2         4        40         8         1         0         0         0      2018
