Condition Subject Session Block Trial Subtype Token Response Correct Feedback RT 
         4      4054         1         1         1         3         1         3         1         1      8445
         4      4054         1         1         2         3         2         5         0         1     10517
         4      4054         1         1         3         9         2         9         1         1      9340
         4      4054         1         1         4         5         2         7         0         1      6818
         4      4054         1         1         5         2         2         6         0         1      5262
         4      4054         1         1         6         2         1         8         0         1      6183
         4      4054         1         1         7         8         1         0         0         1      2732
         4      4054         1         1         8        10         1         0         1         1      3706
         4      4054         1         1         9         5         1         6         0         1      4337
         4      4054         1         1        10         5         1         5         1         1      2305
         4      4054         1         1        11         6         2         4         0         1      4704
         4      4054         1         1        12         2         2         8         0         1      3585
         4      4054         1         1        13         8         2         2         0         1      5390
         4      4054         1         1        14         6         2         1         0         1      4466
         4      4054         1         1        15         6         1         6         1         1      2170
         4      4054         1         1        16         7         2         1         0         1      4591
         4      4054         1         1        17         2         1         8         0         1      4404
         4      4054         1         1        18         7         1         3         0         1      2384
         4      4054         1         1        19         4         2         7         0         1      5884
         4      4054         1         1        20        10         2         0         1         1      2895
         4      4054         1         1        21         5         2         3         0         1      2775
         4      4054         1         1        22        10         1         0         1         1      2787
         4      4054         1         1        23         8         1         5         0         1      3871
         4      4054         1         1        24         4         1         4         1         1      4303
         4      4054         1         1        25         4         1         4         1         1      1085
         4      4054         1         1        26         1         1         8         0         1      9374
         4      4054         1         1        27         4         2         8         0         1      1699
         4      4054         1         1        28         9         1         9         1         1      5947
         4      4054         1         1        29         7         1         2         0         1      8073
         4      4054         1         1        30         7         2         1         0         1      4018
         4      4054         1         1        31        10         2         0         1         1      6319
         4      4054         1         1        32         6         1         6         1         1      1949
         4      4054         1         1        33         1         2         8         0         1      7163
         4      4054         1         1        34         1         1         8         0         1      4648
         4      4054         1         1        35         1         2         1         1         1      2443
         4      4054         1         1        36         3         2         3         1         1      3621
         4      4054         1         1        37         8         2         7         0         1     10241
         4      4054         1         1        38         9         1         9         1         1      4627
         4      4054         1         1        39         3         1         3         1         1      4310
         4      4054         1         1        40         9         2         9         1         1      2389
         4      4054         1         2         1         1         1         1         1         1     13166
         4      4054         1         2         2         7         2         7         1         1      5355
         4      4054         1         2         3         5         2         3         0         1      9873
         4      4054         1         2         4         2         2         4         0         1      4978
         4      4054         1         2         5         4         2         5         0         1      4183
         4      4054         1         2         6         2         1         2         1         1      2428
         4      4054         1         2         7         6         1         6         1         1      1941
         4      4054         1         2         8         9         2         9         1         1      2003
         4      4054         1         2         9         7         2         4         0         1      7663
         4      4054         1         2        10         9         1         9         1         1      1881
         4      4054         1         2        11        10         2         0         1         1      1323
         4      4054         1         2        12         7         1         5         0         1      6579
         4      4054         1         2        13         9         2         9         1         1      2087
         4      4054         1         2        14         3         1         2         0         1      4751
         4      4054         1         2        15         3         1         3         1         1      1181
         4      4054         1         2        16         9         1         9         1         1      1962
         4      4054         1         2        17         5         1         3         0         1      2247
         4      4054         1         2        18         1         2         4         0         1      3193
         4      4054         1         2        19         8         2         4         0         1      3127
         4      4054         1         2        20        10         1         0         1         1      3604
         4      4054         1         2        21         8         1         2         0         1      7200
         4      4054         1         2        22         8         1         8         1         1      1804
         4      4054         1         2        23         1         1         1         1         1      5472
         4      4054         1         2        24         7         1         8         0         1      5906
         4      4054         1         2        25         2         1         2         1         1      7827
         4      4054         1         2        26        10         2         0         1         1      1319
         4      4054         1         2        27         2         2         2         1         1      1406
         4      4054         1         2        28         4         1         2         0         1      4865
         4      4054         1         2        29         5         2         3         0         1      2458
         4      4054         1         2        30         3         2         3         1         1      3587
         4      4054         1         2        31         1         2         1         1         1      3552
         4      4054         1         2        32         6         2         6         1         1      2941
         4      4054         1         2        33         4         2         4         1         1      3155
         4      4054         1         2        34         6         1         6         1         1      1856
         4      4054         1         2        35         6         2         6         1         1      1138
         4      4054         1         2        36         5         1         3         0         1      2097
         4      4054         1         2        37         8         2         8         1         1      6858
         4      4054         1         2        38         4         1         4         1         1      3795
         4      4054         1         2        39         3         2         7         0         1     11382
         4      4054         1         2        40        10         1         0         1         1      2537
         4      4054         1         3         1         4         2         4         1         1      1749
         4      4054         1         3         2         6         1         6         1         1      1626
         4      4054         1         3         3         5         1         3         0         1      1558
         4      4054         1         3         4         9         1         6         0         1      2100
         4      4054         1         3         5         1         1         1         1         1      1916
         4      4054         1         3         6         6         2         6         1         1      1851
         4      4054         1         3         7         3         2         3         1         1      5804
         4      4054         1         3         8         2         2         2         1         1      3312
         4      4054         1         3         9         2         1         2         1         1       936
         4      4054         1         3        10         9         2         9         1         1      1838
         4      4054         1         3        11         6         1         6         1         1      1471
         4      4054         1         3        12         2         1         2         1         1      2114
         4      4054         1         3        13         5         1         5         1         1      3593
         4      4054         1         3        14         5         2         3         0         1      6229
         4      4054         1         3        15         8         2         8         1         1      4153
         4      4054         1         3        16        10         2         0         1         1      1248
         4      4054         1         3        17         5         2         5         1         1      3225
         4      4054         1         3        18         7         1         7         1         1      3077
         4      4054         1         3        19         4         2         4         1         1      1717
         4      4054         1         3        20        10         1         0         1         1      1339
         4      4054         1         3        21         1         2         1         1         1      1570
         4      4054         1         3        22         9         2         9         1         1      3263
         4      4054         1         3        23         7         1         7         1         1      2264
         4      4054         1         3        24         6         2         6         1         1      1977
         4      4054         1         3        25         8         1         0         0         1      4006
         4      4054         1         3        26         4         1         4         1         1      2577
         4      4054         1         3        27         8         1         8         1         1      1061
         4      4054         1         3        28         4         1         4         1         1      1509
         4      4054         1         3        29        10         1         0         1         1      1171
         4      4054         1         3        30         1         1         1         1         1      1584
         4      4054         1         3        31         1         2         1         1         1      1245
         4      4054         1         3        32         7         2         8         0         1      5159
         4      4054         1         3        33         3         1         5         0         1      8198
         4      4054         1         3        34        10         2         0         1         1      1163
         4      4054         1         3        35         3         1         3         1         1      1784
         4      4054         1         3        36         3         2         3         1         1      1723
         4      4054         1         3        37         2         2         2         1         1      1906
         4      4054         1         3        38         9         1         9         1         1      5554
         4      4054         1         3        39         7         2         7         1         1      2320
         4      4054         1         3        40         8         2         8         1         1      4736
         4      4054         1         4         1         9         2         9         1         1      2896
         4      4054         1         4         2         4         1         4         1         1      1543
         4      4054         1         4         3         2         2         2         1         1      1718
         4      4054         1         4         4         2         1         2         1         1       765
         4      4054         1         4         5         8         1         7         0         1      8635
         4      4054         1         4         6         7         2         7         1         1       861
         4      4054         1         4         7        10         1         0         1         1      2933
         4      4054         1         4         8         2         2         2         1         1      2059
         4      4054         1         4         9         5         2         3         0         1      6581
         4      4054         1         4        10         7         1         7         1         1      3402
         4      4054         1         4        11         3         1         3         1         1      3182
         4      4054         1         4        12         3         2         3         1         1      1114
         4      4054         1         4        13        10         2         0         1         1      1450
         4      4054         1         4        14         8         2         8         1         1      3005
         4      4054         1         4        15         3         2         3         1         1      2192
         4      4054         1         4        16         8         1         8         1         1      2436
         4      4054         1         4        17        10         1         0         1         1      1373
         4      4054         1         4        18         5         2         3         0         1      2194
         4      4054         1         4        19         5         1         5         1         1      1399
         4      4054         1         4        20         6         2         6         1         1      2251
         4      4054         1         4        21         5         1         5         1         1      1484
         4      4054         1         4        22         9         2         9         1         1      1773
         4      4054         1         4        23         6         1         6         1         1      1985
         4      4054         1         4        24        10         2         0         1         1      2351
         4      4054         1         4        25         4         2         4         1         1      3564
         4      4054         1         4        26         9         1         9         1         1      2058
         4      4054         1         4        27         6         1         6         1         1      2242
         4      4054         1         4        28         6         2         6         1         1       916
         4      4054         1         4        29         4         2         4         1         1      1404
         4      4054         1         4        30         9         1         9         1         1      2944
         4      4054         1         4        31         7         2         7         1         1      3591
         4      4054         1         4        32         1         2         1         1         1      1732
         4      4054         1         4        33         1         1         1         1         1      2778
         4      4054         1         4        34         1         1         1         1         1       839
         4      4054         1         4        35         3         1         3         1         1      2562
         4      4054         1         4        36         2         1         2         1         1      1192
         4      4054         1         4        37         4         1         4         1         1      2883
         4      4054         1         4        38         7         1         7         1         1      3468
         4      4054         1         4        39         8         2         8         1         1      1342
         4      4054         1         4        40         1         2         1         1         1      1284
         4      4054         1         5         1         9         1         9         1         1      2635
         4      4054         1         5         2         6         2         6         1         1      1854
         4      4054         1         5         3         8         1         8         1         1      2208
         4      4054         1         5         4         8         1         8         1         1      2004
         4      4054         1         5         5         8         2         8         1         1      8161
         4      4054         1         5         6         2         2         2         1         1      1191
         4      4054         1         5         7         5         1         5         1         1      2260
         4      4054         1         5         8        10         2         0         1         1      6470
         4      4054         1         5         9         4         1         4         1         1      1646
         4      4054         1         5        10         6         1         6         1         1      3399
         4      4054         1         5        11         5         1         5         1         1      1947
         4      4054         1         5        12         5         2         5         1         1      1641
         4      4054         1         5        13         9         2         9         1         1      2483
         4      4054         1         5        14         4         2         4         1         1      2300
         4      4054         1         5        15         3         2         3         1         1      3195
         4      4054         1         5        16         3         1         3         1         1      3287
         4      4054         1         5        17         3         1         3         1         1      1151
         4      4054         1         5        18         2         1         2         1         1      2957
         4      4054         1         5        19         6         1         6         1         1      3106
         4      4054         1         5        20         9         2         9         1         1      2001
         4      4054         1         5        21         5         2         5         1         1      2397
         4      4054         1         5        22         4         1         4         1         1      5496
         4      4054         1         5        23         7         1         7         1         1      2472
         4      4054         1         5        24         4         2         4         1         1      4370
         4      4054         1         5        25        10         1         0         1         1      3438
         4      4054         1         5        26         7         1         7         1         1      3233
         4      4054         1         5        27         7         2         8         0         1     10011
         4      4054         1         5        28         2         2         2         1         1      1480
         4      4054         1         5        29         1         2         1         1         1      1560
         4      4054         1         5        30         3         2         3         1         1      1765
         4      4054         1         5        31         1         1         1         1         1      1322
         4      4054         1         5        32         8         2         8         1         1      2018
         4      4054         1         5        33         6         2         6         1         1      2589
         4      4054         1         5        34        10         1         0         1         1      1312
         4      4054         1         5        35         9         1         9         1         1      2056
         4      4054         1         5        36         2         1         2         1         1      1586
         4      4054         1         5        37         1         1         1         1         1      1327
         4      4054         1         5        38        10         2         0         1         1      1431
         4      4054         1         5        39         7         2         7         1         1      2345
         4      4054         1         5        40         1         2         1         1         1       840
         4      4054         1         6         1         7         1         7         1         1      3795
         4      4054         1         6         2         3         1         3         1         1      1975
         4      4054         1         6         3         4         2         4         1         1      2308
         4      4054         1         6         4         8         2         8         1         1      2837
         4      4054         1         6         5         1         1         1         1         1      1743
         4      4054         1         6         6         5         1         5         1         1      4934
         4      4054         1         6         7         3         2         3         1         1      2780
         4      4054         1         6         8         8         1         8         1         1      2041
         4      4054         1         6         9         9         1         9         1         1      3843
         4      4054         1         6        10         4         1         4         1         1      2341
         4      4054         1         6        11         6         2         6         1         1      2179
         4      4054         1         6        12         2         2         2         1         1      2024
         4      4054         1         6        13         7         1         7         1         1      3444
         4      4054         1         6        14         8         2         8         1         1      1574
         4      4054         1         6        15         5         2         3         0         1      3522
         4      4054         1         6        16         6         1         6         1         1      2833
         4      4054         1         6        17         9         2         9         1         1      1755
         4      4054         1         6        18        10         2         8         0         1      3346
         4      4054         1         6        19        10         2         0         1         1     13737
         4      4054         1         6        20         1         2         1         1         1      1200
         4      4054         1         6        21         1         1         1         1         1      6268
         4      4054         1         6        22         2         2         2         1         1       909
         4      4054         1         6        23         7         2         7         1         1      5621
         4      4054         1         6        24         4         1         4         1         1      1727
         4      4054         1         6        25         4         2         4         1         1      1846
         4      4054         1         6        26         3         2         3         1         1      5879
         4      4054         1         6        27         2         1         2         1         1      1224
         4      4054         1         6        28         6         2         6         1         1      3378
         4      4054         1         6        29         9         2         9         1         1      2070
         4      4054         1         6        30        10         1         0         1         1      2078
         4      4054         1         6        31         5         2         5         1         1      2710
         4      4054         1         6        32         2         1         2         1         1      1446
         4      4054         1         6        33         5         1         5         1         1      1881
         4      4054         1         6        34         1         2         1         1         1      1497
         4      4054         1         6        35         8         1         8         1         1      2633
         4      4054         1         6        36         6         1         6         1         1      2891
         4      4054         1         6        37         3         1         3         1         1      4099
         4      4054         1         6        38         7         2         7         1         1      2955
         4      4054         1         6        39        10         1         0         1         1      1664
         4      4054         1         6        40         9         1         9         1         1      2809
         4      4054         2         1         1         4         4         4         1         0      4287
         4      4054         2         1         2         4         3         4         1         0      1343
         4      4054         2         1         3         9         3         9         1         0      1894
         4      4054         2         1         4         6         3         6         1         0      2198
         4      4054         2         1         5         7         3         7         1         0     12538
         4      4054         2         1         6         9         2         9         1         0      1984
         4      4054         2         1         7         1         2         1         1         0      1725
         4      4054         2         1         8         3         1         3         1         1      1988
         4      4054         2         1         9         4         2         4         1         0      2241
         4      4054         2         1        10         2         3         2         1         0      1763
         4      4054         2         1        11         1         1         1         1         1      1113
         4      4054         2         1        12         2         2         2         1         0      1849
         4      4054         2         1        13        10         1         0         1         1      1353
         4      4054         2         1        14         1         3         1         1         0      2862
         4      4054         2         1        15         3         4         3         1         0      3669
         4      4054         2         1        16         8         2         8         1         0      5711
         4      4054         2         1        17         6         2         6         1         0      1238
         4      4054         2         1        18        10         4         7         0         0      3681
         4      4054         2         1        19         6         4         6         1         0      2537
         4      4054         2         1        20         9         4         9         1         0      6416
         4      4054         2         1        21         9         1         9         1         1      1883
         4      4054         2         1        22        10         2         0         1         0      1260
         4      4054         2         1        23         7         2         7         1         0      3286
         4      4054         2         1        24         1         4         1         1         0      1454
         4      4054         2         1        25         5         4         5         1         0      1999
         4      4054         2         1        26         2         4         2         1         0      1259
         4      4054         2         1        27         8         4         7         0         0      8053
         4      4054         2         1        28         6         1         6         1         1      2382
         4      4054         2         1        29         3         3         3         1         0      2603
         4      4054         2         1        30         8         3         8         1         0      3007
         4      4054         2         1        31         3         2         3         1         0      1619
         4      4054         2         1        32         5         1         5         1         1      5118
         4      4054         2         1        33        10         3         7         0         0      5468
         4      4054         2         1        34         5         3         5         1         0      2814
         4      4054         2         1        35         8         1         8         1         1      3353
         4      4054         2         1        36         2         1         2         1         1      1376
         4      4054         2         1        37         5         2         5         1         0      3061
         4      4054         2         1        38         7         1         7         1         1      2615
         4      4054         2         1        39         7         4         7         1         0      4010
         4      4054         2         1        40         4         1         4         1         1      1189
         4      4054         2         2         1        10         3         7         0         0      7903
         4      4054         2         2         2         7         2         7         1         1      3375
         4      4054         2         2         3         8         4         7         0         0      3637
         4      4054         2         2         4         1         2         1         1         1      1647
         4      4054         2         2         5         7         1         7         1         0      2937
         4      4054         2         2         6         6         3         6         1         0      1760
         4      4054         2         2         7         7         3         8         0         0      4342
         4      4054         2         2         8        10         1         0         1         0      1859
         4      4054         2         2         9         1         4         1         1         0      1620
         4      4054         2         2        10         3         3         3         1         0      2447
         4      4054         2         2        11         4         3         4         1         0      2249
         4      4054         2         2        12         6         2         6         1         1      1531
         4      4054         2         2        13         6         4         8         0         0      6025
         4      4054         2         2        14         5         1         5         1         0      1750
         4      4054         2         2        15         1         1         1         1         0      1195
         4      4054         2         2        16         9         1         9         1         0      2711
         4      4054         2         2        17         8         2         8         1         1      3431
         4      4054         2         2        18         8         1         8         1         0      4282
         4      4054         2         2        19         3         4         3         1         0      3113
         4      4054         2         2        20         4         1         4         1         0      1272
         4      4054         2         2        21         2         1         2         1         0      2002
         4      4054         2         2        22         4         4         4         1         0      2637
         4      4054         2         2        23         4         2         4         1         1      1728
         4      4054         2         2        24         9         3         9         1         0      2151
         4      4054         2         2        25         3         2         3         1         1      8780
         4      4054         2         2        26         5         2         5         1         1      1961
         4      4054         2         2        27         5         3         5         1         0       775
         4      4054         2         2        28         9         2         9         1         1      1811
         4      4054         2         2        29        10         4         7         0         0      4295
         4      4054         2         2        30         6         1         6         1         0      3158
         4      4054         2         2        31         2         3         7         0         0      3044
         4      4054         2         2        32         2         2         2         1         1      2311
         4      4054         2         2        33         8         3         8         1         0      1976
         4      4054         2         2        34         1         3         1         1         0      1573
         4      4054         2         2        35         2         4         2         1         0      1362
         4      4054         2         2        36         5         4         5         1         0      3303
         4      4054         2         2        37        10         2         0         1         1      1951
         4      4054         2         2        38         7         4         7         1         0      6926
         4      4054         2         2        39         3         1         3         1         0      3718
         4      4054         2         2        40         9         4         9         1         0      2253
         4      4054         2         3         1        10         2         0         1         0      1696
         4      4054         2         3         2         4         1         4         1         1      1543
         4      4054         2         3         3         6         1         6         1         1      2724
         4      4054         2         3         4         8         4         7         0         0     13907
         4      4054         2         3         5         7         4         8         0         0      1876
         4      4054         2         3         6         4         3         4         1         0      1797
         4      4054         2         3         7         5         2         5         1         0      2152
         4      4054         2         3         8         2         3         2         1         0      1951
         4      4054         2         3         9         3         1         3         1         1      1836
         4      4054         2         3        10         3         4         3         1         0      1565
         4      4054         2         3        11         9         4         9         1         0      1898
         4      4054         2         3        12         4         4         4         1         0      5050
         4      4054         2         3        13         5         1         5         1         1      2684
         4      4054         2         3        14         8         2         8         1         0      7373
         4      4054         2         3        15         3         3         3         1         0      7010
         4      4054         2         3        16         1         1         1         1         1      1750
         4      4054         2         3        17         1         3         1         1         0      2827
         4      4054         2         3        18         2         1         2         1         1      1510
         4      4054         2         3        19         8         3         8         1         0      3415
         4      4054         2         3        20         3         2         3         1         0      3513
         4      4054         2         3        21         1         2         1         1         0      1560
         4      4054         2         3        22         5         4         5         1         0      1670
         4      4054         2         3        23         9         2         9         1         0      2029
         4      4054         2         3        24         2         2         2         1         0      2152
         4      4054         2         3        25         5         3         1         0         0      3854
         4      4054         2         3        26         6         4         7         0         0      2832
         4      4054         2         3        27         4         2         4         1         0      1611
         4      4054         2         3        28        10         3         7         0         0      5828
         4      4054         2         3        29         7         1         7         1         1      2087
         4      4054         2         3        30         9         3         9         1         0      1344
         4      4054         2         3        31         8         1         8         1         1      2293
         4      4054         2         3        32         7         3         7         1         0      2470
         4      4054         2         3        33        10         1         0         1         1      1486
         4      4054         2         3        34         6         2         6         1         0      4942
         4      4054         2         3        35         2         4         2         1         0      1605
         4      4054         2         3        36         7         2         7         1         0      1840
         4      4054         2         3        37         9         1         9         1         1      2179
         4      4054         2         3        38         6         3         6         1         0      4439
         4      4054         2         3        39        10         4         8         0         0      4770
         4      4054         2         3        40         1         4         7         0         0      1471
         4      4054         2         4         1         3         3         3         1         0      2624
         4      4054         2         4         2         5         3         5         1         0      2803
         4      4054         2         4         3         9         1         9         1         0      4719
         4      4054         2         4         4         7         4         7         1         0      5085
         4      4054         2         4         5         8         4         8         1         0      2925
         4      4054         2         4         6         1         3         1         1         0      1349
         4      4054         2         4         7         8         3         7         0         0      2844
         4      4054         2         4         8         4         2         4         1         1      2214
         4      4054         2         4         9         9         4         9         1         0      3769
         4      4054         2         4        10         2         2         2         1         1      3614
         4      4054         2         4        11         4         3         4         1         0      5162
         4      4054         2         4        12        10         2         0         1         1      2872
         4      4054         2         4        13         3         2         3         1         1     11969
         4      4054         2         4        14         5         4         5         1         0      8030
         4      4054         2         4        15         2         3         2         1         0      2074
         4      4054         2         4        16         6         2         6         1         1      6018
         4      4054         2         4        17        10         1         0         1         0      3307
         4      4054         2         4        18         6         3         6         1         0      2338
         4      4054         2         4        19         2         4         2         1         0      2209
         4      4054         2         4        20         4         4         1         0         0      2261
         4      4054         2         4        21         1         1         1         1         0      1814
         4      4054         2         4        22         5         2         5         1         1      1514
         4      4054         2         4        23         7         3         7         1         0      8825
         4      4054         2         4        24         8         1         8         1         0      1972
         4      4054         2         4        25         1         2         1         1         1      1250
         4      4054         2         4        26         7         1         7         1         0      2124
         4      4054         2         4        27        10         3         8         0         0      2642
         4      4054         2         4        28         2         1         2         1         0      2885
         4      4054         2         4        29        10         4         7         0         0      3182
         4      4054         2         4        30         6         4         8         0         0      3083
         4      4054         2         4        31         3         1         3         1         0     12427
         4      4054         2         4        32         4         1         4         1         0      2773
         4      4054         2         4        33         9         3         9         1         0      2115
         4      4054         2         4        34         8         2         8         1         1     10730
         4      4054         2         4        35         6         1         6         1         0      3032
         4      4054         2         4        36         5         1         5         1         0      2571
         4      4054         2         4        37         7         2         7         1         1      3504
         4      4054         2         4        38         9         2         9         1         1      9584
         4      4054         2         4        39         1         4         1         1         0      1964
         4      4054         2         4        40         3         4         3         1         0      2360
