Condition Subject Session Block Trial Subtype Token Response Correct Feedback RT 
         1      1064         1         1         1         6         2         6         1         1     29954
         1      1064         1         1         2         9         1         5         0         1      7854
         1      1064         1         1         3         8         2         5         0         1      5231
         1      1064         1         1         4         4         2         3         0         1     19384
         1      1064         1         1         5         3         1         1         0         1     15436
         1      1064         1         1         6         6         1         6         1         1      2494
         1      1064         1         1         7         9         2         5         0         1      5621
         1      1064         1         1         8         6         2         6         1         1      2127
         1      1064         1         1         9         2         2         3         0         1      6789
         1      1064         1         1        10         1         1         1         1         1     14031
         1      1064         1         1        11         3         2         7         0         1      8649
         1      1064         1         1        12         5         1         7         0         1      6154
         1      1064         1         1        13         6         1         6         1         1      1935
         1      1064         1         1        14         1         2         4         0         1     46796
         1      1064         1         1        15         5         1         5         1         1      2135
         1      1064         1         1        16        10         1         0         1         1      6588
         1      1064         1         1        17         7         1         9         0         1      5152
         1      1064         1         1        18         8         1         4         0         1      5933
         1      1064         1         1        19         1         2         0         0         1     35418
         1      1064         1         1        20         9         2         9         1         1      6476
         1      1064         1         1        21        10         2         2         0         1     11669
         1      1064         1         1        22         2         2         8         0         1      5182
         1      1064         1         1        23        10         2         8         0         1      5930
         1      1064         1         1        24         4         2         2         0         1      3991
         1      1064         1         1        25         9         1         1         0         1      6754
         1      1064         1         1        26         7         2         2         0         1      4287
         1      1064         1         1        27         5         2         5         1         1      3199
         1      1064         1         1        28         7         2         9         0         1      3258
         1      1064         1         1        29         3         2         5         0         1      3555
         1      1064         1         1        30        10         1         8         0         1     23070
         1      1064         1         1        31         1         1         2         0         1      5374
         1      1064         1         1        32         2         1         2         1         1      3362
         1      1064         1         1        33         4         1         7         0         1      6295
         1      1064         1         1        34         3         1         5         0         1      1895
         1      1064         1         1        35         2         1         2         1         1      2071
         1      1064         1         1        36         5         2         5         1         1      2255
         1      1064         1         1        37         7         1         0         0         1     18273
         1      1064         1         1        38         8         2         1         0         1     22865
         1      1064         1         1        39         4         1         1         0         1      5323
         1      1064         1         1        40         8         1         0         0         1      3584
         1      1064         1         2         1         4         1         4         1         1     16046
         1      1064         1         2         2         2         1         2         1         1      4728
         1      1064         1         2         3         2         1         2         1         1      3750
         1      1064         1         2         4         5         2         5         1         1      3595
         1      1064         1         2         5         2         2         4         0         1      9111
         1      1064         1         2         6         1         2         0         0         1      6933
         1      1064         1         2         7         4         2         4         1         1      5322
         1      1064         1         2         8         1         1         3         0         1     70206
         1      1064         1         2         9         1         2         1         1         1      6944
         1      1064         1         2        10        10         2         7         0         1     10086
         1      1064         1         2        11         1         1         1         1         1     12044
         1      1064         1         2        12         8         2         7         0         1     12789
         1      1064         1         2        13         7         1         9         0         1      6289
         1      1064         1         2        14         3         1         5         0         1      2496
         1      1064         1         2        15         6         2         6         1         1      1912
         1      1064         1         2        16         7         2         2         0         1      4214
         1      1064         1         2        17         4         2         5         0         1      3928
         1      1064         1         2        18         2         2         3         0         1      3942
         1      1064         1         2        19         5         2         5         1         1      2547
         1      1064         1         2        20         9         1         9         1         1      4007
         1      1064         1         2        21         8         2         8         1         1     14066
         1      1064         1         2        22        10         1         9         0         1      3898
         1      1064         1         2        23         6         1         6         1         1      3705
         1      1064         1         2        24         5         1         4         0         1      3633
         1      1064         1         2        25         3         1         4         0         1      2764
         1      1064         1         2        26         7         1         0         0         1      2842
         1      1064         1         2        27         9         2         9         1         1      4259
         1      1064         1         2        28         9         1         9         1         1      1570
         1      1064         1         2        29        10         2         0         1         1      8879
         1      1064         1         2        30         5         1         3         0         1     16023
         1      1064         1         2        31         8         1         1         0         1      7423
         1      1064         1         2        32         4         1         5         0         1      4178
         1      1064         1         2        33         3         2         5         0         1      5990
         1      1064         1         2        34         7         2         4         0         1      8865
         1      1064         1         2        35         9         2         9         1         1      2682
         1      1064         1         2        36         8         1         7         0         1     10041
         1      1064         1         2        37         6         2         6         1         1      1825
         1      1064         1         2        38         6         1         6         1         1      1539
         1      1064         1         2        39         3         2         3         1         1      6336
         1      1064         1         2        40        10         1         0         1         1      5230
         1      1064         1         3         1         4         2         4         1         1      5251
         1      1064         1         3         2         7         1         7         1         1      3981
         1      1064         1         3         3         6         1         6         1         1      1625
         1      1064         1         3         4         2         2         2         1         1      2836
         1      1064         1         3         5         1         2         1         1         1     10542
         1      1064         1         3         6         1         1         8         0         1      5138
         1      1064         1         3         7         8         1         8         1         1      2815
         1      1064         1         3         8         9         2         9         1         1      1866
         1      1064         1         3         9         7         2         4         0         1     23274
         1      1064         1         3        10         3         1         5         0         1      3618
         1      1064         1         3        11         8         1         8         1         1     12589
         1      1064         1         3        12         1         1         1         1         1      4047
         1      1064         1         3        13         2         1         2         1         1      2424
         1      1064         1         3        14         3         1         5         0         1      2051
         1      1064         1         3        15         3         2         3         1         1      4140
         1      1064         1         3        16         9         1         9         1         1      1777
         1      1064         1         3        17         7         1         7         1         1      2502
         1      1064         1         3        18         7         2         7         1         1     14701
         1      1064         1         3        19         9         2         9         1         1      1788
         1      1064         1         3        20         9         1         9         1         1      2159
         1      1064         1         3        21         5         2         5         1         1      2260
         1      1064         1         3        22         8         2         1         0         1      2004
         1      1064         1         3        23        10         1         0         1         1      6383
         1      1064         1         3        24         5         1         3         0         1      7482
         1      1064         1         3        25         2         1         2         1         1      4203
         1      1064         1         3        26         4         2         4         1         1      3086
         1      1064         1         3        27         2         2         4         0         1      3550
         1      1064         1         3        28         6         2         6         1         1      1626
         1      1064         1         3        29         3         2         3         1         1      2757
         1      1064         1         3        30         5         1         5         1         1      4818
         1      1064         1         3        31         8         2         1         0         1      1580
         1      1064         1         3        32         4         1         4         1         1      2457
         1      1064         1         3        33        10         2         1         0         1     12658
         1      1064         1         3        34         1         2         0         0         1     12371
         1      1064         1         3        35         6         2         6         1         1      2015
         1      1064         1         3        36         4         1         4         1         1      3178
         1      1064         1         3        37         5         2         5         1         1      4006
         1      1064         1         3        38        10         1         0         1         1      6304
         1      1064         1         3        39         6         1         6         1         1      1423
         1      1064         1         3        40        10         2         1         0         1      9665
         1      1064         1         4         1         8         2         0         0         1      4659
         1      1064         1         4         2         3         2         3         1         1      3444
         1      1064         1         4         3        10         2         1         0         1      6230
         1      1064         1         4         4         1         1         1         1         1      2630
         1      1064         1         4         5         7         1         7         1         1      2713
         1      1064         1         4         6         4         1         4         1         1      2168
         1      1064         1         4         7         6         1         6         1         1      1565
         1      1064         1         4         8        10         1         0         1         1      4488
         1      1064         1         4         9         9         1         9         1         1      1870
         1      1064         1         4        10         2         1         2         1         1      2126
         1      1064         1         4        11        10         1         0         1         1      3203
         1      1064         1         4        12         5         2         5         1         1      1871
         1      1064         1         4        13         8         1         8         1         1      8175
         1      1064         1         4        14         7         1         7         1         1      2052
         1      1064         1         4        15         2         1         2         1         1      1582
         1      1064         1         4        16         4         2         4         1         1      3849
         1      1064         1         4        17         9         1         9         1         1      1529
         1      1064         1         4        18         5         1         5         1         1      2807
         1      1064         1         4        19         4         2         4         1         1      2993
         1      1064         1         4        20         9         2         9         1         1      3332
         1      1064         1         4        21         5         1         5         1         1      1450
         1      1064         1         4        22         6         1         6         1         1      4059
         1      1064         1         4        23         2         2         2         1         1      2500
         1      1064         1         4        24         1         1         1         1         1      2218
         1      1064         1         4        25         3         1         3         1         1      6861
         1      1064         1         4        26         1         2         2         0         1      2661
         1      1064         1         4        27         8         1         8         1         1      6134
         1      1064         1         4        28         4         1         4         1         1      2588
         1      1064         1         4        29         3         1         3         1         1      6353
         1      1064         1         4        30         5         2         5         1         1      2255
         1      1064         1         4        31         9         2         9         1         1      1552
         1      1064         1         4        32         8         2         0         0         1      8397
         1      1064         1         4        33         1         2         8         0         1     19752
         1      1064         1         4        34         2         2         2         1         1      2030
         1      1064         1         4        35         6         2         6         1         1      1768
         1      1064         1         4        36         6         2         6         1         1      4236
         1      1064         1         4        37         7         2         7         1         1      3070
         1      1064         1         4        38         7         2         7         1         1      2062
         1      1064         1         4        39         3         2         3         1         1      4215
         1      1064         1         4        40        10         2         0         1         1      7562
         1      1064         1         5         1        10         2         0         1         1      2343
         1      1064         1         5         2         7         2         7         1         1      2084
         1      1064         1         5         3         4         1         4         1         1      2844
         1      1064         1         5         4        10         2         0         1         1      1606
         1      1064         1         5         5         5         1         5         1         1      2097
         1      1064         1         5         6         6         2         6         1         1      1576
         1      1064         1         5         7         2         1         2         1         1      1555
         1      1064         1         5         8         1         1         1         1         1      2095
         1      1064         1         5         9         2         1         2         1         1      1495
         1      1064         1         5        10         8         1         8         1         1      6566
         1      1064         1         5        11         3         1         3         1         1      5324
         1      1064         1         5        12         8         2         1         0         1      2625
         1      1064         1         5        13         3         2         3         1         1      6116
         1      1064         1         5        14         5         2         5         1         1      2186
         1      1064         1         5        15         9         2         9         1         1      1406
         1      1064         1         5        16        10         1         0         1         1      3920
         1      1064         1         5        17         7         1         7         1         1      2111
         1      1064         1         5        18        10         1         0         1         1      1669
         1      1064         1         5        19         6         1         6         1         1      1822
         1      1064         1         5        20         4         2         2         0         1      1487
         1      1064         1         5        21         5         2         5         1         1      3071
         1      1064         1         5        22         7         1         7         1         1      1857
         1      1064         1         5        23         9         1         9         1         1      2017
         1      1064         1         5        24         2         2         2         1         1      2188
         1      1064         1         5        25         3         2         3         1         1      2065
         1      1064         1         5        26         3         1         3         1         1      7850
         1      1064         1         5        27         9         2         9         1         1      1499
         1      1064         1         5        28         7         2         7         1         1      3978
         1      1064         1         5        29         1         1         1         1         1      1461
         1      1064         1         5        30         1         2         8         0         1      8213
         1      1064         1         5        31         8         1         8         1         1      4280
         1      1064         1         5        32         4         2         4         1         1      4279
         1      1064         1         5        33         8         2         8         1         1      3047
         1      1064         1         5        34         4         1         4         1         1      2857
         1      1064         1         5        35         1         2         1         1         1      6449
         1      1064         1         5        36         6         2         6         1         1      1642
         1      1064         1         5        37         6         1         6         1         1      1491
         1      1064         1         5        38         5         1         5         1         1      2147
         1      1064         1         5        39         9         1         9         1         1      1832
         1      1064         1         5        40         2         2         2         1         1      1802
         1      1064         1         6         1         5         2         5         1         1      2721
         1      1064         1         6         2         1         1         1         1         1      1343
         1      1064         1         6         3         8         1         8         1         1      4772
         1      1064         1         6         4         2         2         2         1         1      4128
         1      1064         1         6         5         4         1         4         1         1      2407
         1      1064         1         6         6         3         2         3         1         1      1825
         1      1064         1         6         7         9         1         9         1         1      5123
         1      1064         1         6         8         6         1         6         1         1      1456
         1      1064         1         6         9         7         2         7         1         1      6833
         1      1064         1         6        10         7         2         7         1         1      2075
         1      1064         1         6        11         1         1         1         1         1      1507
         1      1064         1         6        12         8         2         8         1         1      6593
         1      1064         1         6        13         7         1         7         1         1      5222
         1      1064         1         6        14        10         2         0         1         1      3809
         1      1064         1         6        15        10         1         0         1         1      8930
         1      1064         1         6        16         8         2         8         1         1      4248
         1      1064         1         6        17         4         1         4         1         1      3546
         1      1064         1         6        18         1         2         1         1         1      3367
         1      1064         1         6        19         4         2         4         1         1      2459
         1      1064         1         6        20         5         1         5         1         1      1892
         1      1064         1         6        21         7         1         7         1         1      5396
         1      1064         1         6        22         4         2         4         1         1      3174
         1      1064         1         6        23         5         1         5         1         1      2082
         1      1064         1         6        24         2         1         2         1         1      6378
         1      1064         1         6        25         9         2         9         1         1      1734
         1      1064         1         6        26         2         1         2         1         1      2525
         1      1064         1         6        27        10         1         0         1         1      2370
         1      1064         1         6        28         5         2         5         1         1      3102
         1      1064         1         6        29         2         2         2         1         1      2366
         1      1064         1         6        30         6         2         6         1         1      2634
         1      1064         1         6        31         9         1         9         1         1      3034
         1      1064         1         6        32         6         2         6         1         1      2651
         1      1064         1         6        33         9         2         9         1         1      1516
         1      1064         1         6        34         3         1         3         1         1      3932
         1      1064         1         6        35        10         2         0         1         1      4010
         1      1064         1         6        36         6         1         6         1         1      3045
         1      1064         1         6        37         3         1         3         1         1      6087
         1      1064         1         6        38         3         2         3         1         1      6270
         1      1064         1         6        39         1         2         1         1         1      2335
         1      1064         1         6        40         8         1         8         1         1      4172
         1      1064         2         1         1        10         2         0         1         0      1930
         1      1064         2         1         2         2         3         2         1         0      2967
         1      1064         2         1         3         1         3         3         0         0      3404
         1      1064         2         1         4         6         4         6         1         0      1838
         1      1064         2         1         5         1         1         1         1         1      1519
         1      1064         2         1         6        10         4         0         1         0     13054
         1      1064         2         1         7         5         3         5         1         0      5295
         1      1064         2         1         8         7         2         7         1         0      2678
         1      1064         2         1         9         2         4         4         0         0     20661
         1      1064         2         1        10         9         1         9         1         1      3973
         1      1064         2         1        11         8         3         3         0         0     20000
         1      1064         2         1        12         9         4         2         0         0     20747
         1      1064         2         1        13         3         2         3         1         0      4360
         1      1064         2         1        14         2         1         2         1         1      2998
         1      1064         2         1        15         5         4         5         1         0      7001
         1      1064         2         1        16         2         2         2         1         0      1773
         1      1064         2         1        17         4         3         4         1         0      3761
         1      1064         2         1        18         9         2         9         1         0      2422
         1      1064         2         1        19         3         3         3         1         0     12784
         1      1064         2         1        20         8         2         8         1         0      3357
         1      1064         2         1        21         6         2         6         1         0      2130
         1      1064         2         1        22         5         2         5         1         0      2327
         1      1064         2         1        23         7         1         7         1         1      2279
         1      1064         2         1        24         3         1         3         1         1      4839
         1      1064         2         1        25        10         3         3         0         0     36847
         1      1064         2         1        26        10         1         0         1         1      4055
         1      1064         2         1        27         9         3         9         1         0      1936
         1      1064         2         1        28         8         1         8         1         1      1949
         1      1064         2         1        29         4         1         4         1         1      7707
         1      1064         2         1        30         6         3         6         1         0      3361
         1      1064         2         1        31         7         4         7         1         0      3670
         1      1064         2         1        32         8         4         1         0         0     25069
         1      1064         2         1        33         4         2         4         1         0      4861
         1      1064         2         1        34         7         3         7         1         0      8101
         1      1064         2         1        35         3         4         3         1         0      3725
         1      1064         2         1        36         1         4         1         1         0      5363
         1      1064         2         1        37         5         1         5         1         1      2232
         1      1064         2         1        38         4         4         2         0         0      2346
         1      1064         2         1        39         1         2         1         1         0      3351
         1      1064         2         1        40         6         1         6         1         1      1436
         1      1064         2         2         1         7         2         7         1         1     15951
         1      1064         2         2         2         2         3         2         1         0      5885
         1      1064         2         2         3         9         1         9         1         0      2588
         1      1064         2         2         4         4         4         2         0         0      2608
         1      1064         2         2         5         3         2         3         1         1      2595
         1      1064         2         2         6        10         3         1         0         0     68116
         1      1064         2         2         7         8         4         8         1         0     16921
         1      1064         2         2         8        10         4         9         0         0      2991
         1      1064         2         2         9         9         3         9         1         0      1539
         1      1064         2         2        10         4         3         4         1         0      2625
         1      1064         2         2        11         1         1         1         1         0      1554
         1      1064         2         2        12         9         2         9         1         1      1967
         1      1064         2         2        13         6         4         6         1         0      1386
         1      1064         2         2        14         1         4         1         1         0     26718
         1      1064         2         2        15         1         3         3         0         0      6348
         1      1064         2         2        16         5         3         5         1         0      3993
         1      1064         2         2        17         7         1         7         1         0      3494
         1      1064         2         2        18         9         4         9         1         0      2101
         1      1064         2         2        19         6         1         6         1         0      1612
         1      1064         2         2        20         5         1         5         1         0      1591
         1      1064         2         2        21         6         3         6         1         0      2674
         1      1064         2         2        22         7         3         7         1         0      6354
         1      1064         2         2        23         5         4         5         1         0      5839
         1      1064         2         2        24         2         4         2         1         0      1935
         1      1064         2         2        25         3         3         5         0         0      6446
         1      1064         2         2        26         7         4         7         1         0      2583
         1      1064         2         2        27         3         1         5         0         0      4411
         1      1064         2         2        28         2         1         2         1         0      2630
         1      1064         2         2        29        10         1         0         1         0      1704
         1      1064         2         2        30         2         2         2         1         1      1536
         1      1064         2         2        31         8         3         8         1         0     10589
         1      1064         2         2        32         3         4         3         1         0      3648
         1      1064         2         2        33        10         2         0         1         1      1610
         1      1064         2         2        34         4         1         4         1         0      5541
         1      1064         2         2        35         8         2         8         1         1      4099
         1      1064         2         2        36         1         2         1         1         1      6106
         1      1064         2         2        37         6         2         6         1         1      1744
         1      1064         2         2        38         5         2         5         1         1      4789
         1      1064         2         2        39         8         1         8         1         0      1825
         1      1064         2         2        40         4         2         4         1         1      3762
         1      1064         2         3         1         4         2         4         1         0      1958
         1      1064         2         3         2         5         3         5         1         0      3250
         1      1064         2         3         3         8         4         8         1         0      3723
         1      1064         2         3         4         1         2         1         1         0      1697
         1      1064         2         3         5         3         1         3         1         1      2873
         1      1064         2         3         6         6         1         6         1         1      1809
         1      1064         2         3         7         6         3         6         1         0      1556
         1      1064         2         3         8         6         2         6         1         0      1344
         1      1064         2         3         9         7         4         7         1         0      3077
         1      1064         2         3        10         1         4         1         1         0      4229
         1      1064         2         3        11         2         2         2         1         0      1592
         1      1064         2         3        12         8         3         8         1         0      2419
         1      1064         2         3        13         3         2         3         1         0      2174
         1      1064         2         3        14        10         3         0         1         0     22497
         1      1064         2         3        15         7         1         7         1         1      2552
         1      1064         2         3        16         8         2         8         1         0      1934
         1      1064         2         3        17         2         1         2         1         1      3019
         1      1064         2         3        18         9         2         9         1         0      1598
         1      1064         2         3        19         8         1         8         1         1      6265
         1      1064         2         3        20         7         3         7         1         0     11258
         1      1064         2         3        21         5         2         5         1         0      2547
         1      1064         2         3        22         3         3         5         0         0      1817
         1      1064         2         3        23         5         4         3         0         0     11003
         1      1064         2         3        24         1         1         1         1         1      2398
         1      1064         2         3        25        10         4         9         0         0      1433
         1      1064         2         3        26         4         4         4         1         0      4620
         1      1064         2         3        27         4         1         4         1         1      1295
         1      1064         2         3        28        10         1         0         1         1      1862
         1      1064         2         3        29         2         3         2         1         0      2326
         1      1064         2         3        30         4         3         4         1         0      1749
         1      1064         2         3        31         5         1         5         1         1      1450
         1      1064         2         3        32         6         4         6         1         0      1434
         1      1064         2         3        33         9         3         9         1         0      2460
         1      1064         2         3        34         9         1         9         1         1      1667
         1      1064         2         3        35         9         4         9         1         0      7676
         1      1064         2         3        36         2         4         2         1         0      1667
         1      1064         2         3        37         1         3         3         0         0      3404
         1      1064         2         3        38         3         4         3         1         0      2896
         1      1064         2         3        39        10         2         0         1         0      1447
         1      1064         2         3        40         7         2         7         1         0      1705
         1      1064         2         4         1         4         4         4         1         0      7808
         1      1064         2         4         2         3         2         3         1         1      2020
         1      1064         2         4         3         8         1         8         1         0      7726
         1      1064         2         4         4         3         4         3         1         0      3716
         1      1064         2         4         5         3         1         3         1         0      5835
         1      1064         2         4         6         7         3         7         1         0      7837
         1      1064         2         4         7         1         1         1         1         0      1293
         1      1064         2         4         8         8         3         8         1         0      2084
         1      1064         2         4         9         6         4         6         1         0      1387
         1      1064         2         4        10         9         1         9         1         0      1230
         1      1064         2         4        11         4         3         4         1         0      2313
         1      1064         2         4        12         9         2         9         1         1      1111
         1      1064         2         4        13         9         4         9         1         0      1525
         1      1064         2         4        14         2         3         2         1         0      2403
         1      1064         2         4        15         4         1         4         1         0      1839
         1      1064         2         4        16         6         1         6         1         0      1265
         1      1064         2         4        17        10         1         0         1         0      2057
         1      1064         2         4        18         2         4         2         1         0      3648
         1      1064         2         4        19         3         3         5         0         0      3354
         1      1064         2         4        20         1         3         3         0         0      2784
         1      1064         2         4        21         7         1         7         1         0      1612
         1      1064         2         4        22         7         4         7         1         0      4311
         1      1064         2         4        23         2         2         2         1         1      1782
         1      1064         2         4        24         5         3         5         1         0      3098
         1      1064         2         4        25         7         2         7         1         1      1705
         1      1064         2         4        26        10         2         0         1         1      1697
         1      1064         2         4        27         5         4         5         1         0      2600
         1      1064         2         4        28         1         2         1         1         1      1419
         1      1064         2         4        29         8         2         8         1         1      1998
         1      1064         2         4        30         5         2         5         1         1      2858
         1      1064         2         4        31        10         3         0         1         0     13201
         1      1064         2         4        32         2         1         2         1         0      2333
         1      1064         2         4        33         4         2         4         1         1      2074
         1      1064         2         4        34         6         2         6         1         1      1537
         1      1064         2         4        35         8         4         8         1         0      2063
         1      1064         2         4        36         6         3         6         1         0      1591
         1      1064         2         4        37         5         1         5         1         0      1954
         1      1064         2         4        38         9         3         9         1         0      1552
         1      1064         2         4        39        10         4         9         0         0     38732
         1      1064         2         4        40         1         4         1         1         0     23369
