Condition Subject Session Block Trial Subtype Token Response Correct Feedback RT 
         4      4128         1         1         1         7         1         1         0         1     12104
         4      4128         1         1         2         3         2         3         1         1     64509
         4      4128         1         1         3         5         1         3         0         1     13350
         4      4128         1         1         4         5         2         1         0         1     39930
         4      4128         1         1         5         1         1         7         0         1     10233
         4      4128         1         1         6         3         1         3         1         1      2891
         4      4128         1         1         7         7         1         7         1         1     18756
         4      4128         1         1         8         8         2         5         0         1     16066
         4      4128         1         1         9         8         1         0         0         1     14843
         4      4128         1         1        10        10         1         0         1         1     12628
         4      4128         1         1        11         2         2         5         0         1     10055
         4      4128         1         1        12         3         1         3         1         1      2545
         4      4128         1         1        13         4         1         4         1         1      5254
         4      4128         1         1        14         3         2         3         1         1      4143
         4      4128         1         1        15         8         1         8         1         1     11909
         4      4128         1         1        16         9         1         2         0         1      6262
         4      4128         1         1        17        10         2         0         1         1      5128
         4      4128         1         1        18         4         1         4         1         1      3590
         4      4128         1         1        19         5         1         5         1         1      7970
         4      4128         1         1        20         6         2         6         1         1     13519
         4      4128         1         1        21         9         2         6         0         1     12110
         4      4128         1         1        22         8         2         7         0         1     11094
         4      4128         1         1        23        10         1         9         0         1     10340
         4      4128         1         1        24         4         2         4         1         1      3123
         4      4128         1         1        25        10         2         5         0         1      8308
         4      4128         1         1        26         9         2         8         0         1     20162
         4      4128         1         1        27         7         2         1         0         1     11255
         4      4128         1         1        28         6         2         6         1         1      4465
         4      4128         1         1        29         7         2         2         0         1      5338
         4      4128         1         1        30         4         2         4         1         1      1793
         4      4128         1         1        31         2         1         3         0         1     14598
         4      4128         1         1        32         2         2         7         0         1     20778
         4      4128         1         1        33         6         1         6         1         1     11717
         4      4128         1         1        34         9         1         9         1         1      8988
         4      4128         1         1        35         5         2         3         0         1      4737
         4      4128         1         1        36         1         2         1         1         1      6944
         4      4128         1         1        37         1         1         1         1         1      2951
         4      4128         1         1        38         2         1         2         1         1      5614
         4      4128         1         1        39         6         1         6         1         1      2568
         4      4128         1         1        40         1         2         1         1         1      1630
         4      4128         1         2         1         2         2         2         1         1      4829
         4      4128         1         2         2         3         1         3         1         1      3384
         4      4128         1         2         3         2         2         2         1         1      5133
         4      4128         1         2         4         5         2         5         1         1      5995
         4      4128         1         2         5         3         2         3         1         1      2887
         4      4128         1         2         6         9         2         9         1         1      9216
         4      4128         1         2         7         4         2         4         1         1      2443
         4      4128         1         2         8         1         1         1         1         1      1958
         4      4128         1         2         9         1         2         1         1         1      1364
         4      4128         1         2        10         3         1         3         1         1      3594
         4      4128         1         2        11         3         2         3         1         1      3190
         4      4128         1         2        12         9         1         9         1         1     10131
         4      4128         1         2        13         7         2         7         1         1      8873
         4      4128         1         2        14         9         1         9         1         1      5491
         4      4128         1         2        15         6         2         6         1         1      5763
         4      4128         1         2        16         6         2         6         1         1      3193
         4      4128         1         2        17         6         1         6         1         1      1637
         4      4128         1         2        18         5         1         5         1         1      6896
         4      4128         1         2        19         4         1         4         1         1      1815
         4      4128         1         2        20         7         2         7         1         1      4427
         4      4128         1         2        21         8         1         0         0         1      9205
         4      4128         1         2        22         8         2         8         1         1     11314
         4      4128         1         2        23        10         1         0         1         1      3704
         4      4128         1         2        24        10         2         0         1         1      1889
         4      4128         1         2        25        10         2         0         1         1      3011
         4      4128         1         2        26         1         1         1         1         1      1895
         4      4128         1         2        27         1         2         1         1         1      1224
         4      4128         1         2        28         4         1         4         1         1      1795
         4      4128         1         2        29         8         1         9         0         1      8086
         4      4128         1         2        30         6         1         6         1         1      2030
         4      4128         1         2        31         7         1         7         1         1     12041
         4      4128         1         2        32         7         1         7         1         1      5300
         4      4128         1         2        33         2         1         2         1         1      4764
         4      4128         1         2        34         5         2         5         1         1      6234
         4      4128         1         2        35         4         2         4         1         1      1820
         4      4128         1         2        36         9         2         9         1         1     11311
         4      4128         1         2        37         5         1         5         1         1      5591
         4      4128         1         2        38         8         2         8         1         1      7092
         4      4128         1         2        39        10         1         0         1         1      3187
         4      4128         1         2        40         2         1         2         1         1      5408
         4      4128         1         3         1         3         1         3         1         1      2656
         4      4128         1         3         2         4         1         4         1         1      1601
         4      4128         1         3         3        10         2         0         1         1      4462
         4      4128         1         3         4         3         1         3         1         1      2264
         4      4128         1         3         5         2         2         2         1         1      4617
         4      4128         1         3         6         5         1         5         1         1      4141
         4      4128         1         3         7         4         2         4         1         1      1779
         4      4128         1         3         8         5         2         2         0         1      4679
         4      4128         1         3         9         1         1         1         1         1      5240
         4      4128         1         3        10         7         1         8         0         1      7427
         4      4128         1         3        11         6         1         6         1         1      2005
         4      4128         1         3        12         1         1         1         1         1      1394
         4      4128         1         3        13         7         1         7         1         1      5863
         4      4128         1         3        14         4         2         4         1         1      1545
         4      4128         1         3        15         1         2         1         1         1      1302
         4      4128         1         3        16         2         1         2         1         1      5087
         4      4128         1         3        17         8         1         9         0         1      6063
         4      4128         1         3        18         7         2         7         1         1      8681
         4      4128         1         3        19         9         1         6         0         1      5962
         4      4128         1         3        20        10         1         0         1         1      5046
         4      4128         1         3        21         4         1         4         1         1      1639
         4      4128         1         3        22         5         1         5         1         1      3538
         4      4128         1         3        23         9         1         8         0         1      5889
         4      4128         1         3        24         3         2         3         1         1     13104
         4      4128         1         3        25         7         2         8         0         1      5585
         4      4128         1         3        26         6         2         6         1         1      1582
         4      4128         1         3        27         8         1         0         0         1     13226
         4      4128         1         3        28         1         2         1         1         1      1526
         4      4128         1         3        29        10         2         0         1         1      4679
         4      4128         1         3        30         9         2         9         1         1     14438
         4      4128         1         3        31         6         1         6         1         1      1536
         4      4128         1         3        32         9         2         9         1         1      2543
         4      4128         1         3        33         2         1         2         1         1      4181
         4      4128         1         3        34         6         2         6         1         1      1690
         4      4128         1         3        35         5         2         5         1         1      3474
         4      4128         1         3        36         3         2         3         1         1      2116
         4      4128         1         3        37         8         2         8         1         1      6219
         4      4128         1         3        38         2         2         2         1         1      3951
         4      4128         1         3        39         8         2         0         0         1      3710
         4      4128         1         3        40        10         1         0         1         1      3236
         4      4128         1         4         1         1         2         1         1         1      1364
         4      4128         1         4         2         3         1         3         1         1      2217
         4      4128         1         4         3         8         2         8         1         1      6204
         4      4128         1         4         4         7         2         7         1         1      3729
         4      4128         1         4         5         8         1         9         0         1      5303
         4      4128         1         4         6         5         1         5         1         1      2640
         4      4128         1         4         7         9         1         9         1         1      7779
         4      4128         1         4         8         4         1         4         1         1      1479
         4      4128         1         4         9         7         2         7         1         1      3624
         4      4128         1         4        10         4         2         4         1         1      1556
         4      4128         1         4        11        10         1         0         1         1      3455
         4      4128         1         4        12         3         2         3         1         1      2353
         4      4128         1         4        13         7         1         7         1         1      6272
         4      4128         1         4        14         1         1         1         1         1      1650
         4      4128         1         4        15         6         2         6         1         1      1484
         4      4128         1         4        16         2         2         2         1         1      3709
         4      4128         1         4        17         5         2         5         1         1      4469
         4      4128         1         4        18        10         2         0         1         1      4783
         4      4128         1         4        19         3         1         3         1         1      2572
         4      4128         1         4        20         1         2         1         1         1      1346
         4      4128         1         4        21         2         2         5         0         1      2728
         4      4128         1         4        22         2         1         2         1         1      3671
         4      4128         1         4        23        10         1         0         1         1      3119
         4      4128         1         4        24         9         2         9         1         1      3789
         4      4128         1         4        25         2         1         2         1         1     11618
         4      4128         1         4        26         4         2         4         1         1      1486
         4      4128         1         4        27        10         2         0         1         1      1759
         4      4128         1         4        28         6         1         6         1         1      2036
         4      4128         1         4        29         1         1         1         1         1      1438
         4      4128         1         4        30         6         2         6         1         1      1905
         4      4128         1         4        31         8         1         0         0         1      3985
         4      4128         1         4        32         4         1         4         1         1      1517
         4      4128         1         4        33         3         2         3         1         1      1436
         4      4128         1         4        34         5         2         5         1         1      2494
         4      4128         1         4        35         8         2         0         0         1      4967
         4      4128         1         4        36         6         1         6         1         1      1547
         4      4128         1         4        37         5         1         5         1         1      2873
         4      4128         1         4        38         9         2         9         1         1      4643
         4      4128         1         4        39         7         1         1         0         1      2549
         4      4128         1         4        40         9         1         9         1         1      6827
         4      4128         1         5         1         3         2         3         1         1      3299
         4      4128         1         5         2         6         2         6         1         1      1531
         4      4128         1         5         3         7         1         7         1         1      2890
         4      4128         1         5         4         6         1         6         1         1      1298
         4      4128         1         5         5         5         1         5         1         1      1835
         4      4128         1         5         6         9         2         9         1         1      4253
         4      4128         1         5         7         1         1         1         1         1      1535
         4      4128         1         5         8         4         1         4         1         1      1405
         4      4128         1         5         9         2         2         2         1         1      3218
         4      4128         1         5        10         4         1         4         1         1      1244
         4      4128         1         5        11         8         2         0         0         1      4503
         4      4128         1         5        12         3         1         3         1         1      1759
         4      4128         1         5        13         6         2         6         1         1      1381
         4      4128         1         5        14         1         2         1         1         1      1194
         4      4128         1         5        15         2         1         2         1         1      3287
         4      4128         1         5        16        10         1         0         1         1      1598
         4      4128         1         5        17         9         1         9         1         1      5595
         4      4128         1         5        18         8         1         0         0         1      2375
         4      4128         1         5        19         4         2         4         1         1      1476
         4      4128         1         5        20         7         1         7         1         1      2134
         4      4128         1         5        21         1         2         1         1         1      1149
         4      4128         1         5        22         8         1         8         1         1      7018
         4      4128         1         5        23         9         1         9         1         1      2174
         4      4128         1         5        24         3         2         3         1         1      1492
         4      4128         1         5        25         4         2         4         1         1      1380
         4      4128         1         5        26         5         1         5         1         1      2265
         4      4128         1         5        27        10         2         0         1         1      2252
         4      4128         1         5        28         5         2         5         1         1      1710
         4      4128         1         5        29         8         2         8         1         1      4054
         4      4128         1         5        30         2         2         5         0         1      1489
         4      4128         1         5        31         9         2         9         1         1      4081
         4      4128         1         5        32        10         2         0         1         1      2043
         4      4128         1         5        33         1         1         1         1         1      3206
         4      4128         1         5        34         2         1         2         1         1      1731
         4      4128         1         5        35        10         1         0         1         1      3064
         4      4128         1         5        36         5         2         5         1         1      1481
         4      4128         1         5        37         3         1         3         1         1      3705
         4      4128         1         5        38         6         1         6         1         1      1520
         4      4128         1         5        39         7         2         7         1         1     10480
         4      4128         1         5        40         7         2         7         1         1      2985
         4      4128         1         6         1         7         1         7         1         1      3660
         4      4128         1         6         2         3         2         3         1         1      1573
         4      4128         1         6         3         9         1         9         1         1      3651
         4      4128         1         6         4         4         1         4         1         1      1468
         4      4128         1         6         5         8         2         8         1         1      3438
         4      4128         1         6         6         2         2         2         1         1      1874
         4      4128         1         6         7        10         2         0         1         1      1796
         4      4128         1         6         8         6         1         6         1         1      1463
         4      4128         1         6         9         3         2         3         1         1      2040
         4      4128         1         6        10         7         1         7         1         1      2275
         4      4128         1         6        11         9         2         9         1         1      3043
         4      4128         1         6        12         1         1         1         1         1      2662
         4      4128         1         6        13        10         2         0         1         1      1401
         4      4128         1         6        14         2         2         2         1         1      1789
         4      4128         1         6        15         5         2         5         1         1      1730
         4      4128         1         6        16         9         1         9         1         1      1497
         4      4128         1         6        17         6         1         6         1         1      1448
         4      4128         1         6        18         6         2         6         1         1      2202
         4      4128         1         6        19         7         2         7         1         1      2894
         4      4128         1         6        20        10         1         0         1         1      2148
         4      4128         1         6        21         8         1         8         1         1      3786
         4      4128         1         6        22         2         1         2         1         1      1631
         4      4128         1         6        23         8         2         8         1         1      2730
         4      4128         1         6        24         2         1         2         1         1      1561
         4      4128         1         6        25         1         2         1         1         1      1239
         4      4128         1         6        26         9         2         9         1         1      1554
         4      4128         1         6        27        10         1         0         1         1      1311
         4      4128         1         6        28         6         2         6         1         1      1431
         4      4128         1         6        29         3         1         3         1         1      1353
         4      4128         1         6        30         4         2         4         1         1      1663
         4      4128         1         6        31         1         1         1         1         1      2297
         4      4128         1         6        32         7         2         7         1         1      2170
         4      4128         1         6        33         5         2         5         1         1      1422
         4      4128         1         6        34         1         2         1         1         1      1170
         4      4128         1         6        35         5         1         5         1         1      1487
         4      4128         1         6        36         5         1         5         1         1      2961
         4      4128         1         6        37         4         2         4         1         1      1415
         4      4128         1         6        38         8         1         8         1         1      2746
         4      4128         1         6        39         3         1         3         1         1      1544
         4      4128         1         6        40         4         1         4         1         1      1478
         4      4128         2         1         1        10         3         8         0         0     41767
         4      4128         2         1         2         4         3         4         1         0      1837
         4      4128         2         1         3         5         3         5         1         0      8383
         4      4128         2         1         4         5         2         5         1         0      1867
         4      4128         2         1         5         9         2         9         1         0      1500
         4      4128         2         1         6         7         2         7         1         0      2763
         4      4128         2         1         7         3         3         3         1         0      3417
         4      4128         2         1         8         5         4         3         0         0      2123
         4      4128         2         1         9         8         2         8         1         0      2499
         4      4128         2         1        10         9         4         6         0         0      2539
         4      4128         2         1        11         4         4         4         1         0      1425
         4      4128         2         1        12         2         2         2         1         0      1796
         4      4128         2         1        13         2         4         2         1         0      1528
         4      4128         2         1        14         7         1         7         1         1      3767
         4      4128         2         1        15         2         3         7         0         0      8284
         4      4128         2         1        16         7         3         6         0         0      1774
         4      4128         2         1        17         8         3         7         0         0     15395
         4      4128         2         1        18        10         2         0         1         0      1800
         4      4128         2         1        19         8         1         8         1         1      2860
         4      4128         2         1        20         5         1         5         1         1      1733
         4      4128         2         1        21         6         1         6         1         1      1611
         4      4128         2         1        22         3         1         3         1         1      1574
         4      4128         2         1        23         4         1         4         1         1      1378
         4      4128         2         1        24         6         4         7         0         0      5175
         4      4128         2         1        25         4         2         4         1         0      1284
         4      4128         2         1        26         6         3         6         1         0      2507
         4      4128         2         1        27         8         4         8         1         0      5843
         4      4128         2         1        28         3         2         3         1         0      1717
         4      4128         2         1        29        10         4         8         0         0      3900
         4      4128         2         1        30         6         2         6         1         0      1596
         4      4128         2         1        31         1         3         4         0         0      1992
         4      4128         2         1        32         7         4         4         0         0      2724
         4      4128         2         1        33        10         1         0         1         1      1602
         4      4128         2         1        34         3         4         3         1         0      1244
         4      4128         2         1        35         1         1         1         1         1      1510
         4      4128         2         1        36         2         1         2         1         1      2135
         4      4128         2         1        37         9         3         4         0         0      2366
         4      4128         2         1        38         1         4         8         0         0      5130
         4      4128         2         1        39         9         1         9         1         1      1625
         4      4128         2         1        40         1         2         1         1         0      1428
         4      4128         2         2         1         5         1         5         1         0      2040
         4      4128         2         2         2         3         4         3         1         0      1553
         4      4128         2         2         3         7         3         6         0         0      2335
         4      4128         2         2         4         2         4         2         1         0      1533
         4      4128         2         2         5         9         2         9         1         1      2011
         4      4128         2         2         6         2         1         2         1         0      1238
         4      4128         2         2         7         4         2         4         1         1      1296
         4      4128         2         2         8         4         1         4         1         0      1319
         4      4128         2         2         9         3         2         3         1         1      1630
         4      4128         2         2        10         7         1         7         1         0      2520
         4      4128         2         2        11         7         2         7         1         1      1535
         4      4128         2         2        12         1         3         4         0         0      3117
         4      4128         2         2        13         9         3         6         0         0      1757
         4      4128         2         2        14         1         2         1         1         1      1203
         4      4128         2         2        15         8         1         8         1         0      2238
         4      4128         2         2        16        10         1         0         1         0      1327
         4      4128         2         2        17         1         4         9         0         0     14837
         4      4128         2         2        18         2         2         2         1         1      2928
         4      4128         2         2        19        10         2         0         1         1      1463
         4      4128         2         2        20         6         3         6         1         0      2712
         4      4128         2         2        21         6         4         7         0         0      1798
         4      4128         2         2        22         7         4         4         0         0      4714
         4      4128         2         2        23         5         2         5         1         1      4345
         4      4128         2         2        24         5         4         5         1         0      1958
         4      4128         2         2        25         4         4         4         1         0      1379
         4      4128         2         2        26         9         1         9         1         0      1752
         4      4128         2         2        27         8         3         7         0         0      4478
         4      4128         2         2        28         8         4         7         0         0      1462
         4      4128         2         2        29         5         3         3         0         0      3208
         4      4128         2         2        30        10         3         4         0         0      2754
         4      4128         2         2        31         3         3         3         1         0      3136
         4      4128         2         2        32         4         3         4         1         0      1390
         4      4128         2         2        33        10         4         4         0         0      2899
         4      4128         2         2        34         2         3         2         1         0      1707
         4      4128         2         2        35         3         1         3         1         0      1379
         4      4128         2         2        36         1         1         1         1         0      1272
         4      4128         2         2        37         8         2         8         1         1      1681
         4      4128         2         2        38         6         1         6         1         0      1368
         4      4128         2         2        39         9         4         6         0         0      1774
         4      4128         2         2        40         6         2         6         1         1      1283
         4      4128         2         3         1         8         4         7         0         0      3223
         4      4128         2         3         2        10         4         4         0         0      3923
         4      4128         2         3         3         2         1         2         1         1      1474
         4      4128         2         3         4         3         1         3         1         1      1187
         4      4128         2         3         5         4         4         4         1         0      1167
         4      4128         2         3         6         5         3         5         1         0      1437
         4      4128         2         3         7         6         4         7         0         0      2911
         4      4128         2         3         8         3         3         5         0         0      3349
         4      4128         2         3         9        10         1         0         1         1      1514
         4      4128         2         3        10        10         2         0         1         0      1162
         4      4128         2         3        11         9         4         6         0         0      1559
         4      4128         2         3        12         1         3         1         1         0      1429
         4      4128         2         3        13         9         3         6         0         0      1592
         4      4128         2         3        14         2         3         2         1         0      2326
         4      4128         2         3        15         8         2         8         1         0      1877
         4      4128         2         3        16         7         3         7         1         0      9382
         4      4128         2         3        17         6         1         6         1         1      1370
         4      4128         2         3        18         4         2         4         1         0      1327
         4      4128         2         3        19         3         2         3         1         0      2437
         4      4128         2         3        20        10         3         2         0         0      2591
         4      4128         2         3        21         1         1         1         1         1      1459
         4      4128         2         3        22         5         1         5         1         1      2710
         4      4128         2         3        23         5         4         5         1         0      1237
         4      4128         2         3        24         7         1         7         1         1      1840
         4      4128         2         3        25         2         2         2         1         0      1555
         4      4128         2         3        26         9         2         9         1         0      1680
         4      4128         2         3        27         4         3         4         1         0      1385
         4      4128         2         3        28         2         4         2         1         0      1837
         4      4128         2         3        29         4         1         4         1         1      1167
         4      4128         2         3        30         6         3         6         1         0      1403
         4      4128         2         3        31         7         4         7         1         0      2350
         4      4128         2         3        32         3         4         3         1         0      1435
         4      4128         2         3        33         6         2         6         1         0      1357
         4      4128         2         3        34         1         4         3         0         0      1890
         4      4128         2         3        35         5         2         5         1         0      1555
         4      4128         2         3        36         1         2         1         1         0      1425
         4      4128         2         3        37         7         2         7         1         0      1668
         4      4128         2         3        38         9         1         9         1         1      1581
         4      4128         2         3        39         8         3         7         0         0      2763
         4      4128         2         3        40         8         1         8         1         1      1624
         4      4128         2         4         1         2         2         2         1         1      1347
         4      4128         2         4         2         4         2         4         1         1      1640
         4      4128         2         4         3         7         1         7         1         0      1795
         4      4128         2         4         4         9         4         6         0         0      1992
         4      4128         2         4         5         4         4         4         1         0      2644
         4      4128         2         4         6         8         1         8         1         0      2199
         4      4128         2         4         7         1         2         1         1         1      2027
         4      4128         2         4         8        10         3         2         0         0      2038
         4      4128         2         4         9         5         2         5         1         1      1408
         4      4128         2         4        10         3         1         3         1         0      1124
         4      4128         2         4        11         3         3         5         0         0      1587
         4      4128         2         4        12         8         3         7         0         0      2801
         4      4128         2         4        13         6         2         6         1         1      1309
         4      4128         2         4        14         5         1         5         1         0      1653
         4      4128         2         4        15         6         4         7         0         0      1887
         4      4128         2         4        16         7         4         4         0         0      2000
         4      4128         2         4        17         4         1         4         1         0      1419
         4      4128         2         4        18         8         4         7         0         0      2110
         4      4128         2         4        19         3         4         3         1         0      1364
         4      4128         2         4        20         7         3         7         1         0      3130
         4      4128         2         4        21         6         1         6         1         0      1367
         4      4128         2         4        22         9         2         9         1         1      1276
         4      4128         2         4        23         3         2         3         1         1      2741
         4      4128         2         4        24         5         4         5         1         0      3844
         4      4128         2         4        25         1         4         2         0         0      6838
         4      4128         2         4        26        10         2         0         1         1      1314
         4      4128         2         4        27         1         1         1         1         0      1434
         4      4128         2         4        28         2         4         2         1         0      1549
         4      4128         2         4        29         5         3         5         1         0      1675
         4      4128         2         4        30         8         2         8         1         1      2853
         4      4128         2         4        31         2         1         2         1         0      1504
         4      4128         2         4        32         4         3         4         1         0      1264
         4      4128         2         4        33         7         2         7         1         1      1610
         4      4128         2         4        34         9         1         9         1         0      1222
         4      4128         2         4        35         2         3         2         1         0      1426
         4      4128         2         4        36        10         1         0         1         0      1492
         4      4128         2         4        37         1         3         4         0         0      2629
         4      4128         2         4        38         6         3         6         1         0      1575
         4      4128         2         4        39        10         4         9         0         0     13797
         4      4128         2         4        40         9         3         4         0         0      4090
