Condition Subject Session Block Trial Subtype Token Response Correct Feedback RT 
         1      1073         1         1         1         4         1         8         0         1     10888
         1      1073         1         1         2         9         2         9         1         1      2025
         1      1073         1         1         3         7         2         5         0         1      2499
         1      1073         1         1         4         2         1         3         0         1      3482
         1      1073         1         1         5         8         1         1         0         1      3700
         1      1073         1         1         6        10         2         2         0         1      2924
         1      1073         1         1         7         6         1         6         1         1      1537
         1      1073         1         1         8        10         1         5         0         1      3661
         1      1073         1         1         9        10         2         7         0         1      4183
         1      1073         1         1        10         6         1         6         1         1      1371
         1      1073         1         1        11         4         2         7         0         1      7486
         1      1073         1         1        12         9         2         9         1         1      1614
         1      1073         1         1        13         6         2         6         1         1      1752
         1      1073         1         1        14         4         1         2         0         1      1678
         1      1073         1         1        15         1         2         5         0         1      2918
         1      1073         1         1        16        10         1         0         1         1      3420
         1      1073         1         1        17         4         2         4         1         1      2637
         1      1073         1         1        18         5         1         6         0         1      1743
         1      1073         1         1        19         9         1         9         1         1      1731
         1      1073         1         1        20         3         1         5         0         1      1818
         1      1073         1         1        21         9         1         9         1         1      1900
         1      1073         1         1        22         1         1         1         1         1      2473
         1      1073         1         1        23         8         2         5         0         1      1666
         1      1073         1         1        24         3         1         3         1         1      3755
         1      1073         1         1        25         7         1         3         0         1      3040
         1      1073         1         1        26         3         2         0         0         1      3842
         1      1073         1         1        27         5         1         3         0         1      4819
         1      1073         1         1        28         1         1         1         1         1      2653
         1      1073         1         1        29         3         2         3         1         1      2655
         1      1073         1         1        30         2         2         0         0         1      3665
         1      1073         1         1        31         5         2         5         1         1      1625
         1      1073         1         1        32         2         2         3         0         1      5715
         1      1073         1         1        33         7         2         0         0         1      2841
         1      1073         1         1        34         2         1         6         0         1      1667
         1      1073         1         1        35         8         2         3         0         1      3980
         1      1073         1         1        36         1         2         8         0         1      3144
         1      1073         1         1        37         8         1         7         0         1      8069
         1      1073         1         1        38         6         2         6         1         1      1388
         1      1073         1         1        39         5         2         5         1         1      1520
         1      1073         1         1        40         7         1         3         0         1      5920
         1      1073         1         2         1         3         2         5         0         1      2073
         1      1073         1         2         2         5         2         5         1         1      1313
         1      1073         1         2         3         3         2         3         1         1      2488
         1      1073         1         2         4         6         2         6         1         1      1968
         1      1073         1         2         5         7         2         7         1         1      2348
         1      1073         1         2         6         3         1         5         0         1      1562
         1      1073         1         2         7        10         2         1         0         1      4295
         1      1073         1         2         8         8         2         8         1         1      2679
         1      1073         1         2         9         5         2         5         1         1      5592
         1      1073         1         2        10         6         1         6         1         1      1827
         1      1073         1         2        11         2         1         2         1         1      2293
         1      1073         1         2        12         6         2         6         1         1      1699
         1      1073         1         2        13         2         1         2         1         1      1307
         1      1073         1         2        14         4         2         2         0         1      1552
         1      1073         1         2        15         7         2         7         1         1      2142
         1      1073         1         2        16         2         2         2         1         1      1251
         1      1073         1         2        17         8         2         8         1         1      3373
         1      1073         1         2        18         1         2         0         0         1      2865
         1      1073         1         2        19        10         2         4         0         1      2234
         1      1073         1         2        20         9         2         9         1         1      1324
         1      1073         1         2        21         5         1         3         0         1      2562
         1      1073         1         2        22         3         1         3         1         1      2215
         1      1073         1         2        23         1         1         1         1         1      2008
         1      1073         1         2        24         4         2         4         1         1      2577
         1      1073         1         2        25         8         1         3         0         1      2517
         1      1073         1         2        26         4         1         2         0         1      1948
         1      1073         1         2        27         9         2         9         1         1      1338
         1      1073         1         2        28         4         1         8         0         1      2656
         1      1073         1         2        29         2         2         2         1         1      2065
         1      1073         1         2        30         1         1         1         1         1      1257
         1      1073         1         2        31         8         1         8         1         1      2369
         1      1073         1         2        32         9         1         9         1         1      1373
         1      1073         1         2        33        10         1         3         0         1      3663
         1      1073         1         2        34         7         1         8         0         1      3577
         1      1073         1         2        35         7         1         7         1         1      3750
         1      1073         1         2        36         9         1         9         1         1      1290
         1      1073         1         2        37        10         1         0         1         1      4337
         1      1073         1         2        38         1         2         0         0         1      2479
         1      1073         1         2        39         6         1         6         1         1      2087
         1      1073         1         2        40         5         1         5         1         1      1488
         1      1073         1         3         1        10         1         3         0         1      3786
         1      1073         1         3         2         9         2         9         1         1      1214
         1      1073         1         3         3         6         2         6         1         1      5321
         1      1073         1         3         4         1         1         1         1         1      2590
         1      1073         1         3         5         6         2         6         1         1      1762
         1      1073         1         3         6         5         1         5         1         1      1351
         1      1073         1         3         7        10         2         0         1         1     11677
         1      1073         1         3         8         9         1         9         1         1      1428
         1      1073         1         3         9         1         1         1         1         1      1238
         1      1073         1         3        10         7         1         7         1         1      2608
         1      1073         1         3        11         7         1         7         1         1      2037
         1      1073         1         3        12         6         1         6         1         1      1264
         1      1073         1         3        13         5         1         5         1         1      1401
         1      1073         1         3        14         7         2         7         1         1      1597
         1      1073         1         3        15         4         1         1         0         1      3609
         1      1073         1         3        16         3         2         3         1         1      3620
         1      1073         1         3        17         9         1         9         1         1      1374
         1      1073         1         3        18         5         2         8         0         1      3299
         1      1073         1         3        19        10         1         0         1         1      2905
         1      1073         1         3        20         3         1         5         0         1      1681
         1      1073         1         3        21         4         1         4         1         1      3066
         1      1073         1         3        22         2         1         6         0         1      2667
         1      1073         1         3        23         4         2         2         0         1      1564
         1      1073         1         3        24         2         2         2         1         1      1289
         1      1073         1         3        25         9         2         9         1         1      1105
         1      1073         1         3        26         8         1         8         1         1      2801
         1      1073         1         3        27         8         2         3         0         1      2045
         1      1073         1         3        28         3         1         3         1         1      2696
         1      1073         1         3        29         4         2         4         1         1      3847
         1      1073         1         3        30        10         2         4         0         1      5785
         1      1073         1         3        31         7         2         7         1         1      2302
         1      1073         1         3        32         6         1         6         1         1      1230
         1      1073         1         3        33         1         2         1         1         1      2216
         1      1073         1         3        34         2         2         2         1         1      1243
         1      1073         1         3        35         5         2         5         1         1      2101
         1      1073         1         3        36         3         2         3         1         1      1821
         1      1073         1         3        37         2         1         0         0         1      4592
         1      1073         1         3        38         8         1         8         1         1      1556
         1      1073         1         3        39         1         2         1         1         1      1697
         1      1073         1         3        40         8         2         8         1         1      2201
         1      1073         1         4         1         4         1         2         0         1      1474
         1      1073         1         4         2         5         1         5         1         1      3458
         1      1073         1         4         3         7         1         7         1         1      2260
         1      1073         1         4         4         6         1         6         1         1      1446
         1      1073         1         4         5         3         1         3         1         1      3448
         1      1073         1         4         6        10         2         0         1         1      1211
         1      1073         1         4         7         9         1         9         1         1      1188
         1      1073         1         4         8         6         2         6         1         1      1440
         1      1073         1         4         9         2         1         2         1         1      1265
         1      1073         1         4        10         6         2         6         1         1      1322
         1      1073         1         4        11         9         1         9         1         1      1199
         1      1073         1         4        12         7         2         7         1         1      1355
         1      1073         1         4        13         5         1         5         1         1      1969
         1      1073         1         4        14         3         2         3         1         1      1647
         1      1073         1         4        15         1         2         1         1         1      1145
         1      1073         1         4        16         4         2         4         1         1      2182
         1      1073         1         4        17         3         1         3         1         1      2347
         1      1073         1         4        18         7         1         7         1         1      1609
         1      1073         1         4        19         1         2         1         1         1      1156
         1      1073         1         4        20         8         1         8         1         1      1873
         1      1073         1         4        21         9         2         9         1         1      1234
         1      1073         1         4        22         4         1         4         1         1      1613
         1      1073         1         4        23         8         2         8         1         1      1336
         1      1073         1         4        24         1         1         1         1         1      1245
         1      1073         1         4        25         3         2         3         1         1      2008
         1      1073         1         4        26         2         1         2         1         1      1267
         1      1073         1         4        27         6         1         6         1         1      1485
         1      1073         1         4        28         9         2         9         1         1      1213
         1      1073         1         4        29         7         2         7         1         1      2008
         1      1073         1         4        30         2         2         2         1         1      1220
         1      1073         1         4        31         5         2         5         1         1      2351
         1      1073         1         4        32        10         2         0         1         1      1165
         1      1073         1         4        33         5         2         5         1         1      2314
         1      1073         1         4        34        10         1         0         1         1      1192
         1      1073         1         4        35        10         1         0         1         1      1683
         1      1073         1         4        36         4         2         4         1         1      1659
         1      1073         1         4        37         8         2         8         1         1      2387
         1      1073         1         4        38         1         1         1         1         1      1279
         1      1073         1         4        39         2         2         2         1         1      1223
         1      1073         1         4        40         8         1         8         1         1      1586
         1      1073         1         5         1         9         2         9         1         1       955
         1      1073         1         5         2         2         1         2         1         1      1569
         1      1073         1         5         3         6         1         6         1         1      1854
         1      1073         1         5         4         3         1         3         1         1      1761
         1      1073         1         5         5         2         2         2         1         1       982
         1      1073         1         5         6         8         2         8         1         1      2683
         1      1073         1         5         7         2         2         2         1         1       987
         1      1073         1         5         8         5         2         5         1         1      1360
         1      1073         1         5         9         8         1         8         1         1      1492
         1      1073         1         5        10         7         2         7         1         1       964
         1      1073         1         5        11         5         1         5         1         1      1769
         1      1073         1         5        12        10         1         0         1         1      1197
         1      1073         1         5        13         2         1         2         1         1      1177
         1      1073         1         5        14         4         2         4         1         1      1589
         1      1073         1         5        15        10         2         0         1         1      1185
         1      1073         1         5        16         3         1         3         1         1      1934
         1      1073         1         5        17         7         1         7         1         1      2189
         1      1073         1         5        18         9         1         9         1         1      1136
         1      1073         1         5        19         4         2         4         1         1      1646
         1      1073         1         5        20         9         1         9         1         1       967
         1      1073         1         5        21         6         2         6         1         1      1740
         1      1073         1         5        22         8         1         8         1         1      1650
         1      1073         1         5        23         1         1         1         1         1      1114
         1      1073         1         5        24         5         2         5         1         1      1529
         1      1073         1         5        25         1         2         1         1         1      1591
         1      1073         1         5        26        10         1         0         1         1      1042
         1      1073         1         5        27         6         1         6         1         1      1155
         1      1073         1         5        28         1         1         1         1         1       992
         1      1073         1         5        29         4         1         4         1         1      1972
         1      1073         1         5        30         9         2         9         1         1      1057
         1      1073         1         5        31         8         2         8         1         1      1875
         1      1073         1         5        32         3         2         3         1         1      1620
         1      1073         1         5        33         1         2         1         1         1      1167
         1      1073         1         5        34         5         1         5         1         1      1436
         1      1073         1         5        35         7         2         7         1         1      1630
         1      1073         1         5        36         4         1         4         1         1      1546
         1      1073         1         5        37         7         1         7         1         1      1384
         1      1073         1         5        38        10         2         0         1         1      1149
         1      1073         1         5        39         6         2         6         1         1      1162
         1      1073         1         5        40         3         2         3         1         1      1303
         1      1073         1         6         1         4         2         4         1         1      1502
         1      1073         1         6         2         7         1         7         1         1      1918
         1      1073         1         6         3         2         1         2         1         1      1261
         1      1073         1         6         4         5         1         5         1         1      1655
         1      1073         1         6         5         8         2         8         1         1      1169
         1      1073         1         6         6         5         2         5         1         1      1534
         1      1073         1         6         7         3         2         3         1         1      1276
         1      1073         1         6         8         2         2         2         1         1      1190
         1      1073         1         6         9         1         1         1         1         1      1136
         1      1073         1         6        10         2         1         2         1         1      1150
         1      1073         1         6        11         4         2         4         1         1      1739
         1      1073         1         6        12         4         1         4         1         1      1218
         1      1073         1         6        13         6         2         6         1         1      1340
         1      1073         1         6        14         7         2         7         1         1      3442
         1      1073         1         6        15        10         1         0         1         1      1299
         1      1073         1         6        16        10         2         0         1         1      1163
         1      1073         1         6        17         3         1         3         1         1      3097
         1      1073         1         6        18        10         1         0         1         1      1095
         1      1073         1         6        19         7         1         7         1         1      1480
         1      1073         1         6        20         3         1         3         1         1      1385
         1      1073         1         6        21         1         2         1         1         1      1262
         1      1073         1         6        22         8         2         8         1         1      1383
         1      1073         1         6        23         9         2         9         1         1      1067
         1      1073         1         6        24         8         1         8         1         1      2333
         1      1073         1         6        25         1         1         1         1         1      1018
         1      1073         1         6        26         4         1         4         1         1      1326
         1      1073         1         6        27         9         2         9         1         1      1108
         1      1073         1         6        28         3         2         3         1         1      1412
         1      1073         1         6        29         6         2         6         1         1      1319
         1      1073         1         6        30         9         1         9         1         1      1213
         1      1073         1         6        31         2         2         2         1         1      1064
         1      1073         1         6        32         5         2         5         1         1      1817
         1      1073         1         6        33        10         2         0         1         1      1037
         1      1073         1         6        34         6         1         6         1         1      1168
         1      1073         1         6        35         9         1         9         1         1       972
         1      1073         1         6        36         8         1         8         1         1      1264
         1      1073         1         6        37         6         1         6         1         1      1097
         1      1073         1         6        38         7         2         7         1         1      2153
         1      1073         1         6        39         1         2         1         1         1      1167
         1      1073         1         6        40         5         1         5         1         1      2284
         1      1073         2         1         1         1         1         1         1         1      1724
         1      1073         2         1         2         4         3         4         1         0      1571
         1      1073         2         1         3         2         2         2         1         0      1120
         1      1073         2         1         4         2         1         2         1         1      3951
         1      1073         2         1         5         8         4         8         1         0      3629
         1      1073         2         1         6         2         3         2         1         0      2230
         1      1073         2         1         7         7         3         7         1         0      2265
         1      1073         2         1         8         9         3         9         1         0      1242
         1      1073         2         1         9         8         2         8         1         0      1620
         1      1073         2         1        10         6         1         6         1         1      1295
         1      1073         2         1        11         4         2         4         1         0      1686
         1      1073         2         1        12         6         2         6         1         0      1325
         1      1073         2         1        13         9         2         9         1         0      1252
         1      1073         2         1        14         3         3         3         1         0      6782
         1      1073         2         1        15         6         4         6         1         0      1289
         1      1073         2         1        16         1         4         1         1         0      1601
         1      1073         2         1        17         4         4         4         1         0      2749
         1      1073         2         1        18        10         4         0         1         0      3611
         1      1073         2         1        19        10         3         1         0         0      1525
         1      1073         2         1        20         1         2         1         1         0      1075
         1      1073         2         1        21         8         3         8         1         0      2867
         1      1073         2         1        22         9         1         9         1         1      1147
         1      1073         2         1        23         3         2         3         1         0      1162
         1      1073         2         1        24         5         4         7         0         0     14518
         1      1073         2         1        25         7         4         7         1         0     17149
         1      1073         2         1        26         8         1         8         1         1      1179
         1      1073         2         1        27         5         1         5         1         1      1239
         1      1073         2         1        28         7         2         7         1         0      2001
         1      1073         2         1        29         7         1         7         1         1      1278
         1      1073         2         1        30         3         1         3         1         1      2583
         1      1073         2         1        31        10         1         0         1         1      1306
         1      1073         2         1        32        10         2         0         1         0      1090
         1      1073         2         1        33         2         4         4         0         0      1761
         1      1073         2         1        34         6         3         6         1         0      2678
         1      1073         2         1        35         4         1         4         1         1      1303
         1      1073         2         1        36         5         2         5         1         0      1518
         1      1073         2         1        37         9         4         9         1         0      1438
         1      1073         2         1        38         3         4         5         0         0      2433
         1      1073         2         1        39         5         3         5         1         0      1372
         1      1073         2         1        40         1         3         5         0         0      2945
         1      1073         2         2         1         9         1         9         1         0      1065
         1      1073         2         2         2         7         3         7         1         0      1498
         1      1073         2         2         3         1         4         1         1         0      1178
         1      1073         2         2         4         6         4         6         1         0      1429
         1      1073         2         2         5         8         1         8         1         0      2759
         1      1073         2         2         6         4         1         4         1         0      1301
         1      1073         2         2         7         5         2         5         1         1      1309
         1      1073         2         2         8         1         1         1         1         0      1059
         1      1073         2         2         9         9         2         9         1         1      1204
         1      1073         2         2        10         3         2         3         1         1      1457
         1      1073         2         2        11         7         2         7         1         1      1506
         1      1073         2         2        12         4         3         4         1         0      2818
         1      1073         2         2        13         6         3         6         1         0      1293
         1      1073         2         2        14         9         3         9         1         0      1173
         1      1073         2         2        15        10         2         0         1         1       946
         1      1073         2         2        16         6         2         6         1         1      1126
         1      1073         2         2        17        10         1         0         1         0      1027
         1      1073         2         2        18        10         4         0         1         0      1559
         1      1073         2         2        19         8         3         8         1         0      1411
         1      1073         2         2        20         7         4         5         0         0      6102
         1      1073         2         2        21         2         4         2         1         0      1598
         1      1073         2         2        22         1         3         5         0         0      1578
         1      1073         2         2        23         3         4         5         0         0      1270
         1      1073         2         2        24         1         2         1         1         1      1023
         1      1073         2         2        25         3         3         3         1         0      3731
         1      1073         2         2        26         8         2         8         1         1      1881
         1      1073         2         2        27         8         4         8         1         0      1225
         1      1073         2         2        28         4         4         2         0         0      4804
         1      1073         2         2        29         3         1         3         1         0      1648
         1      1073         2         2        30         5         1         5         1         0       970
         1      1073         2         2        31         2         1         2         1         0      1423
         1      1073         2         2        32         5         3         5         1         0      1617
         1      1073         2         2        33         7         1         7         1         0      1437
         1      1073         2         2        34         2         3         2         1         0      1232
         1      1073         2         2        35         4         2         4         1         1      1706
         1      1073         2         2        36         2         2         2         1         1      1121
         1      1073         2         2        37        10         3         1         0         0      1743
         1      1073         2         2        38         6         1         6         1         0      1269
         1      1073         2         2        39         5         4         7         0         0      2030
         1      1073         2         2        40         9         4         9         1         0      1368
         1      1073         2         3         1        10         4         0         1         0      1399
         1      1073         2         3         2        10         2         0         1         0       571
         1      1073         2         3         3         5         4         7         0         0     15376
         1      1073         2         3         4         8         1         8         1         1      1060
         1      1073         2         3         5        10         1         0         1         1      1156
         1      1073         2         3         6         6         3         6         1         0      1313
         1      1073         2         3         7        10         3         1         0         0      1415
         1      1073         2         3         8         5         3         5         1         0      1483
         1      1073         2         3         9         5         2         5         1         0      1995
         1      1073         2         3        10         2         1         2         1         1      1495
         1      1073         2         3        11         7         2         7         1         0      1319
         1      1073         2         3        12         4         2         4         1         0      1293
         1      1073         2         3        13         9         4         9         1         0      1077
         1      1073         2         3        14         9         1         9         1         1       949
         1      1073         2         3        15         5         1         5         1         1      1082
         1      1073         2         3        16         1         4         1         1         0      2282
         1      1073         2         3        17         7         4         7         1         0      4651
         1      1073         2         3        18         2         2         2         1         0      1117
         1      1073         2         3        19         8         4         8         1         0      1276
         1      1073         2         3        20         6         1         6         1         1      1364
         1      1073         2         3        21         7         3         8         0         0     27417
         1      1073         2         3        22         9         3         9         1         0      1083
         1      1073         2         3        23         4         4         4         1         0      3387
         1      1073         2         3        24         9         2         9         1         0       991
         1      1073         2         3        25         2         3         2         1         0      1315
         1      1073         2         3        26         4         3         4         1         0      1914
         1      1073         2         3        27         2         4         4         0         0      1017
         1      1073         2         3        28         1         3         1         1         0      4220
         1      1073         2         3        29         4         1         4         1         1      1184
         1      1073         2         3        30         3         1         3         1         1      1213
         1      1073         2         3        31         3         4         3         1         0      2713
         1      1073         2         3        32         8         2         8         1         0      1559
         1      1073         2         3        33         7         1         7         1         1      1365
         1      1073         2         3        34         8         3         8         1         0      1258
         1      1073         2         3        35         3         2         3         1         0      1060
         1      1073         2         3        36         6         2         6         1         0      1236
         1      1073         2         3        37         6         4         6         1         0      1021
         1      1073         2         3        38         1         1         1         1         1      1039
         1      1073         2         3        39         1         2         1         1         0      1121
         1      1073         2         3        40         3         3         3         1         0      2433
         1      1073         2         4         1         4         2         4         1         1      1608
         1      1073         2         4         2         5         1         5         1         0      1523
         1      1073         2         4         3         6         4         6         1         0      1328
         1      1073         2         4         4         8         3         8         1         0      5383
         1      1073         2         4         5        10         4         0         1         0      1404
         1      1073         2         4         6         4         4         4         1         0      3216
         1      1073         2         4         7         7         3         8         0         0      7035
         1      1073         2         4         8         2         1         2         1         0      1421
         1      1073         2         4         9         3         1         3         1         0      2241
         1      1073         2         4        10         8         2         8         1         1      1234
         1      1073         2         4        11         3         3         5         0         0      5421
         1      1073         2         4        12         9         2         9         1         1      1153
         1      1073         2         4        13         8         4         8         1         0      1742
         1      1073         2         4        14         1         2         1         1         1      1043
         1      1073         2         4        15         5         3         5         1         0      1189
         1      1073         2         4        16         4         1         4         1         0      1393
         1      1073         2         4        17         3         2         3         1         1      1189
         1      1073         2         4        18         3         4         3         1         0      1457
         1      1073         2         4        19         5         4         5         1         0      2418
         1      1073         2         4        20         1         1         1         1         0      1101
         1      1073         2         4        21         9         4         9         1         0      1181
         1      1073         2         4        22         1         4         1         1         0      1209
         1      1073         2         4        23         6         3         6         1         0      1349
         1      1073         2         4        24         2         3         2         1         0      1339
         1      1073         2         4        25         1         3         5         0         0      7472
         1      1073         2         4        26         6         2         6         1         1      1024
         1      1073         2         4        27        10         3         1         0         0      4066
         1      1073         2         4        28         2         4         2         1         0      1979
         1      1073         2         4        29         9         3         9         1         0      1095
         1      1073         2         4        30         7         4         7         1         0      3238
         1      1073         2         4        31        10         2         0         1         1      1042
         1      1073         2         4        32         4         3         4         1         0      3396
         1      1073         2         4        33         7         2         7         1         1      1448
         1      1073         2         4        34         8         1         8         1         0       810
         1      1073         2         4        35        10         1         0         1         0      1012
         1      1073         2         4        36         5         2         5         1         1      1271
         1      1073         2         4        37         9         1         9         1         0      1087
         1      1073         2         4        38         6         1         6         1         0      1280
         1      1073         2         4        39         2         2         2         1         1      1112
         1      1073         2         4        40         7         1         7         1         0      1384
