Condition Subject Session Block Trial Subtype Token Response Correct Feedback RT 
         1      1019         1         1         1         7         1         2         0         1     13217
         1      1019         1         1         2         9         1         8         0         1      5803
         1      1019         1         1         3         1         2         6         0         1      3327
         1      1019         1         1         4         6         2         2         0         1      5205
         1      1019         1         1         5         7         1         7         1         1     10977
         1      1019         1         1         6         2         2         3         0         1      3925
         1      1019         1         1         7         9         2         5         0         1      2740
         1      1019         1         1         8         8         2         0         0         1      2978
         1      1019         1         1         9         4         2         1         0         1      4502
         1      1019         1         1        10         8         2         5         0         1      3726
         1      1019         1         1        11        10         2         5         0         1      2230
         1      1019         1         1        12         6         1         6         1         1      1672
         1      1019         1         1        13         5         1         9         0         1      3202
         1      1019         1         1        14         1         2         1         1         1      3949
         1      1019         1         1        15         4         1         4         1         1      2684
         1      1019         1         1        16        10         1         5         0         1      2763
         1      1019         1         1        17         8         1         3         0         1      3768
         1      1019         1         1        18         7         2         2         0         1      6222
         1      1019         1         1        19         5         1         4         0         1      2337
         1      1019         1         1        20         1         1         0         0         1      4254
         1      1019         1         1        21         5         2         7         0         1      5120
         1      1019         1         1        22         6         1         6         1         1      1440
         1      1019         1         1        23         3         2         9         0         1      4402
         1      1019         1         1        24         3         2         3         1         1      2813
         1      1019         1         1        25         3         1         5         0         1      2681
         1      1019         1         1        26         9         1         7         0         1      5064
         1      1019         1         1        27         2         1         7         0         1      2569
         1      1019         1         1        28        10         1         5         0         1      1933
         1      1019         1         1        29         4         2         8         0         1      6075
         1      1019         1         1        30         6         2         6         1         1      1459
         1      1019         1         1        31         1         1         0         0         1      3491
         1      1019         1         1        32         7         2         2         0         1      8707
         1      1019         1         1        33         8         1         7         0         1      7010
         1      1019         1         1        34         2         1         0         0         1      4485
         1      1019         1         1        35         4         1         4         1         1      3614
         1      1019         1         1        36         5         2         5         1         1      2250
         1      1019         1         1        37         2         2         9         0         1     11308
         1      1019         1         1        38         3         1         5         0         1      1604
         1      1019         1         1        39         9         2         9         1         1      1392
         1      1019         1         1        40        10         2         0         1         1      4117
         1      1019         1         2         1         5         2         5         1         1      2313
         1      1019         1         2         2         8         1         7         0         1      2392
         1      1019         1         2         3         4         1         4         1         1      2742
         1      1019         1         2         4         1         1         1         1         1      5155
         1      1019         1         2         5         9         2         9         1         1      1009
         1      1019         1         2         6         8         2         0         0         1     11557
         1      1019         1         2         7         6         1         6         1         1      1763
         1      1019         1         2         8         2         2         2         1         1      3256
         1      1019         1         2         9         4         1         4         1         1      1298
         1      1019         1         2        10         6         2         6         1         1      1210
         1      1019         1         2        11         6         2         6         1         1      2404
         1      1019         1         2        12         2         2         2         1         1      2176
         1      1019         1         2        13         5         1         1         0         1      4805
         1      1019         1         2        14         4         2         2         0         1      8481
         1      1019         1         2        15         3         2         1         0         1      8490
         1      1019         1         2        16         7         1         8         0         1      8466
         1      1019         1         2        17         1         2         7         0         1      1724
         1      1019         1         2        18         6         1         6         1         1      1171
         1      1019         1         2        19         8         2         3         0         1      3616
         1      1019         1         2        20         2         1         4         0         1      2188
         1      1019         1         2        21         9         2         9         1         1      1216
         1      1019         1         2        22         7         1         7         1         1      2476
         1      1019         1         2        23         7         2         6         0         1      5686
         1      1019         1         2        24        10         2         0         1         1      7343
         1      1019         1         2        25         3         2         5         0         1      1397
         1      1019         1         2        26        10         2         0         1         1      1546
         1      1019         1         2        27         3         1         5         0         1      2105
         1      1019         1         2        28         5         1         3         0         1      1024
         1      1019         1         2        29         2         1         2         1         1      8627
         1      1019         1         2        30         1         1         1         1         1      3285
         1      1019         1         2        31         5         2         3         0         1      1614
         1      1019         1         2        32         8         1         7         0         1      1128
         1      1019         1         2        33         7         2         3         0         1      4647
         1      1019         1         2        34         9         1         9         1         1      1304
         1      1019         1         2        35         1         2         1         1         1      2224
         1      1019         1         2        36         4         2         4         1         1      2146
         1      1019         1         2        37        10         1         0         1         1      2518
         1      1019         1         2        38         9         1         9         1         1      1164
         1      1019         1         2        39         3         1         3         1         1      5881
         1      1019         1         2        40        10         1         0         1         1      1352
         1      1019         1         3         1         3         1         3         1         1      1391
         1      1019         1         3         2         1         2         1         1         1      1139
         1      1019         1         3         3         4         1         4         1         1      1378
         1      1019         1         3         4         8         2         7         0         1      3479
         1      1019         1         3         5         6         1         6         1         1       919
         1      1019         1         3         6         2         1         2         1         1      3198
         1      1019         1         3         7         1         2         1         1         1      1210
         1      1019         1         3         8         1         1         0         0         1      1909
         1      1019         1         3         9         1         1         1         1         1       613
         1      1019         1         3        10         5         1         5         1         1      3832
         1      1019         1         3        11         2         2         4         0         1      2459
         1      1019         1         3        12         8         2         8         1         1      1541
         1      1019         1         3        13         5         1         5         1         1      2195
         1      1019         1         3        14         3         1         3         1         1      1959
         1      1019         1         3        15         7         1         8         0         1      5301
         1      1019         1         3        16         7         1         7         1         1       686
         1      1019         1         3        17         4         2         4         1         1      1742
         1      1019         1         3        18         4         1         4         1         1      1301
         1      1019         1         3        19         5         2         3         0         1      1308
         1      1019         1         3        20         9         1         9         1         1      1043
         1      1019         1         3        21         3         2         1         0         1      4518
         1      1019         1         3        22         7         2         3         0         1      5101
         1      1019         1         3        23         2         1         2         1         1      2797
         1      1019         1         3        24         9         2         9         1         1      1306
         1      1019         1         3        25         9         2         9         1         1       736
         1      1019         1         3        26         6         2         6         1         1      1230
         1      1019         1         3        27        10         2         0         1         1      3338
         1      1019         1         3        28         7         2         7         1         1      2144
         1      1019         1         3        29         6         1         6         1         1       934
         1      1019         1         3        30         6         2         6         1         1       875
         1      1019         1         3        31        10         2         0         1         1      1204
         1      1019         1         3        32         8         1         7         0         1       960
         1      1019         1         3        33         5         2         5         1         1      1477
         1      1019         1         3        34        10         1         0         1         1      4453
         1      1019         1         3        35        10         1         0         1         1       990
         1      1019         1         3        36         9         1         9         1         1       913
         1      1019         1         3        37         4         2         4         1         1      1495
         1      1019         1         3        38         2         2         2         1         1      1463
         1      1019         1         3        39         3         2         3         1         1      4632
         1      1019         1         3        40         8         1         8         1         1      3211
         1      1019         1         4         1         2         1         2         1         1      3207
         1      1019         1         4         2         4         2         4         1         1      1299
         1      1019         1         4         3         7         2         7         1         1      4363
         1      1019         1         4         4         7         1         1         0         1      2025
         1      1019         1         4         5         1         2         1         1         1      3652
         1      1019         1         4         6         6         2         6         1         1      1197
         1      1019         1         4         7        10         2         0         1         1      1129
         1      1019         1         4         8         8         1         8         1         1      3416
         1      1019         1         4         9        10         1         0         1         1      2393
         1      1019         1         4        10         2         2         2         1         1      4022
         1      1019         1         4        11         6         1         6         1         1      1137
         1      1019         1         4        12         3         2         3         1         1      2784
         1      1019         1         4        13         5         2         5         1         1      1469
         1      1019         1         4        14         9         1         9         1         1      1165
         1      1019         1         4        15        10         2         0         1         1      1306
         1      1019         1         4        16         3         1         3         1         1      1266
         1      1019         1         4        17         3         2         3         1         1      2220
         1      1019         1         4        18         1         1         0         0         1      3214
         1      1019         1         4        19         6         1         6         1         1       984
         1      1019         1         4        20         3         1         5         0         1      3949
         1      1019         1         4        21         8         1         8         1         1      1131
         1      1019         1         4        22         4         1         4         1         1      1178
         1      1019         1         4        23         9         1         9         1         1      1030
         1      1019         1         4        24         8         2         7         0         1      5335
         1      1019         1         4        25         1         2         1         1         1      3134
         1      1019         1         4        26         4         2         4         1         1      2124
         1      1019         1         4        27         1         1         0         0         1      3955
         1      1019         1         4        28         4         1         4         1         1       817
         1      1019         1         4        29         9         2         9         1         1       988
         1      1019         1         4        30        10         1         0         1         1      2911
         1      1019         1         4        31         7         2         7         1         1      2630
         1      1019         1         4        32         5         1         5         1         1      1674
         1      1019         1         4        33         6         2         6         1         1       978
         1      1019         1         4        34         2         2         2         1         1      1255
         1      1019         1         4        35         8         2         7         0         1      2209
         1      1019         1         4        36         9         2         9         1         1      1205
         1      1019         1         4        37         2         1         2         1         1      2945
         1      1019         1         4        38         7         1         8         0         1      8263
         1      1019         1         4        39         5         2         5         1         1      2361
         1      1019         1         4        40         5         1         5         1         1       790
         1      1019         1         5         1         7         2         7         1         1      4325
         1      1019         1         5         2         4         1         4         1         1      1077
         1      1019         1         5         3         7         2         7         1         1      1430
         1      1019         1         5         4         1         2         1         1         1      2889
         1      1019         1         5         5         5         1         5         1         1      1265
         1      1019         1         5         6         9         1         9         1         1      1257
         1      1019         1         5         7         5         2         5         1         1      2930
         1      1019         1         5         8         7         1         7         1         1      7081
         1      1019         1         5         9         8         2         8         1         1      1962
         1      1019         1         5        10         3         1         3         1         1      2407
         1      1019         1         5        11         1         1         0         0         1      2834
         1      1019         1         5        12        10         2         0         1         1      1310
         1      1019         1         5        13         7         1         7         1         1      1862
         1      1019         1         5        14         3         2         3         1         1      1208
         1      1019         1         5        15         2         1         2         1         1      1412
         1      1019         1         5        16         3         2         3         1         1      1479
         1      1019         1         5        17         2         1         2         1         1      1304
         1      1019         1         5        18         5         2         3         0         1      3327
         1      1019         1         5        19         2         2         2         1         1      1270
         1      1019         1         5        20         6         2         6         1         1      1151
         1      1019         1         5        21         6         1         6         1         1       941
         1      1019         1         5        22        10         1         1         0         1      2082
         1      1019         1         5        23         8         2         8         1         1      3611
         1      1019         1         5        24        10         1         1         0         1      2100
         1      1019         1         5        25        10         2         0         1         1       893
         1      1019         1         5        26         3         1         3         1         1      2502
         1      1019         1         5        27         8         1         8         1         1      1486
         1      1019         1         5        28         4         1         4         1         1      1135
         1      1019         1         5        29         2         2         2         1         1       942
         1      1019         1         5        30         4         2         4         1         1      1284
         1      1019         1         5        31         9         2         9         1         1       924
         1      1019         1         5        32         1         2         1         1         1      3795
         1      1019         1         5        33         4         2         4         1         1      1685
         1      1019         1         5        34         5         1         5         1         1      5870
         1      1019         1         5        35         9         1         9         1         1      1038
         1      1019         1         5        36         6         1         6         1         1      1073
         1      1019         1         5        37         8         1         8         1         1      2145
         1      1019         1         5        38         6         2         6         1         1      1047
         1      1019         1         5        39         9         2         9         1         1      1001
         1      1019         1         5        40         1         1         1         1         1      3019
         1      1019         1         6         1        10         2         0         1         1      1053
         1      1019         1         6         2         9         2         9         1         1       831
         1      1019         1         6         3         4         2         4         1         1      1513
         1      1019         1         6         4         5         2         3         0         1      2936
         1      1019         1         6         5        10         2         0         1         1      1663
         1      1019         1         6         6         2         2         2         1         1      2392
         1      1019         1         6         7         6         1         6         1         1       916
         1      1019         1         6         8         6         1         6         1         1      1163
         1      1019         1         6         9         7         2         8         0         1      3049
         1      1019         1         6        10         8         2         8         1         1      1274
         1      1019         1         6        11         5         1         5         1         1      2420
         1      1019         1         6        12        10         1         1         0         1      2398
         1      1019         1         6        13         6         2         6         1         1      1001
         1      1019         1         6        14         8         1         8         1         1      1501
         1      1019         1         6        15         3         1         3         1         1      2349
         1      1019         1         6        16         9         1         9         1         1       714
         1      1019         1         6        17         2         2         2         1         1      1609
         1      1019         1         6        18         7         1         7         1         1      7270
         1      1019         1         6        19         1         1         1         1         1      2430
         1      1019         1         6        20        10         1         0         1         1      2024
         1      1019         1         6        21         1         2         1         1         1      1314
         1      1019         1         6        22         1         1         1         1         1      1385
         1      1019         1         6        23         3         1         3         1         1      1453
         1      1019         1         6        24         8         1         8         1         1      1071
         1      1019         1         6        25         6         2         6         1         1      1152
         1      1019         1         6        26         5         2         5         1         1      2029
         1      1019         1         6        27         1         2         1         1         1       888
         1      1019         1         6        28         4         1         4         1         1      1345
         1      1019         1         6        29         9         1         9         1         1       854
         1      1019         1         6        30         7         2         7         1         1      1728
         1      1019         1         6        31         4         2         4         1         1      2293
         1      1019         1         6        32         8         2         8         1         1      2566
         1      1019         1         6        33         4         1         4         1         1       764
         1      1019         1         6        34         2         1         2         1         1      1417
         1      1019         1         6        35         9         2         9         1         1       843
         1      1019         1         6        36         3         2         3         1         1      1973
         1      1019         1         6        37         3         2         3         1         1       691
         1      1019         1         6        38         7         1         7         1         1      1780
         1      1019         1         6        39         5         1         5         1         1      1609
         1      1019         1         6        40         2         1         2         1         1      1636
         1      1019         2         1         1         9         2         9         1         0      1028
         1      1019         2         1         2         1         2         1         1         0      1095
         1      1019         2         1         3         9         3         9         1         0      1046
         1      1019         2         1         4         3         1         3         1         1      2361
         1      1019         2         1         5         6         4         6         1         0      1221
         1      1019         2         1         6        10         1         0         1         1      3711
         1      1019         2         1         7         5         1         5         1         1      1126
         1      1019         2         1         8         6         3         6         1         0      1366
         1      1019         2         1         9         7         3         6         0         0     21898
         1      1019         2         1        10         1         3         3         0         0      2362
         1      1019         2         1        11         4         2         4         1         0      1014
         1      1019         2         1        12         5         4         1         0         0      8856
         1      1019         2         1        13         3         4         3         1         0      1459
         1      1019         2         1        14        10         3         0         1         0      8979
         1      1019         2         1        15         1         4         5         0         0      2600
         1      1019         2         1        16        10         2         0         1         0       875
         1      1019         2         1        17         3         2         3         1         0       853
         1      1019         2         1        18         3         3         5         0         0      1503
         1      1019         2         1        19         4         1         4         1         1      1040
         1      1019         2         1        20         2         3         9         0         0      1843
         1      1019         2         1        21         7         2         7         1         0      1429
         1      1019         2         1        22         9         4         9         1         0      3991
         1      1019         2         1        23         4         3         4         1         0      1045
         1      1019         2         1        24         5         3         3         0         0      1015
         1      1019         2         1        25         8         2         8         1         0      3370
         1      1019         2         1        26         8         3         7         0         0      6255
         1      1019         2         1        27         4         4         2         0         0      3969
         1      1019         2         1        28         9         1         9         1         1       701
         1      1019         2         1        29         5         2         3         0         0      1549
         1      1019         2         1        30         8         1         8         1         1      1883
         1      1019         2         1        31         6         1         6         1         1       908
         1      1019         2         1        32         2         4         2         1         0      1971
         1      1019         2         1        33         2         1         2         1         1       992
         1      1019         2         1        34         7         1         7         1         1      1350
         1      1019         2         1        35         1         1         0         0         1       843
         1      1019         2         1        36         8         4         3         0         0      2964
         1      1019         2         1        37         2         2         9         0         0      1018
         1      1019         2         1        38         6         2         6         1         0       973
         1      1019         2         1        39        10         4         7         0         0      4738
         1      1019         2         1        40         7         4         5         0         0      3280
         1      1019         2         2         1         9         3         9         1         0       784
         1      1019         2         2         2         2         4         2         1         0       924
         1      1019         2         2         3         8         2         8         1         1      2978
         1      1019         2         2         4         5         3         3         0         0      3062
         1      1019         2         2         5         7         1         7         1         0      1480
         1      1019         2         2         6         8         3         8         1         0      1705
         1      1019         2         2         7         1         2         1         1         1       977
         1      1019         2         2         8         1         1         1         1         0      1108
         1      1019         2         2         9         4         1         4         1         0       853
         1      1019         2         2        10         9         2         9         1         1       735
         1      1019         2         2        11         6         2         6         1         1       989
         1      1019         2         2        12         6         1         6         1         0       786
         1      1019         2         2        13        10         1         0         1         0      1949
         1      1019         2         2        14         4         4         2         0         0       875
         1      1019         2         2        15         5         1         5         1         0      2676
         1      1019         2         2        16         2         2         2         1         1      1861
         1      1019         2         2        17         4         2         4         1         1      1494
         1      1019         2         2        18         1         4         3         0         0      5045
         1      1019         2         2        19         9         1         9         1         0       790
         1      1019         2         2        20         6         4         6         1         0       865
         1      1019         2         2        21         5         4         3         0         0      2474
         1      1019         2         2        22         4         3         4         1         0       916
         1      1019         2         2        23        10         2         0         1         1      1452
         1      1019         2         2        24         2         3         2         1         0      3886
         1      1019         2         2        25         7         3         3         0         0      2367
         1      1019         2         2        26         3         2         3         1         1       716
         1      1019         2         2        27         8         1         8         1         0      1291
         1      1019         2         2        28         3         3         0         0         0     10915
         1      1019         2         2        29         2         1         2         1         0      1339
         1      1019         2         2        30         6         3         6         1         0      1057
         1      1019         2         2        31         7         2         7         1         1      1507
         1      1019         2         2        32         8         4         8         1         0      2626
         1      1019         2         2        33         1         3         3         0         0      1510
         1      1019         2         2        34         3         4         3         1         0       870
         1      1019         2         2        35        10         3         5         0         0      1614
         1      1019         2         2        36         3         1         3         1         0       986
         1      1019         2         2        37         9         4         9         1         0       814
         1      1019         2         2        38         7         4         5         0         0      4601
         1      1019         2         2        39        10         4         1         0         0      5998
         1      1019         2         2        40         5         2         3         0         1      1033
         1      1019         2         3         1         6         2         6         1         0      2089
         1      1019         2         3         2         3         1         3         1         1      1794
         1      1019         2         3         3         2         2         9         0         0      1399
         1      1019         2         3         4         6         1         6         1         1       922
         1      1019         2         3         5         9         3         9         1         0       770
         1      1019         2         3         6         7         1         7         1         1      1312
         1      1019         2         3         7         5         2         3         0         0      1814
         1      1019         2         3         8         1         3         8         0         0      6281
         1      1019         2         3         9        10         1         9         0         1      1048
         1      1019         2         3        10         8         2         7         0         0      2922
         1      1019         2         3        11         7         2         7         1         0      3298
         1      1019         2         3        12        10         3         8         0         0      1352
         1      1019         2         3        13         8         3         8         1         0      1038
         1      1019         2         3        14         9         4         9         1         0       753
         1      1019         2         3        15         1         4         8         0         0      1839
         1      1019         2         3        16         3         4         3         1         0       722
         1      1019         2         3        17         7         3         7         1         0      1905
         1      1019         2         3        18         4         4         4         1         0      3137
         1      1019         2         3        19         2         3         9         0         0      1023
         1      1019         2         3        20         9         1         9         1         1       769
         1      1019         2         3        21        10         4         8         0         0      4751
         1      1019         2         3        22        10         2         0         1         0       909
         1      1019         2         3        23         1         1         1         1         1       532
         1      1019         2         3        24         8         4         3         0         0      6970
         1      1019         2         3        25         3         2         3         1         0       991
         1      1019         2         3        26         3         3         8         0         0      3460
         1      1019         2         3        27         9         2         9         1         0       966
         1      1019         2         3        28         4         3         4         1         0      1067
         1      1019         2         3        29         5         4         5         1         0      5532
         1      1019         2         3        30         1         2         1         1         0       859
         1      1019         2         3        31         2         4         2         1         0      2228
         1      1019         2         3        32         8         1         8         1         1      1095
         1      1019         2         3        33         6         3         6         1         0       934
         1      1019         2         3        34         7         4         5         0         0      2684
         1      1019         2         3        35         5         1         5         1         1       973
         1      1019         2         3        36         4         1         4         1         1       898
         1      1019         2         3        37         5         3         3         0         0      2346
         1      1019         2         3        38         6         4         6         1         0       950
         1      1019         2         3        39         2         1         2         1         1      1196
         1      1019         2         3        40         4         2         4         1         0      1415
         1      1019         2         4         1         2         2         9         0         1      4265
         1      1019         2         4         2         9         2         9         1         1       762
         1      1019         2         4         3         1         1         1         1         0      1814
         1      1019         2         4         4         5         1         5         1         0      1546
         1      1019         2         4         5         6         2         6         1         1       807
         1      1019         2         4         6         2         4         2         1         0      1393
         1      1019         2         4         7        10         2         0         1         1       854
         1      1019         2         4         8         7         4         5         0         0      1040
         1      1019         2         4         9         8         1         8         1         0      1074
         1      1019         2         4        10         8         4         8         1         0      1283
         1      1019         2         4        11         7         3         7         1         0      2379
         1      1019         2         4        12         6         4         6         1         0       855
         1      1019         2         4        13         1         2         1         1         1       737
         1      1019         2         4        14         5         3         3         0         0      2399
         1      1019         2         4        15         2         3         2         1         0      3723
         1      1019         2         4        16         9         1         9         1         0       689
         1      1019         2         4        17        10         4         7         0         0      6786
         1      1019         2         4        18         2         1         2         1         0      1070
         1      1019         2         4        19         1         4         1         1         0      2703
         1      1019         2         4        20         4         1         4         1         0       752
         1      1019         2         4        21         4         2         4         1         1       733
         1      1019         2         4        22         3         1         3         1         0      1724
         1      1019         2         4        23         5         4         5         1         0     13681
         1      1019         2         4        24         8         2         7         0         1      2074
         1      1019         2         4        25         3         3         0         0         0      7283
         1      1019         2         4        26         9         4         9         1         0       828
         1      1019         2         4        27         5         2         3         0         1      1431
         1      1019         2         4        28         6         3         6         1         0       888
         1      1019         2         4        29         4         4         4         1         0      2241
         1      1019         2         4        30         3         4         5         0         0      1524
         1      1019         2         4        31         7         2         7         1         1      1619
         1      1019         2         4        32         8         3         7         0         0      1278
         1      1019         2         4        33         3         2         3         1         1       935
         1      1019         2         4        34         7         1         7         1         0       830
         1      1019         2         4        35         4         3         4         1         0      1000
         1      1019         2         4        36        10         3         0         1         0      5419
         1      1019         2         4        37         9         3         9         1         0       750
         1      1019         2         4        38         6         1         6         1         0       828
         1      1019         2         4        39         1         3         5         0         0      3686
         1      1019         2         4        40        10         1         0         1         0      1118
