Condition Subject Session Block Trial Subtype Token Response Correct Feedback RT 
         2      2005         1         1         1         3         1         7         0         1     21823
         2      2005         1         1         2         4         2         0         0         1      3587
         2      2005         1         1         3         7         1         0         0         1      5871
         2      2005         1         1         4         8         2         6         0         1      7135
         2      2005         1         1         5         6         2         5         0         1      4942
         2      2005         1         1         6         3         2         0         0         1     11765
         2      2005         1         1         7         5         1         5         1         1      2104
         2      2005         1         1         8         3         1         3         1         1      8960
         2      2005         1         1         9        10         1         0         1         1      3255
         2      2005         1         1        10         4         1         4         1         1      8848
         2      2005         1         1        11         9         2         8         0         1      8874
         2      2005         1         1        12         7         2         0         0         1      2164
         2      2005         1         1        13         3         2         7         0         1      9593
         2      2005         1         1        14        10         2         0         1         1     12533
         2      2005         1         1        15         8         2         8         1         1      2509
         2      2005         1         1        16         6         1         2         0         1      5332
         2      2005         1         1        17         7         2         0         0         1     10059
         2      2005         1         1        18         2         2         2         1         1      6805
         2      2005         1         1        19         9         1         6         0         1     20529
         2      2005         1         1        20         5         2         8         0         1      2536
         2      2005         1         1        21         7         1         3         0         1      7487
         2      2005         1         1        22         1         2         4         0         1      3998
         2      2005         1         1        23         2         1         0         0         1      6875
         2      2005         1         1        24         1         1         2         0         1     20100
         2      2005         1         1        25         4         1         4         1         1      3532
         2      2005         1         1        26         8         1         8         1         1      4410
         2      2005         1         1        27         8         1         8         1         1      2022
         2      2005         1         1        28         6         1         1         0         1      5600
         2      2005         1         1        29         1         2         6         0         1     10348
         2      2005         1         1        30         4         2         0         0         1      7322
         2      2005         1         1        31         6         2         7         0         1      4146
         2      2005         1         1        32         1         1         3         0         1      6263
         2      2005         1         1        33         2         1         9         0         1      4553
         2      2005         1         1        34         2         2         9         0         1      6415
         2      2005         1         1        35         5         2         5         1         1      4026
         2      2005         1         1        36        10         1         0         1         1      1959
         2      2005         1         1        37         9         1         1         0         1      4645
         2      2005         1         1        38        10         2         4         0         1      6104
         2      2005         1         1        39         5         1         5         1         1      2111
         2      2005         1         1        40         9         2         6         0         1      7303
         2      2005         1         2         1         4         2         0         0         1      9293
         2      2005         1         2         2         6         1         6         1         1      3670
         2      2005         1         2         3         2         2         7         0         1      7102
         2      2005         1         2         4         9         2         2         0         1      7023
         2      2005         1         2         5         4         1         4         1         1      4818
         2      2005         1         2         6         6         2         3         0         1      3007
         2      2005         1         2         7         7         2         0         0         1      2723
         2      2005         1         2         8         3         1         3         1         1      5587
         2      2005         1         2         9         3         2         7         0         1     15375
         2      2005         1         2        10         4         2         4         1         1      5222
         2      2005         1         2        11         2         1         9         0         1      1713
         2      2005         1         2        12         9         2         9         1         1      1769
         2      2005         1         2        13         8         2         8         1         1      3134
         2      2005         1         2        14         5         1         5         1         1      1594
         2      2005         1         2        15         7         1         2         0         1      6807
         2      2005         1         2        16        10         1         0         1         1      1348
         2      2005         1         2        17         2         1         9         0         1      2154
         2      2005         1         2        18         2         2         2         1         1      2448
         2      2005         1         2        19         8         1         8         1         1      3675
         2      2005         1         2        20         1         2         1         1         1      2451
         2      2005         1         2        21         3         1         3         1         1     23149
         2      2005         1         2        22         1         1         1         1         1      4971
         2      2005         1         2        23        10         2         0         1         1      3137
         2      2005         1         2        24         1         1         1         1         1      1359
         2      2005         1         2        25        10         2         0         1         1      1141
         2      2005         1         2        26         9         1         1         0         1      1605
         2      2005         1         2        27         5         2         5         1         1      8544
         2      2005         1         2        28         9         1         8         0         1      3127
         2      2005         1         2        29         8         1         8         1         1      2391
         2      2005         1         2        30         5         2         5         1         1      2066
         2      2005         1         2        31         5         1         5         1         1      1323
         2      2005         1         2        32         3         2         3         1         1      7890
         2      2005         1         2        33         7         1         4         0         1      5810
         2      2005         1         2        34         8         2         8         1         1      2501
         2      2005         1         2        35         1         2         1         1         1      1276
         2      2005         1         2        36         4         1         4         1         1      6901
         2      2005         1         2        37         6         2         6         1         1      2798
         2      2005         1         2        38         6         1         1         0         1      1194
         2      2005         1         2        39         7         2         9         0         1      5766
         2      2005         1         2        40        10         1         0         1         1      1660
         2      2005         1         3         1         5         1         5         1         1      1692
         2      2005         1         3         2         7         2         7         1         1      2214
         2      2005         1         3         3         5         2         5         1         1      2201
         2      2005         1         3         4         6         2         6         1         1      2238
         2      2005         1         3         5         7         1         4         0         1     12625
         2      2005         1         3         6        10         2         9         0         1      4149
         2      2005         1         3         7         7         2         7         1         1      2348
         2      2005         1         3         8         2         2         2         1         1      2010
         2      2005         1         3         9         4         1         7         0         1      3189
         2      2005         1         3        10         9         1         4         0         1      4803
         2      2005         1         3        11         8         2         8         1         1      3230
         2      2005         1         3        12         3         1         3         1         1      9913
         2      2005         1         3        13         7         1         7         1         1      4329
         2      2005         1         3        14         3         1         3         1         1      1816
         2      2005         1         3        15         8         1         8         1         1      2124
         2      2005         1         3        16         6         1         1         0         1      6995
         2      2005         1         3        17         1         2         1         1         1      1446
         2      2005         1         3        18         9         1         4         0         1     10072
         2      2005         1         3        19         2         1         2         1         1      1987
         2      2005         1         3        20         3         2         3         1         1      3071
         2      2005         1         3        21         1         1         9         0         1      2288
         2      2005         1         3        22         5         1         5         1         1      2783
         2      2005         1         3        23         4         1         4         1         1      2924
         2      2005         1         3        24        10         1         0         1         1      1524
         2      2005         1         3        25         3         2         3         1         1      1684
         2      2005         1         3        26         4         2         0         0         1      2301
         2      2005         1         3        27         6         2         6         1         1      3549
         2      2005         1         3        28         8         2         8         1         1      2267
         2      2005         1         3        29         1         1         1         1         1      2459
         2      2005         1         3        30         6         1         6         1         1      2101
         2      2005         1         3        31        10         2         0         1         1      1518
         2      2005         1         3        32         2         2         2         1         1      1181
         2      2005         1         3        33         5         2         5         1         1      1770
         2      2005         1         3        34         1         2         1         1         1      1758
         2      2005         1         3        35         9         2         2         0         1      4181
         2      2005         1         3        36         9         2         9         1         1      2090
         2      2005         1         3        37         2         1         2         1         1      1156
         2      2005         1         3        38        10         1         0         1         1      1490
         2      2005         1         3        39         8         1         5         0         1      2388
         2      2005         1         3        40         4         2         4         1         1      5457
         2      2005         1         4         1         9         2         9         1         1      3455
         2      2005         1         4         2         1         2         1         1         1      1375
         2      2005         1         4         3         5         2         5         1         1      1557
         2      2005         1         4         4         5         1         5         1         1      1889
         2      2005         1         4         5         2         1         3         0         1      1491
         2      2005         1         4         6         3         1         3         1         1      2805
         2      2005         1         4         7         7         1         7         1         1      4944
         2      2005         1         4         8         5         2         5         1         1      1975
         2      2005         1         4         9         8         2         8         1         1      1780
         2      2005         1         4        10         8         1         8         1         1      1657
         2      2005         1         4        11        10         2         0         1         1      2163
         2      2005         1         4        12         1         1         1         1         1      1913
         2      2005         1         4        13         5         1         5         1         1      2055
         2      2005         1         4        14         7         2         6         0         1      2593
         2      2005         1         4        15         1         2         1         1         1      1589
         2      2005         1         4        16         6         2         6         1         1      2578
         2      2005         1         4        17         3         1         3         1         1      3960
         2      2005         1         4        18         6         1         6         1         1      2166
         2      2005         1         4        19         3         2         3         1         1      1947
         2      2005         1         4        20         9         2         9         1         1      2298
         2      2005         1         4        21         7         2         7         1         1      2859
         2      2005         1         4        22         4         1         4         1         1      2581
         2      2005         1         4        23         4         2         4         1         1      2201
         2      2005         1         4        24         3         2         3         1         1      1821
         2      2005         1         4        25         7         1         7         1         1      2160
         2      2005         1         4        26         9         1         9         1         1      7047
         2      2005         1         4        27         1         1         1         1         1      1400
         2      2005         1         4        28         2         2         2         1         1      1100
         2      2005         1         4        29         2         1         2         1         1       956
         2      2005         1         4        30         9         1         9         1         1      1875
         2      2005         1         4        31        10         2         0         1         1      1333
         2      2005         1         4        32         6         2         6         1         1      2012
         2      2005         1         4        33         4         1         4         1         1      2216
         2      2005         1         4        34         6         1         6         1         1      1275
         2      2005         1         4        35         8         1         8         1         1      2037
         2      2005         1         4        36         8         2         8         1         1      1503
         2      2005         1         4        37         2         2         2         1         1      1407
         2      2005         1         4        38        10         1         0         1         1      1332
         2      2005         1         4        39         4         2         4         1         1      3067
         2      2005         1         4        40        10         1         0         1         1      1373
         2      2005         1         5         1         2         2         2         1         1      1381
         2      2005         1         5         2         8         2         8         1         1      1257
         2      2005         1         5         3         4         2         4         1         1      3075
         2      2005         1         5         4         6         2         6         1         1      3285
         2      2005         1         5         5         9         1         9         1         1      2590
         2      2005         1         5         6         1         1         1         1         1      2034
         2      2005         1         5         7         6         1         6         1         1      2221
         2      2005         1         5         8         7         1         7         1         1      4047
         2      2005         1         5         9         1         2         1         1         1      1464
         2      2005         1         5        10         8         1         8         1         1      1850
         2      2005         1         5        11         1         2         1         1         1      1019
         2      2005         1         5        12        10         2         0         1         1      3151
         2      2005         1         5        13         5         1         5         1         1      1692
         2      2005         1         5        14         6         2         6         1         1      2773
         2      2005         1         5        15         3         1         3         1         1      1907
         2      2005         1         5        16         9         2         9         1         1      1316
         2      2005         1         5        17        10         2         0         1         1      1356
         2      2005         1         5        18         2         2         2         1         1      1650
         2      2005         1         5        19         3         2         3         1         1      1356
         2      2005         1         5        20         8         2         8         1         1      1265
         2      2005         1         5        21         9         2         9         1         1      1275
         2      2005         1         5        22         3         2         3         1         1      1109
         2      2005         1         5        23         5         1         5         1         1      1187
         2      2005         1         5        24         4         1         4         1         1      3056
         2      2005         1         5        25         7         1         7         1         1      1522
         2      2005         1         5        26         8         1         8         1         1      2018
         2      2005         1         5        27         9         1         7         0         1      4942
         2      2005         1         5        28        10         1         0         1         1      1398
         2      2005         1         5        29         1         1         1         1         1      1177
         2      2005         1         5        30         6         1         6         1         1      1190
         2      2005         1         5        31         3         1         3         1         1      1491
         2      2005         1         5        32        10         1         0         1         1      1157
         2      2005         1         5        33         4         2         4         1         1      1571
         2      2005         1         5        34         7         2         7         1         1      5297
         2      2005         1         5        35         7         2         7         1         1      1546
         2      2005         1         5        36         5         2         5         1         1      1160
         2      2005         1         5        37         4         1         4         1         1      1910
         2      2005         1         5        38         5         2         5         1         1       982
         2      2005         1         5        39         2         1         2         1         1      3179
         2      2005         1         5        40         2         1         2         1         1      1175
         2      2005         1         6         1         5         1         5         1         1      1219
         2      2005         1         6         2         3         1         3         1         1      3439
         2      2005         1         6         3         8         1         8         1         1      1986
         2      2005         1         6         4         8         1         8         1         1       896
         2      2005         1         6         5         1         2         1         1         1      2263
         2      2005         1         6         6         5         2         5         1         1      1272
         2      2005         1         6         7         1         1         1         1         1      1489
         2      2005         1         6         8         5         1         5         1         1      1521
         2      2005         1         6         9         4         2         4         1         1      2193
         2      2005         1         6        10         3         1         3         1         1      2086
         2      2005         1         6        11         7         2         9         0         1      2879
         2      2005         1         6        12         9         2         9         1         1      1496
         2      2005         1         6        13         4         1         4         1         1      1672
         2      2005         1         6        14         2         2         2         1         1      2977
         2      2005         1         6        15         6         1         6         1         1      4070
         2      2005         1         6        16         6         2         6         1         1      2064
         2      2005         1         6        17         6         2         6         1         1      1306
         2      2005         1         6        18         3         2         3         1         1      1826
         2      2005         1         6        19         7         1         9         0         1      4676
         2      2005         1         6        20         5         2         5         1         1      1398
         2      2005         1         6        21         9         2         9         1         1      1435
         2      2005         1         6        22        10         2         0         1         1      1022
         2      2005         1         6        23         2         1         2         1         1      1202
         2      2005         1         6        24         8         2         8         1         1      1213
         2      2005         1         6        25         2         2         2         1         1      1209
         2      2005         1         6        26         1         1         1         1         1      1044
         2      2005         1         6        27        10         1         0         1         1      1190
         2      2005         1         6        28         7         2         9         0         1      3636
         2      2005         1         6        29         6         1         6         1         1      1758
         2      2005         1         6        30         9         1         9         1         1      2837
         2      2005         1         6        31        10         2         0         1         1      1536
         2      2005         1         6        32         3         2         3         1         1      2671
         2      2005         1         6        33         1         2         1         1         1      1023
         2      2005         1         6        34         8         2         8         1         1      1090
         2      2005         1         6        35         2         1         2         1         1      1139
         2      2005         1         6        36         4         1         4         1         1      1378
         2      2005         1         6        37         4         2         4         1         1      1750
         2      2005         1         6        38        10         1         0         1         1       989
         2      2005         1         6        39         9         1         9         1         1      2082
         2      2005         1         6        40         7         1         7         1         1      1450
         2      2005         2         1         1         5         3         5         1         0      3119
         2      2005         2         1         2         7         3         2         0         0     13486
         2      2005         2         1         3        10         4         0         1         0      1663
         2      2005         2         1         4         5         4         5         1         0     13736
         2      2005         2         1         5         3         1         3         1         1      2095
         2      2005         2         1         6         8         2         8         1         0      1175
         2      2005         2         1         7        10         1         0         1         1      1173
         2      2005         2         1         8         4         2         4         1         0      1251
         2      2005         2         1         9         9         4         2         0         0      3101
         2      2005         2         1        10         3         2         3         1         0      1565
         2      2005         2         1        11         4         1         4         1         1      1706
         2      2005         2         1        12         1         4         1         1         0      2019
         2      2005         2         1        13         8         1         8         1         1      1278
         2      2005         2         1        14        10         2         0         1         0      1160
         2      2005         2         1        15         1         1         1         1         1      1189
         2      2005         2         1        16         6         4         6         1         0      1809
         2      2005         2         1        17         1         2         1         1         0      1012
         2      2005         2         1        18         4         3         9         0         0      4648
         2      2005         2         1        19         8         3         8         1         0      2106
         2      2005         2         1        20         8         4         8         1         0      1282
         2      2005         2         1        21         2         1         2         1         1      1132
         2      2005         2         1        22         7         4         0         0         0      5530
         2      2005         2         1        23         6         3         6         1         0      1546
         2      2005         2         1        24         5         1         5         1         1      1110
         2      2005         2         1        25         2         2         2         1         0      1062
         2      2005         2         1        26         3         3         7         0         0      8280
         2      2005         2         1        27         9         1         7         0         1      2553
         2      2005         2         1        28        10         3         0         1         0      1952
         2      2005         2         1        29         5         2         5         1         0      1214
         2      2005         2         1        30         9         2         9         1         0      2234
         2      2005         2         1        31         1         3         7         0         0      6829
         2      2005         2         1        32         3         4         3         1         0      1577
         2      2005         2         1        33         6         2         6         1         0      1398
         2      2005         2         1        34         7         2         7         1         0      2987
         2      2005         2         1        35         7         1         7         1         1      4688
         2      2005         2         1        36         2         4         2         1         0      1233
         2      2005         2         1        37         6         1         6         1         1      1355
         2      2005         2         1        38         4         4         7         0         0      4223
         2      2005         2         1        39         2         3         2         1         0      1299
         2      2005         2         1        40         9         3         7         0         0     10283
         2      2005         2         2         1         6         1         6         1         0      1809
         2      2005         2         2         2         7         1         4         0         0      3397
         2      2005         2         2         3         9         3         7         0         0      2137
         2      2005         2         2         4         4         3         9         0         0      6960
         2      2005         2         2         5         9         1         9         1         0      6390
         2      2005         2         2         6         5         2         5         1         1      1458
         2      2005         2         2         7        10         4         0         1         0      1460
         2      2005         2         2         8         2         2         2         1         1      1174
         2      2005         2         2         9         1         4         1         1         0      2676
         2      2005         2         2        10         6         2         6         1         1      1542
         2      2005         2         2        11         1         1         1         1         0      1732
         2      2005         2         2        12         2         3         2         1         0      1595
         2      2005         2         2        13         7         2         9         0         1      3063
         2      2005         2         2        14         7         4         4         0         0      2968
         2      2005         2         2        15         6         3         6         1         0      1358
         2      2005         2         2        16         3         1         3         1         0      1236
         2      2005         2         2        17         9         4         2         0         0      1391
         2      2005         2         2        18         8         1         8         1         0      1220
         2      2005         2         2        19         8         2         8         1         1       847
         2      2005         2         2        20         2         4         2         1         0      1177
         2      2005         2         2        21         1         3         9         0         0      7414
         2      2005         2         2        22         5         3         5         1         0      2361
         2      2005         2         2        23        10         1         0         1         0      1175
         2      2005         2         2        24         4         2         4         1         1      1749
         2      2005         2         2        25         2         1         2         1         0      1084
         2      2005         2         2        26         1         2         1         1         1      1019
         2      2005         2         2        27         3         3         7         0         0      2991
         2      2005         2         2        28         4         4         7         0         0     35249
         2      2005         2         2        29         6         4         6         1         0      1451
         2      2005         2         2        30         9         2         9         1         1       973
         2      2005         2         2        31         5         1         5         1         0      1105
         2      2005         2         2        32         3         2         3         1         1      1297
         2      2005         2         2        33         8         3         8         1         0      1720
         2      2005         2         2        34         3         4         3         1         0      1328
         2      2005         2         2        35         8         4         8         1         0      1047
         2      2005         2         2        36         4         1         4         1         0      3929
         2      2005         2         2        37        10         2         0         1         1      1321
         2      2005         2         2        38        10         3         0         1         0      1329
         2      2005         2         2        39         5         4         5         1         0      4792
         2      2005         2         2        40         7         3         7         1         0     11973
         2      2005         2         3         1         8         4         8         1         0      1359
         2      2005         2         3         2         6         4         6         1         0      1381
         2      2005         2         3         3         5         2         5         1         0      1098
         2      2005         2         3         4         3         2         3         1         0      1034
         2      2005         2         3         5         1         4         1         1         0      1661
         2      2005         2         3         6         7         1         7         1         1      2566
         2      2005         2         3         7         6         3         6         1         0      1772
         2      2005         2         3         8         4         2         4         1         0      1393
         2      2005         2         3         9        10         1         0         1         1      1159
         2      2005         2         3        10         2         2         2         1         0      1061
         2      2005         2         3        11        10         2         0         1         0       967
         2      2005         2         3        12         4         3         7         0         0      5964
         2      2005         2         3        13         9         1         7         0         1      4330
         2      2005         2         3        14         7         2         7         1         0      1449
         2      2005         2         3        15         4         4         9         0         0      5065
         2      2005         2         3        16         5         1         5         1         1      1097
         2      2005         2         3        17         9         2         9         1         0      1354
         2      2005         2         3        18        10         4         0         1         0      1135
         2      2005         2         3        19         6         2         6         1         0      1151
         2      2005         2         3        20         2         1         2         1         1      1277
         2      2005         2         3        21        10         3         0         1         0      1095
         2      2005         2         3        22         2         3         2         1         0      1671
         2      2005         2         3        23         8         1         8         1         1      1633
         2      2005         2         3        24         4         1         4         1         1      2059
         2      2005         2         3        25         3         3         4         0         0     12742
         2      2005         2         3        26         7         3         7         1         0      4965
         2      2005         2         3        27         1         3         7         0         0      3531
         2      2005         2         3        28         8         2         8         1         0      1625
         2      2005         2         3        29         3         4         3         1         0      1397
         2      2005         2         3        30         2         4         2         1         0       889
         2      2005         2         3        31         1         1         1         1         1      1297
         2      2005         2         3        32         1         2         1         1         0      1159
         2      2005         2         3        33         9         3         7         0         0      4438
         2      2005         2         3        34         8         3         8         1         0       976
         2      2005         2         3        35         3         1         3         1         1      1206
         2      2005         2         3        36         5         3         5         1         0      1121
         2      2005         2         3        37         5         4         5         1         0      2064
         2      2005         2         3        38         6         1         6         1         1      1338
         2      2005         2         3        39         7         4         0         0         0      3520
         2      2005         2         3        40         9         4         2         0         0      1376
         2      2005         2         4         1         8         1         8         1         0      1234
         2      2005         2         4         2         3         4         3         1         0      1550
         2      2005         2         4         3         6         2         6         1         1      1212
         2      2005         2         4         4         3         3         7         0         0      3017
         2      2005         2         4         5         2         4         2         1         0       956
         2      2005         2         4         6         4         2         4         1         1      1682
         2      2005         2         4         7         5         2         5         1         1      1114
         2      2005         2         4         8         4         3         9         0         0      2553
         2      2005         2         4         9         4         4         7         0         0      5181
         2      2005         2         4        10         3         1         3         1         0      1146
         2      2005         2         4        11         1         1         1         1         0      1016
         2      2005         2         4        12         1         2         1         1         1       730
         2      2005         2         4        13         7         4         0         0         0      1817
         2      2005         2         4        14         2         3         2         1         0      1036
         2      2005         2         4        15         4         1         4         1         0      1471
         2      2005         2         4        16         6         1         6         1         0      1232
         2      2005         2         4        17         9         2         9         1         1      1051
         2      2005         2         4        18        10         1         0         1         0       654
         2      2005         2         4        19         5         1         5         1         0       959
         2      2005         2         4        20        10         4         0         1         0       789
         2      2005         2         4        21         3         2         3         1         1      1681
         2      2005         2         4        22         2         1         2         1         0       762
         2      2005         2         4        23         1         3         4         0         0      4999
         2      2005         2         4        24         8         4         8         1         0      2091
         2      2005         2         4        25         7         2         9         0         1      4869
         2      2005         2         4        26         9         4         2         0         0       702
         2      2005         2         4        27         7         3         7         1         0      3630
         2      2005         2         4        28         9         1         7         0         0      1785
         2      2005         2         4        29         6         3         6         1         0      1327
         2      2005         2         4        30         6         4         6         1         0       981
         2      2005         2         4        31         7         1         7         1         0      2586
         2      2005         2         4        32         8         2         8         1         1       782
         2      2005         2         4        33         2         2         2         1         1       731
         2      2005         2         4        34        10         2         0         1         1      1498
         2      2005         2         4        35         5         4         5         1         0      2249
         2      2005         2         4        36         9         3         7         0         0      4172
         2      2005         2         4        37        10         3         0         1         0       738
         2      2005         2         4        38         1         4         1         1         0       801
         2      2005         2         4        39         5         3         5         1         0      1085
         2      2005         2         4        40         8         3         8         1         0      1804
