Condition Subject Session Block Trial Subtype Token Response Correct Feedback RT 
         1      1117         1         1         1        10         1         7         0         1     11918
         1      1117         1         1         2         4         1         2         0         1      4530
         1      1117         1         1         3         2         1         5         0         1      4582
         1      1117         1         1         4         5         1         1         0         1     13273
         1      1117         1         1         5         5         2         6         0         1      9281
         1      1117         1         1         6        10         2         9         0         1      9016
         1      1117         1         1         7         4         2         4         1         1      8297
         1      1117         1         1         8         8         1         8         1         1      4215
         1      1117         1         1         9         8         2         5         0         1      6634
         1      1117         1         1        10         2         2         1         0         1      4091
         1      1117         1         1        11         1         2         5         0         1      3683
         1      1117         1         1        12         8         1         8         1         1      4491
         1      1117         1         1        13         4         1         2         0         1      7907
         1      1117         1         1        14         3         1         6         0         1      8098
         1      1117         1         1        15         9         2         9         1         1      2616
         1      1117         1         1        16         2         1         2         1         1      4107
         1      1117         1         1        17        10         2         7         0         1     16355
         1      1117         1         1        18         3         2         5         0         1      2497
         1      1117         1         1        19         6         2         5         0         1      4217
         1      1117         1         1        20         7         2         6         0         1      7851
         1      1117         1         1        21         1         1         5         0         1      6507
         1      1117         1         1        22         3         2         3         1         1      3059
         1      1117         1         1        23         9         1         9         1         1     10755
         1      1117         1         1        24         5         2         5         1         1      2240
         1      1117         1         1        25         1         2         5         0         1      2066
         1      1117         1         1        26        10         1         0         1         1      6426
         1      1117         1         1        27         3         1         3         1         1      4694
         1      1117         1         1        28         6         1         6         1         1      3333
         1      1117         1         1        29         9         1         9         1         1      1851
         1      1117         1         1        30         8         2         1         0         1      6332
         1      1117         1         1        31         9         2         9         1         1      1658
         1      1117         1         1        32         6         2         6         1         1      3347
         1      1117         1         1        33         7         1         1         0         1      5257
         1      1117         1         1        34         2         2         4         0         1      4306
         1      1117         1         1        35         5         1         0         0         1      3234
         1      1117         1         1        36         7         1         7         1         1      2813
         1      1117         1         1        37         4         2         5         0         1      3863
         1      1117         1         1        38         6         1         6         1         1      1943
         1      1117         1         1        39         7         2         7         1         1     11509
         1      1117         1         1        40         1         1         1         1         1      2676
         1      1117         1         2         1         2         1         2         1         1      7065
         1      1117         1         2         2         2         1         2         1         1      1866
         1      1117         1         2         3        10         1         0         1         1      5242
         1      1117         1         2         4         9         1         9         1         1      1699
         1      1117         1         2         5         8         1         8         1         1      1898
         1      1117         1         2         6         9         1         9         1         1      1529
         1      1117         1         2         7         5         2         3         0         1      7271
         1      1117         1         2         8         9         2         9         1         1      1264
         1      1117         1         2         9         4         1         4         1         1      5178
         1      1117         1         2        10         6         2         6         1         1      1749
         1      1117         1         2        11        10         1         0         1         1      2825
         1      1117         1         2        12         7         2         7         1         1      2036
         1      1117         1         2        13         2         2         2         1         1     13182
         1      1117         1         2        14         3         1         3         1         1      4555
         1      1117         1         2        15         5         2         5         1         1      1937
         1      1117         1         2        16         8         2         1         0         1     15726
         1      1117         1         2        17         1         1         1         1         1      2245
         1      1117         1         2        18         6         1         6         1         1      2007
         1      1117         1         2        19         5         1         0         0         1      4674
         1      1117         1         2        20         7         2         7         1         1      3155
         1      1117         1         2        21         1         1         1         1         1      1231
         1      1117         1         2        22         4         1         2         0         1      1307
         1      1117         1         2        23         4         2         2         0         1      4210
         1      1117         1         2        24        10         2         7         0         1     12742
         1      1117         1         2        25         7         1         1         0         1      3445
         1      1117         1         2        26         9         2         9         1         1      1735
         1      1117         1         2        27         1         2         1         1         1      5182
         1      1117         1         2        28         3         1         3         1         1      4843
         1      1117         1         2        29         3         2         5         0         1      3510
         1      1117         1         2        30         6         1         6         1         1      1525
         1      1117         1         2        31         8         2         7         0         1      2228
         1      1117         1         2        32         7         1         3         0         1      3112
         1      1117         1         2        33         2         2         2         1         1      2151
         1      1117         1         2        34         3         2         8         0         1      3133
         1      1117         1         2        35        10         2         0         1         1      1596
         1      1117         1         2        36         6         2         6         1         1      1752
         1      1117         1         2        37         5         1         5         1         1      2590
         1      1117         1         2        38         8         1         8         1         1      1762
         1      1117         1         2        39         1         2         3         0         1      5815
         1      1117         1         2        40         4         2         2         0         1      2713
         1      1117         1         3         1         6         1         6         1         1      1299
         1      1117         1         3         2         7         1         7         1         1      3611
         1      1117         1         3         3         2         1         2         1         1      2887
         1      1117         1         3         4         1         2         1         1         1      1855
         1      1117         1         3         5         4         2         4         1         1      2385
         1      1117         1         3         6         7         1         7         1         1      2046
         1      1117         1         3         7         9         2         9         1         1      1464
         1      1117         1         3         8         8         2         8         1         1      3129
         1      1117         1         3         9         6         1         6         1         1      1656
         1      1117         1         3        10         5         2         3         0         1      8946
         1      1117         1         3        11         3         1         3         1         1      6249
         1      1117         1         3        12         7         2         7         1         1      2475
         1      1117         1         3        13         5         1         5         1         1      1876
         1      1117         1         3        14        10         2         0         1         1      1430
         1      1117         1         3        15         7         2         7         1         1      1544
         1      1117         1         3        16         9         2         9         1         1      2342
         1      1117         1         3        17         2         2         2         1         1      2693
         1      1117         1         3        18         3         2         1         0         1      5046
         1      1117         1         3        19        10         2         0         1         1      1112
         1      1117         1         3        20         4         2         4         1         1      2518
         1      1117         1         3        21        10         1         1         0         1      7036
         1      1117         1         3        22         1         2         1         1         1      2047
         1      1117         1         3        23         3         1         3         1         1      3113
         1      1117         1         3        24         4         1         4         1         1      1977
         1      1117         1         3        25         2         2         2         1         1      1142
         1      1117         1         3        26        10         1         0         1         1      5139
         1      1117         1         3        27         9         1         9         1         1      1232
         1      1117         1         3        28         6         2         6         1         1      1258
         1      1117         1         3        29         1         1         1         1         1      3331
         1      1117         1         3        30         9         1         9         1         1      1127
         1      1117         1         3        31         4         1         4         1         1      3031
         1      1117         1         3        32         3         2         3         1         1      1977
         1      1117         1         3        33         5         1         5         1         1      1383
         1      1117         1         3        34         8         1         8         1         1      1611
         1      1117         1         3        35         8         1         8         1         1      3159
         1      1117         1         3        36         8         2         8         1         1      3637
         1      1117         1         3        37         1         1         1         1         1      1774
         1      1117         1         3        38         5         2         5         1         1      2195
         1      1117         1         3        39         2         1         4         0         1      7447
         1      1117         1         3        40         6         2         6         1         1      1257
         1      1117         1         4         1         4         2         4         1         1     11675
         1      1117         1         4         2         6         1         6         1         1      1988
         1      1117         1         4         3         6         1         6         1         1      1632
         1      1117         1         4         4        10         1         0         1         1      1434
         1      1117         1         4         5         8         2         8         1         1      2796
         1      1117         1         4         6         7         2         7         1         1      2216
         1      1117         1         4         7         3         1         3         1         1      2652
         1      1117         1         4         8         8         1         8         1         1      2047
         1      1117         1         4         9        10         2         0         1         1      2345
         1      1117         1         4        10         1         1         1         1         1      1206
         1      1117         1         4        11         9         1         9         1         1      1248
         1      1117         1         4        12         5         1         5         1         1      1274
         1      1117         1         4        13         3         2         3         1         1      2516
         1      1117         1         4        14         2         1         2         1         1      4475
         1      1117         1         4        15        10         1         0         1         1      1187
         1      1117         1         4        16         9         2         9         1         1      1072
         1      1117         1         4        17         2         2         2         1         1      1329
         1      1117         1         4        18         1         2         1         1         1      6552
         1      1117         1         4        19         4         1         4         1         1      1694
         1      1117         1         4        20        10         2         0         1         1      2135
         1      1117         1         4        21         7         1         7         1         1      3950
         1      1117         1         4        22         9         2         9         1         1      1084
         1      1117         1         4        23         7         1         7         1         1      1869
         1      1117         1         4        24         3         2         3         1         1      1662
         1      1117         1         4        25         9         1         9         1         1      1015
         1      1117         1         4        26         8         2         8         1         1      3977
         1      1117         1         4        27         6         2         6         1         1      1285
         1      1117         1         4        28         1         2         1         1         1      1790
         1      1117         1         4        29         2         1         2         1         1      4131
         1      1117         1         4        30         5         2         5         1         1      3081
         1      1117         1         4        31         3         1         3         1         1      3067
         1      1117         1         4        32         1         1         1         1         1      1227
         1      1117         1         4        33         5         2         5         1         1      1974
         1      1117         1         4        34         5         1         5         1         1      1315
         1      1117         1         4        35         6         2         6         1         1      1194
         1      1117         1         4        36         7         2         7         1         1      2453
         1      1117         1         4        37         4         1         4         1         1      1360
         1      1117         1         4        38         2         2         2         1         1      1925
         1      1117         1         4        39         4         2         4         1         1      3075
         1      1117         1         4        40         8         1         8         1         1      3508
         1      1117         1         5         1         8         2         8         1         1      2475
         1      1117         1         5         2        10         1         0         1         1      1075
         1      1117         1         5         3         9         1         9         1         1      1060
         1      1117         1         5         4         7         1         7         1         1      1814
         1      1117         1         5         5        10         1         0         1         1       969
         1      1117         1         5         6         3         1         3         1         1      1694
         1      1117         1         5         7        10         2         0         1         1       999
         1      1117         1         5         8         3         1         3         1         1      1388
         1      1117         1         5         9         6         1         6         1         1      1088
         1      1117         1         5        10         4         1         4         1         1      1106
         1      1117         1         5        11         8         2         8         1         1      2066
         1      1117         1         5        12         8         1         8         1         1      1019
         1      1117         1         5        13         3         2         3         1         1      1614
         1      1117         1         5        14         3         2         3         1         1      1210
         1      1117         1         5        15         1         1         1         1         1       964
         1      1117         1         5        16         5         2         5         1         1      2921
         1      1117         1         5        17         2         1         2         1         1      3712
         1      1117         1         5        18         7         1         7         1         1      1288
         1      1117         1         5        19         5         1         5         1         1      1169
         1      1117         1         5        20         2         1         2         1         1      1870
         1      1117         1         5        21         6         1         6         1         1      1024
         1      1117         1         5        22         4         2         4         1         1      1554
         1      1117         1         5        23         2         2         2         1         1      1296
         1      1117         1         5        24         7         2         7         1         1      3080
         1      1117         1         5        25         4         1         4         1         1      1225
         1      1117         1         5        26        10         2         0         1         1      1029
         1      1117         1         5        27         1         1         1         1         1      1079
         1      1117         1         5        28         9         1         9         1         1      1030
         1      1117         1         5        29         5         2         5         1         1      1417
         1      1117         1         5        30         9         2         9         1         1      1804
         1      1117         1         5        31         1         2         1         1         1      1376
         1      1117         1         5        32         5         1         5         1         1      1141
         1      1117         1         5        33         4         2         4         1         1      3731
         1      1117         1         5        34         6         2         6         1         1      1097
         1      1117         1         5        35         2         2         2         1         1      1513
         1      1117         1         5        36         8         1         8         1         1      1225
         1      1117         1         5        37         9         2         9         1         1      1012
         1      1117         1         5        38         7         2         7         1         1      1910
         1      1117         1         5        39         6         2         6         1         1      1253
         1      1117         1         5        40         1         2         1         1         1      1023
         1      1117         1         6         1         8         1         8         1         1      1094
         1      1117         1         6         2        10         1         0         1         1      1365
         1      1117         1         6         3         1         1         1         1         1      1033
         1      1117         1         6         4         3         1         3         1         1      1804
         1      1117         1         6         5        10         2         0         1         1      1009
         1      1117         1         6         6         6         1         6         1         1      1061
         1      1117         1         6         7         4         2         4         1         1      2710
         1      1117         1         6         8         6         2         6         1         1      1061
         1      1117         1         6         9         5         2         5         1         1      1190
         1      1117         1         6        10         9         1         9         1         1      1362
         1      1117         1         6        11         3         2         3         1         1      1271
         1      1117         1         6        12         2         1         2         1         1      2752
         1      1117         1         6        13         9         2         9         1         1      1102
         1      1117         1         6        14         4         1         4         1         1      2158
         1      1117         1         6        15         1         1         1         1         1      1123
         1      1117         1         6        16        10         2         0         1         1      1011
         1      1117         1         6        17         5         2         5         1         1      1174
         1      1117         1         6        18         6         1         6         1         1      1092
         1      1117         1         6        19         3         1         3         1         1      1427
         1      1117         1         6        20         7         2         7         1         1      2118
         1      1117         1         6        21         8         2         8         1         1      1229
         1      1117         1         6        22         1         2         1         1         1      1400
         1      1117         1         6        23         7         1         7         1         1      2221
         1      1117         1         6        24         5         1         5         1         1      1711
         1      1117         1         6        25         7         1         7         1         1      1367
         1      1117         1         6        26         4         2         4         1         1      1820
         1      1117         1         6        27         7         2         7         1         1      1471
         1      1117         1         6        28         8         2         8         1         1      1168
         1      1117         1         6        29         2         2         2         1         1      1677
         1      1117         1         6        30         9         1         9         1         1      1077
         1      1117         1         6        31         5         1         5         1         1      1206
         1      1117         1         6        32         2         1         2         1         1      6658
         1      1117         1         6        33         2         2         2         1         1      1188
         1      1117         1         6        34         1         2         1         1         1      1345
         1      1117         1         6        35         9         2         9         1         1      1014
         1      1117         1         6        36        10         1         0         1         1      1017
         1      1117         1         6        37         4         1         4         1         1      1213
         1      1117         1         6        38         3         2         3         1         1      1351
         1      1117         1         6        39         6         2         6         1         1      1036
         1      1117         1         6        40         8         1         8         1         1      1022
         1      1117         2         1         1         2         1         2         1         1      4887
         1      1117         2         1         2         8         1         8         1         1      1071
         1      1117         2         1         3         6         3         6         1         0      3408
         1      1117         2         1         4         4         1         4         1         1      2340
         1      1117         2         1         5         4         2         4         1         0      1618
         1      1117         2         1         6         6         4         6         1         0      1340
         1      1117         2         1         7         3         4         7         0         0     19314
         1      1117         2         1         8         7         1         7         1         1      1370
         1      1117         2         1         9         9         1         9         1         1      1230
         1      1117         2         1        10         2         4         2         1         0      2888
         1      1117         2         1        11         7         2         7         1         0      2977
         1      1117         2         1        12         4         3         4         1         0      7079
         1      1117         2         1        13         1         1         1         1         1      1190
         1      1117         2         1        14         9         2         9         1         0      1219
         1      1117         2         1        15         6         1         6         1         1      1134
         1      1117         2         1        16         2         2         2         1         0      1149
         1      1117         2         1        17         8         3         8         1         0      1578
         1      1117         2         1        18        10         4         5         0         0     10422
         1      1117         2         1        19         8         4         8         1         0      3026
         1      1117         2         1        20         5         2         5         1         0      2325
         1      1117         2         1        21         3         3         7         0         0     21605
         1      1117         2         1        22         1         3         1         1         0      2081
         1      1117         2         1        23         7         3         7         1         0      9224
         1      1117         2         1        24         9         3         9         1         0      2148
         1      1117         2         1        25         8         2         8         1         0      2090
         1      1117         2         1        26         1         2         1         1         0      1298
         1      1117         2         1        27         3         1         3         1         1      1418
         1      1117         2         1        28         5         3         7         0         0      8845
         1      1117         2         1        29         5         4         8         0         0      2104
         1      1117         2         1        30        10         2         0         1         0      1360
         1      1117         2         1        31         2         3         2         1         0      1926
         1      1117         2         1        32         6         2         6         1         0      1188
         1      1117         2         1        33         5         1         5         1         1      1168
         1      1117         2         1        34         4         4         4         1         0      3342
         1      1117         2         1        35        10         3         1         0         0      2307
         1      1117         2         1        36         7         4         1         0         0     19090
         1      1117         2         1        37         3         2         3         1         0      1763
         1      1117         2         1        38        10         1         0         1         1      1463
         1      1117         2         1        39         1         4         3         0         0      5864
         1      1117         2         1        40         9         4         9         1         0      2777
         1      1117         2         2         1         2         2         2         1         1      1276
         1      1117         2         2         2         5         1         5         1         0      1093
         1      1117         2         2         3         8         2         8         1         1      1238
         1      1117         2         2         4         9         3         9         1         0      1121
         1      1117         2         2         5         8         4         8         1         0      2350
         1      1117         2         2         6         1         3         7         0         0      6284
         1      1117         2         2         7         9         1         9         1         0      1195
         1      1117         2         2         8         2         4         2         1         0      2135
         1      1117         2         2         9         6         4         6         1         0      1084
         1      1117         2         2        10        10         4         5         0         0      1756
         1      1117         2         2        11         1         2         1         1         1      1730
         1      1117         2         2        12        10         2         0         1         1      1050
         1      1117         2         2        13         8         3         8         1         0      1276
         1      1117         2         2        14         9         2         9         1         1      1012
         1      1117         2         2        15         1         4         7         0         0      4775
         1      1117         2         2        16         6         2         6         1         1      1044
         1      1117         2         2        17         7         1         7         1         0      1398
         1      1117         2         2        18         7         2         7         1         1      1194
         1      1117         2         2        19        10         1         0         1         0       998
         1      1117         2         2        20         1         1         1         1         0      1096
         1      1117         2         2        21         5         3         3         0         0      4808
         1      1117         2         2        22         4         2         4         1         1      1379
         1      1117         2         2        23         3         1         3         1         0      1287
         1      1117         2         2        24         9         4         9         1         0      1168
         1      1117         2         2        25         3         3         3         1         0      3901
         1      1117         2         2        26         3         4         7         0         0      2733
         1      1117         2         2        27         4         3         4         1         0      3948
         1      1117         2         2        28         2         3         2         1         0      1258
         1      1117         2         2        29         7         3         7         1         0     13988
         1      1117         2         2        30         3         2         3         1         1      1265
         1      1117         2         2        31         6         1         6         1         0      1033
         1      1117         2         2        32         5         4         0         0         0      4907
         1      1117         2         2        33         4         4         4         1         0      3827
         1      1117         2         2        34         5         2         5         1         1      2166
         1      1117         2         2        35         6         3         6         1         0      1275
         1      1117         2         2        36         7         4         3         0         0      6260
         1      1117         2         2        37        10         3         1         0         0      2164
         1      1117         2         2        38         4         1         4         1         0      1322
         1      1117         2         2        39         8         1         8         1         0       993
         1      1117         2         2        40         2         1         2         1         0      1478
         1      1117         2         3         1         1         3         3         0         0     24081
         1      1117         2         3         2         2         2         2         1         0      1114
         1      1117         2         3         3         6         4         6         1         0      1048
         1      1117         2         3         4         7         4         3         0         0      2250
         1      1117         2         3         5         1         1         1         1         1      1098
         1      1117         2         3         6         7         1         7         1         1      2443
         1      1117         2         3         7        10         1         0         1         1      1092
         1      1117         2         3         8         8         3         8         1         0      1157
         1      1117         2         3         9         3         3         3         1         0      2835
         1      1117         2         3        10         8         1         8         1         1      1069
         1      1117         2         3        11        10         4         5         0         0      2094
         1      1117         2         3        12         7         2         7         1         0      1206
         1      1117         2         3        13         4         2         4         1         0      1505
         1      1117         2         3        14         5         3         3         0         0      3329
         1      1117         2         3        15         1         4         7         0         0      5432
         1      1117         2         3        16         9         3         9         1         0      1035
         1      1117         2         3        17         9         2         9         1         0      1501
         1      1117         2         3        18        10         2         0         1         0      1069
         1      1117         2         3        19         8         2         8         1         0      1309
         1      1117         2         3        20         3         4         3         1         0     16565
         1      1117         2         3        21         5         1         5         1         1      2458
         1      1117         2         3        22         2         4         2         1         0      1764
         1      1117         2         3        23        10         3         1         0         0      2008
         1      1117         2         3        24         6         3         6         1         0      1092
         1      1117         2         3        25         9         4         9         1         0      1204
         1      1117         2         3        26         6         2         6         1         0      1120
         1      1117         2         3        27         7         3         7         1         0      1567
         1      1117         2         3        28         5         4         0         0         0      3804
         1      1117         2         3        29         3         2         3         1         0      1408
         1      1117         2         3        30         2         3         2         1         0      2068
         1      1117         2         3        31         6         1         6         1         1      1133
         1      1117         2         3        32         4         1         4         1         1      1004
         1      1117         2         3        33         9         1         9         1         1      1038
         1      1117         2         3        34         4         4         4         1         0      2449
         1      1117         2         3        35         4         3         4         1         0      4042
         1      1117         2         3        36         2         1         2         1         1      1205
         1      1117         2         3        37         3         1         3         1         1      1313
         1      1117         2         3        38         1         2         1         1         0      1400
         1      1117         2         3        39         5         2         5         1         0      1468
         1      1117         2         3        40         8         4         8         1         0      1773
         1      1117         2         4         1         7         1         7         1         0      1176
         1      1117         2         4         2         1         3         1         1         0      3909
         1      1117         2         4         3         6         3         6         1         0      1733
         1      1117         2         4         4         1         2         1         1         1      1244
         1      1117         2         4         5         7         3         7         1         0      1094
         1      1117         2         4         6        10         2         0         1         1       935
         1      1117         2         4         7         3         2         3         1         1      1101
         1      1117         2         4         8        10         4         5         0         0      1342
         1      1117         2         4         9         4         3         4         1         0      1413
         1      1117         2         4        10         9         3         9         1         0      1176
         1      1117         2         4        11         1         1         1         1         0      1140
         1      1117         2         4        12         9         1         9         1         0      1041
         1      1117         2         4        13         4         4         4         1         0      1651
         1      1117         2         4        14         2         1         2         1         0      1069
         1      1117         2         4        15         1         4         3         0         0      5183
         1      1117         2         4        16         6         1         6         1         0      1227
         1      1117         2         4        17        10         1         0         1         0      1077
         1      1117         2         4        18        10         3         1         0         0      1573
         1      1117         2         4        19         2         4         2         1         0      3490
         1      1117         2         4        20         5         4         8         0         0     11666
         1      1117         2         4        21         6         2         6         1         1      1642
         1      1117         2         4        22         7         2         7         1         1      1221
         1      1117         2         4        23         5         3         3         0         0      1952
         1      1117         2         4        24         8         3         8         1         0      1166
         1      1117         2         4        25         3         1         3         1         0      1835
         1      1117         2         4        26         8         2         8         1         1      1054
         1      1117         2         4        27         3         4         7         0         0      5296
         1      1117         2         4        28         9         2         9         1         1      1064
         1      1117         2         4        29         5         2         5         1         1      1337
         1      1117         2         4        30         2         2         2         1         1      1600
         1      1117         2         4        31         4         2         4         1         1      1595
         1      1117         2         4        32         9         4         9         1         0       983
         1      1117         2         4        33         2         3         2         1         0     13691
         1      1117         2         4        34         5         1         5         1         0      1091
         1      1117         2         4        35         3         3         3         1         0      2197
         1      1117         2         4        36         4         1         4         1         0      1130
         1      1117         2         4        37         7         4         3         0         0      3816
         1      1117         2         4        38         8         1         8         1         0      1180
         1      1117         2         4        39         8         4         8         1         0      1175
         1      1117         2         4        40         6         4         6         1         0      1123
