Condition Subject Session Block Trial Subtype Token Response Correct Feedback RT 
         1      1010         1         1         1         2         2         3         0         1      9679
         1      1010         1         1         2         7         1         5         0         1      4375
         1      1010         1         1         3         5         2         1         0         1      5813
         1      1010         1         1         4         6         2         6         1         1      4439
         1      1010         1         1         5         9         1         8         0         1     32864
         1      1010         1         1         6         3         1         7         0         1      9466
         1      1010         1         1         7         7         1         2         0         1      9708
         1      1010         1         1         8         4         2         0         0         1      4899
         1      1010         1         1         9        10         1         3         0         1      9274
         1      1010         1         1        10         2         2         5         0         1      6131
         1      1010         1         1        11         9         1         0         0         1      8200
         1      1010         1         1        12         1         1         8         0         1      3579
         1      1010         1         1        13         3         2         5         0         1      3767
         1      1010         1         1        14         2         1         4         0         1     44219
         1      1010         1         1        15         9         2         9         1         1     10782
         1      1010         1         1        16         9         2         9         1         1      2027
         1      1010         1         1        17         5         1         5         1         1     38997
         1      1010         1         1        18         1         1         1         1         1      7257
         1      1010         1         1        19         6         1         6         1         1      7938
         1      1010         1         1        20        10         1         5         0         1     10624
         1      1010         1         1        21         6         1         6         1         1      2819
         1      1010         1         1        22         3         1         3         1         1     12270
         1      1010         1         1        23         4         2         2         0         1     12383
         1      1010         1         1        24         1         2         0         0         1      9451
         1      1010         1         1        25         7         2         1         0         1      4477
         1      1010         1         1        26        10         2         0         1         1     20487
         1      1010         1         1        27         5         1         5         1         1      6048
         1      1010         1         1        28         5         2         3         0         1      7466
         1      1010         1         1        29        10         2         0         1         1      5115
         1      1010         1         1        30         3         2         5         0         1      9051
         1      1010         1         1        31         8         2         5         0         1     25852
         1      1010         1         1        32         7         2         1         0         1      2286
         1      1010         1         1        33         6         2         6         1         1      2878
         1      1010         1         1        34         8         1         0         0         1      7829
         1      1010         1         1        35         4         1         2         0         1      4712
         1      1010         1         1        36         4         1         4         1         1      2728
         1      1010         1         1        37         2         1         2         1         1      2438
         1      1010         1         1        38         1         2         1         1         1     25024
         1      1010         1         1        39         8         1         8         1         1      2931
         1      1010         1         1        40         8         2         8         1         1     13561
         1      1010         1         2         1         2         1         2         1         1      7070
         1      1010         1         2         2        10         2         0         1         1     10623
         1      1010         1         2         3         9         1         9         1         1      2721
         1      1010         1         2         4        10         2         0         1         1      2113
         1      1010         1         2         5         2         2         2         1         1      9192
         1      1010         1         2         6         2         1         2         1         1      2197
         1      1010         1         2         7         8         2         8         1         1      2857
         1      1010         1         2         8         6         2         6         1         1      1682
         1      1010         1         2         9         4         2         4         1         1     10906
         1      1010         1         2        10        10         1         0         1         1      1969
         1      1010         1         2        11         1         2         1         1         1      2159
         1      1010         1         2        12         5         1         5         1         1     12532
         1      1010         1         2        13         1         1         7         0         1     15306
         1      1010         1         2        14         3         1         3         1         1     12306
         1      1010         1         2        15         8         1         8         1         1      2402
         1      1010         1         2        16         4         2         4         1         1      3869
         1      1010         1         2        17         8         1         8         1         1      1997
         1      1010         1         2        18         7         2         1         0         1      1817
         1      1010         1         2        19         9         1         9         1         1      2283
         1      1010         1         2        20         4         1         4         1         1     12460
         1      1010         1         2        21         3         2         3         1         1     14501
         1      1010         1         2        22         4         1         4         1         1      3390
         1      1010         1         2        23         7         1         7         1         1     13891
         1      1010         1         2        24         7         1         7         1         1      1044
         1      1010         1         2        25         6         1         6         1         1      1925
         1      1010         1         2        26         3         1         3         1         1      5237
         1      1010         1         2        27         7         2         7         1         1      2480
         1      1010         1         2        28         9         2         9         1         1      2056
         1      1010         1         2        29         8         2         8         1         1      1747
         1      1010         1         2        30         3         2         3         1         1      2025
         1      1010         1         2        31         6         1         6         1         1      1412
         1      1010         1         2        32         9         2         9         1         1      2167
         1      1010         1         2        33        10         1         0         1         1      1707
         1      1010         1         2        34         2         2         4         0         1     16227
         1      1010         1         2        35         6         2         6         1         1      1829
         1      1010         1         2        36         1         2         1         1         1      8856
         1      1010         1         2        37         5         2         3         0         1      2402
         1      1010         1         2        38         5         1         5         1         1     10141
         1      1010         1         2        39         1         1         1         1         1      6531
         1      1010         1         2        40         5         2         5         1         1      2586
         1      1010         1         3         1         6         2         6         1         1      2105
         1      1010         1         3         2         8         1         8         1         1      2833
         1      1010         1         3         3         1         2         1         1         1      1388
         1      1010         1         3         4         7         1         7         1         1      8849
         1      1010         1         3         5        10         1         0         1         1      1435
         1      1010         1         3         6         7         1         7         1         1      1630
         1      1010         1         3         7         1         2         1         1         1      1288
         1      1010         1         3         8         1         1         1         1         1      1152
         1      1010         1         3         9         8         2         8         1         1      4782
         1      1010         1         3        10         3         1         3         1         1      2588
         1      1010         1         3        11         5         2         5         1         1      2800
         1      1010         1         3        12        10         2         0         1         1      1596
         1      1010         1         3        13         2         1         2         1         1      2392
         1      1010         1         3        14        10         1         0         1         1      1187
         1      1010         1         3        15        10         2         0         1         1      2497
         1      1010         1         3        16         8         1         8         1         1      3640
         1      1010         1         3        17         7         2         7         1         1      2962
         1      1010         1         3        18         4         1         4         1         1      2840
         1      1010         1         3        19         2         2         2         1         1      3427
         1      1010         1         3        20         3         1         3         1         1      2087
         1      1010         1         3        21         6         1         6         1         1      1280
         1      1010         1         3        22         2         1         2         1         1      4329
         1      1010         1         3        23         8         2         8         1         1      3784
         1      1010         1         3        24         4         2         4         1         1      3436
         1      1010         1         3        25         9         2         9         1         1      2366
         1      1010         1         3        26         5         2         5         1         1      2140
         1      1010         1         3        27         7         2         1         0         1      1538
         1      1010         1         3        28         4         1         4         1         1      2609
         1      1010         1         3        29         9         1         9         1         1      2165
         1      1010         1         3        30         1         1         1         1         1      1225
         1      1010         1         3        31         9         1         9         1         1      1955
         1      1010         1         3        32         2         2         4         0         1      4050
         1      1010         1         3        33         5         1         5         1         1     12603
         1      1010         1         3        34         6         1         6         1         1      1599
         1      1010         1         3        35         3         2         3         1         1      4875
         1      1010         1         3        36         3         2         3         1         1      1381
         1      1010         1         3        37         5         1         5         1         1      1930
         1      1010         1         3        38         6         2         6         1         1      3192
         1      1010         1         3        39         4         2         4         1         1      2468
         1      1010         1         3        40         9         2         9         1         1      1998
         1      1010         1         4         1         8         2         8         1         1     11202
         1      1010         1         4         2         1         1         1         1         1       958
         1      1010         1         4         3        10         1         0         1         1      1235
         1      1010         1         4         4         4         2         4         1         1      1644
         1      1010         1         4         5         9         1         9         1         1      2246
         1      1010         1         4         6         4         1         4         1         1      3352
         1      1010         1         4         7         1         2         7         0         1      3358
         1      1010         1         4         8         5         2         5         1         1      2468
         1      1010         1         4         9         9         2         9         1         1      1469
         1      1010         1         4        10         2         1         2         1         1      3743
         1      1010         1         4        11         3         2         3         1         1      2806
         1      1010         1         4        12         6         2         6         1         1      2642
         1      1010         1         4        13         7         2         7         1         1     13956
         1      1010         1         4        14         5         1         5         1         1      1842
         1      1010         1         4        15         1         2         1         1         1     13620
         1      1010         1         4        16         4         2         4         1         1      4655
         1      1010         1         4        17         2         2         4         0         1      2497
         1      1010         1         4        18        10         1         0         1         1      1255
         1      1010         1         4        19         6         2         6         1         1      1409
         1      1010         1         4        20         2         2         2         1         1      1781
         1      1010         1         4        21         9         1         9         1         1      1369
         1      1010         1         4        22         3         1         5         0         1      5838
         1      1010         1         4        23         6         1         6         1         1      2065
         1      1010         1         4        24         6         1         6         1         1      1050
         1      1010         1         4        25         7         1         7         1         1     12812
         1      1010         1         4        26         7         2         7         1         1      4824
         1      1010         1         4        27         4         1         4         1         1      2659
         1      1010         1         4        28         3         2         5         0         1      5846
         1      1010         1         4        29         5         2         5         1         1      1383
         1      1010         1         4        30        10         2         0         1         1      1517
         1      1010         1         4        31         8         1         8         1         1      2316
         1      1010         1         4        32         7         1         7         1         1      2749
         1      1010         1         4        33         1         1         1         1         1      1386
         1      1010         1         4        34         8         1         8         1         1      2526
         1      1010         1         4        35         9         2         9         1         1      2133
         1      1010         1         4        36         2         1         2         1         1     13724
         1      1010         1         4        37         5         1         5         1         1      2164
         1      1010         1         4        38         3         1         3         1         1      3610
         1      1010         1         4        39         8         2         8         1         1      2182
         1      1010         1         4        40        10         2         0         1         1      1291
         1      1010         1         5         1        10         1         0         1         1      1580
         1      1010         1         5         2         2         2         2         1         1      2762
         1      1010         1         5         3         5         1         5         1         1      2183
         1      1010         1         5         4         5         1         5         1         1       731
         1      1010         1         5         5         2         1         2         1         1      2154
         1      1010         1         5         6         7         1         7         1         1      2337
         1      1010         1         5         7        10         2         0         1         1      1136
         1      1010         1         5         8         9         2         9         1         1      1758
         1      1010         1         5         9         1         2         1         1         1      3156
         1      1010         1         5        10         7         2         7         1         1      9330
         1      1010         1         5        11         6         1         6         1         1      1497
         1      1010         1         5        12         3         2         3         1         1      3049
         1      1010         1         5        13         6         2         6         1         1      1227
         1      1010         1         5        14         8         1         8         1         1      1558
         1      1010         1         5        15         4         2         4         1         1      3619
         1      1010         1         5        16         1         1         1         1         1      1501
         1      1010         1         5        17        10         2         0         1         1      1534
         1      1010         1         5        18         7         1         7         1         1      2317
         1      1010         1         5        19         5         2         5         1         1      5804
         1      1010         1         5        20         8         1         8         1         1      1696
         1      1010         1         5        21         9         1         9         1         1      2711
         1      1010         1         5        22         7         2         7         1         1      2678
         1      1010         1         5        23         2         1         2         1         1      2136
         1      1010         1         5        24         2         2         2         1         1      1455
         1      1010         1         5        25         3         2         3         1         1      2994
         1      1010         1         5        26        10         1         0         1         1      1174
         1      1010         1         5        27         3         1         3         1         1      3395
         1      1010         1         5        28         9         1         8         0         1      2887
         1      1010         1         5        29         4         2         4         1         1      3903
         1      1010         1         5        30         1         1         1         1         1      1070
         1      1010         1         5        31         4         1         4         1         1      1904
         1      1010         1         5        32         6         2         6         1         1      1951
         1      1010         1         5        33         6         1         6         1         1      2141
         1      1010         1         5        34         9         2         9         1         1      2244
         1      1010         1         5        35         3         1         3         1         1      7718
         1      1010         1         5        36         8         2         8         1         1      2830
         1      1010         1         5        37         8         2         8         1         1       793
         1      1010         1         5        38         4         1         4         1         1      2279
         1      1010         1         5        39         1         2         1         1         1      2167
         1      1010         1         5        40         5         2         5         1         1      4588
         1      1010         1         6         1         3         2         3         1         1      4571
         1      1010         1         6         2         6         1         6         1         1      1184
         1      1010         1         6         3         1         1         1         1         1      1069
         1      1010         1         6         4         4         2         4         1         1      5965
         1      1010         1         6         5         3         2         3         1         1      2122
         1      1010         1         6         6         8         1         8         1         1      3313
         1      1010         1         6         7         7         1         7         1         1      2201
         1      1010         1         6         8         2         2         2         1         1      3069
         1      1010         1         6         9        10         2         0         1         1      2927
         1      1010         1         6        10         5         1         5         1         1      2598
         1      1010         1         6        11         3         1         3         1         1      7595
         1      1010         1         6        12         6         2         6         1         1      1287
         1      1010         1         6        13        10         2         0         1         1      1600
         1      1010         1         6        14         1         2         1         1         1      7772
         1      1010         1         6        15         5         1         5         1         1      3330
         1      1010         1         6        16         2         1         2         1         1      8937
         1      1010         1         6        17         6         1         6         1         1      2848
         1      1010         1         6        18         9         1         9         1         1      6489
         1      1010         1         6        19         4         2         4         1         1     16240
         1      1010         1         6        20         1         1         1         1         1      1298
         1      1010         1         6        21        10         1         0         1         1      1801
         1      1010         1         6        22         9         2         9         1         1      2237
         1      1010         1         6        23         4         1         4         1         1     15616
         1      1010         1         6        24         2         2         2         1         1      2940
         1      1010         1         6        25         4         1         4         1         1      2739
         1      1010         1         6        26         8         2         8         1         1      2978
         1      1010         1         6        27         5         2         5         1         1      4086
         1      1010         1         6        28         1         2         1         1         1      1871
         1      1010         1         6        29         9         2         9         1         1      2272
         1      1010         1         6        30         6         2         6         1         1      1345
         1      1010         1         6        31         2         1         2         1         1      1687
         1      1010         1         6        32         5         2         5         1         1     10112
         1      1010         1         6        33        10         1         0         1         1      1365
         1      1010         1         6        34         3         1         3         1         1      2027
         1      1010         1         6        35         7         1         3         0         1       504
         1      1010         1         6        36         8         2         8         1         1      3072
         1      1010         1         6        37         7         2         7         1         1      2097
         1      1010         1         6        38         7         2         7         1         1       713
         1      1010         1         6        39         9         1         9         1         1      2344
         1      1010         1         6        40         8         1         8         1         1      4375
         1      1010         2         1         1         4         1         4         1         1     11048
         1      1010         2         1         2         6         1         6         1         1      1914
         1      1010         2         1         3         3         1         3         1         1      2409
         1      1010         2         1         4        10         3         8         0         0     18260
         1      1010         2         1         5        10         4         0         1         0      8789
         1      1010         2         1         6         6         2         6         1         0      1457
         1      1010         2         1         7         2         4         4         0         0      4898
         1      1010         2         1         8         9         1         9         1         1      1768
         1      1010         2         1         9         3         4         5         0         0      3085
         1      1010         2         1        10         3         3         3         1         0      3118
         1      1010         2         1        11         7         2         7         1         0      3149
         1      1010         2         1        12         4         4         2         0         0      4347
         1      1010         2         1        13         1         3         5         0         0      3192
         1      1010         2         1        14         7         1         7         1         1      6676
         1      1010         2         1        15         9         3         9         1         0      2101
         1      1010         2         1        16         2         1         2         1         1      1949
         1      1010         2         1        17         2         3         2         1         0      3547
         1      1010         2         1        18        10         1         0         1         1      3479
         1      1010         2         1        19         7         4         6         0         0     15799
         1      1010         2         1        20         8         2         8         1         0      2251
         1      1010         2         1        21         1         2         1         1         0      1597
         1      1010         2         1        22         5         1         5         1         1      3000
         1      1010         2         1        23        10         2         0         1         0      1005
         1      1010         2         1        24         7         3         7         1         0      2609
         1      1010         2         1        25         9         4         9         1         0      5412
         1      1010         2         1        26         8         3         8         1         0      1926
         1      1010         2         1        27         9         2         9         1         0      1190
         1      1010         2         1        28         6         4         6         1         0      1088
         1      1010         2         1        29         3         2         3         1         0      3057
         1      1010         2         1        30         8         4         8         1         0      2514
         1      1010         2         1        31         1         1         1         1         1      1128
         1      1010         2         1        32         5         4         0         0         0      4326
         1      1010         2         1        33         6         3         6         1         0      1301
         1      1010         2         1        34         5         2         5         1         0      2412
         1      1010         2         1        35         5         3         5         1         0      1479
         1      1010         2         1        36         2         2         2         1         0      3063
         1      1010         2         1        37         8         1         8         1         1      1128
         1      1010         2         1        38         4         2         4         1         0      6950
         1      1010         2         1        39         4         3         4         1         0      1085
         1      1010         2         1        40         1         4         5         0         0     11149
         1      1010         2         2         1         7         4         6         0         0      5935
         1      1010         2         2         2         2         4         4         0         0      2749
         1      1010         2         2         3        10         3         8         0         0      2698
         1      1010         2         2         4         4         1         4         1         0      2219
         1      1010         2         2         5         6         1         6         1         0       990
         1      1010         2         2         6         1         4         5         0         0      3106
         1      1010         2         2         7         9         4         9         1         0      1314
         1      1010         2         2         8         6         4         6         1         0      1384
         1      1010         2         2         9         3         4         5         0         0      1997
         1      1010         2         2        10         5         2         5         1         1      1097
         1      1010         2         2        11         3         2         3         1         1      1705
         1      1010         2         2        12         6         2         6         1         1      1249
         1      1010         2         2        13         2         3         4         0         0      7819
         1      1010         2         2        14         4         4         2         0         0      3471
         1      1010         2         2        15         9         2         9         1         1      1248
         1      1010         2         2        16         1         1         1         1         0       985
         1      1010         2         2        17         3         3         3         1         0      3295
         1      1010         2         2        18         4         3         4         1         0      1926
         1      1010         2         2        19         7         1         7         1         0      1686
         1      1010         2         2        20         8         2         8         1         1      1055
         1      1010         2         2        21         5         1         5         1         0      1761
         1      1010         2         2        22         9         1         9         1         0      1238
         1      1010         2         2        23         5         3         3         0         0      2752
         1      1010         2         2        24         3         1         3         1         0      1230
         1      1010         2         2        25         9         3         9         1         0      1160
         1      1010         2         2        26         2         1         2         1         0      1799
         1      1010         2         2        27         8         4         8         1         0      1323
         1      1010         2         2        28         1         3         5         0         0      2242
         1      1010         2         2        29         7         2         7         1         1      3717
         1      1010         2         2        30        10         2         0         1         1      1052
         1      1010         2         2        31         1         2         1         1         1      1262
         1      1010         2         2        32         7         3         7         1         0      2151
         1      1010         2         2        33         8         3         8         1         0       941
         1      1010         2         2        34        10         1         0         1         0       963
         1      1010         2         2        35         5         4         5         1         0      3688
         1      1010         2         2        36         6         3         6         1         0      1169
         1      1010         2         2        37         2         2         2         1         1      1742
         1      1010         2         2        38         8         1         8         1         0      1077
         1      1010         2         2        39        10         4         0         1         0      1974
         1      1010         2         2        40         4         2         4         1         1      2643
         1      1010         2         3         1         3         3         5         0         0      2710
         1      1010         2         3         2         8         3         8         1         0      1285
         1      1010         2         3         3         7         1         7         1         1      2687
         1      1010         2         3         4         6         1         6         1         1      1008
         1      1010         2         3         5         1         3         5         0         0      1940
         1      1010         2         3         6         2         4         4         0         0      3746
         1      1010         2         3         7         6         2         6         1         0      1031
         1      1010         2         3         8         2         3         2         1         0      3770
         1      1010         2         3         9         3         4         5         0         0      1967
         1      1010         2         3        10         5         2         5         1         0      1516
         1      1010         2         3        11         6         3         6         1         0      1052
         1      1010         2         3        12        10         4         0         1         0      1454
         1      1010         2         3        13         5         1         5         1         1      1296
         1      1010         2         3        14         4         3         4         1         0      1513
         1      1010         2         3        15         9         4         9         1         0      3848
         1      1010         2         3        16         9         2         9         1         0      1290
         1      1010         2         3        17         4         1         2         0         1      1171
         1      1010         2         3        18         8         4         8         1         0      1904
         1      1010         2         3        19         5         3         5         1         0      2624
         1      1010         2         3        20         2         1         2         1         1      1284
         1      1010         2         3        21         1         2         1         1         0      1292
         1      1010         2         3        22         7         4         7         1         0      7829
         1      1010         2         3        23         7         3         7         1         0      1127
         1      1010         2         3        24         8         2         8         1         0      1079
         1      1010         2         3        25         2         2         2         1         0      1529
         1      1010         2         3        26         4         2         4         1         0      2662
         1      1010         2         3        27         8         1         8         1         1       968
         1      1010         2         3        28        10         1         0         1         1      1100
         1      1010         2         3        29        10         3         5         0         0      8875
         1      1010         2         3        30         1         1         1         1         1      1156
         1      1010         2         3        31         5         4         5         1         0      2098
         1      1010         2         3        32         1         4         5         0         0       937
         1      1010         2         3        33        10         2         0         1         0      1249
         1      1010         2         3        34         9         3         8         0         0      1195
         1      1010         2         3        35         6         4         6         1         0      1285
         1      1010         2         3        36         9         1         9         1         1      1069
         1      1010         2         3        37         3         2         3         1         0      1726
         1      1010         2         3        38         7         2         7         1         0      3477
         1      1010         2         3        39         3         1         3         1         1      6103
         1      1010         2         3        40         4         4         4         1         0      8463
         1      1010         2         4         1         7         1         7         1         0      3017
         1      1010         2         4         2         9         1         9         1         0      1339
         1      1010         2         4         3         3         4         5         0         0      1731
         1      1010         2         4         4         2         1         2         1         0      1642
         1      1010         2         4         5         5         2         5         1         1      1701
         1      1010         2         4         6         8         3         8         1         0      1276
         1      1010         2         4         7        10         1         0         1         0      1220
         1      1010         2         4         8         2         2         2         1         1      2592
         1      1010         2         4         9         8         4         8         1         0      1172
         1      1010         2         4        10         9         4         9         1         0      2737
         1      1010         2         4        11         4         3         4         1         0      3024
         1      1010         2         4        12         6         4         6         1         0      1075
         1      1010         2         4        13         6         3         6         1         0      1060
         1      1010         2         4        14         6         1         6         1         0      1014
         1      1010         2         4        15         6         2         6         1         1       954
         1      1010         2         4        16         4         4         2         0         0      1152
         1      1010         2         4        17         3         2         3         1         1      1470
         1      1010         2         4        18         4         1         2         0         0      1088
         1      1010         2         4        19        10         2         0         1         1      2625
         1      1010         2         4        20        10         4         0         1         0      1237
         1      1010         2         4        21         7         2         7         1         1      2512
         1      1010         2         4        22         1         3         1         1         0      8887
         1      1010         2         4        23         2         4         4         0         0      2639
         1      1010         2         4        24         9         2         9         1         1      1202
         1      1010         2         4        25         3         1         3         1         0      1791
         1      1010         2         4        26         5         1         5         1         0      1220
         1      1010         2         4        27         5         3         5         1         0      5071
         1      1010         2         4        28         1         4         5         0         0     15584
         1      1010         2         4        29         7         3         7         1         0      2365
         1      1010         2         4        30         8         1         8         1         0      1034
         1      1010         2         4        31         2         3         4         0         0      6636
         1      1010         2         4        32         1         1         1         1         0      1070
         1      1010         2         4        33         1         2         1         1         1      1198
         1      1010         2         4        34         9         3         9         1         0      1418
         1      1010         2         4        35         4         2         4         1         1      2973
         1      1010         2         4        36         8         2         8         1         1      1267
         1      1010         2         4        37         7         4         7         1         0      2860
         1      1010         2         4        38         5         4         5         1         0      1973
         1      1010         2         4        39        10         3         5         0         0      1330
         1      1010         2         4        40         3         3         5         0         0      7097
