Condition Subject Session Block Trial Subtype Token Response Correct Feedback RT 
         1      1098         1         1         1         9         2         9         1         1      4746
         1      1098         1         1         2         3         2         2         0         1      2636
         1      1098         1         1         3         2         1         6         0         1      3983
         1      1098         1         1         4         5         1         1         0         1      4795
         1      1098         1         1         5         2         1         4         0         1      2903
         1      1098         1         1         6         2         2         6         0         1      5663
         1      1098         1         1         7         7         2         0         0         1      4695
         1      1098         1         1         8         9         1         9         1         1      2646
         1      1098         1         1         9         3         1         3         1         1      3479
         1      1098         1         1        10         8         1         6         0         1      4567
         1      1098         1         1        11         5         2         3         0         1      1996
         1      1098         1         1        12         6         2         2         0         1      2183
         1      1098         1         1        13         3         1         3         1         1      1243
         1      1098         1         1        14         1         1         1         1         1      2132
         1      1098         1         1        15         7         1         0         0         1      3180
         1      1098         1         1        16         5         1         5         1         1      3223
         1      1098         1         1        17         7         2         7         1         1      3011
         1      1098         1         1        18         4         1         8         0         1      1959
         1      1098         1         1        19         6         2         5         0         1      7476
         1      1098         1         1        20         1         1         0         0         1     41219
         1      1098         1         1        21         8         2         5         0         1      3726
         1      1098         1         1        22         3         2         1         0         1      4838
         1      1098         1         1        23         1         2         5         0         1      2673
         1      1098         1         1        24         4         1         4         1         1      2369
         1      1098         1         1        25        10         2         0         1         1      3359
         1      1098         1         1        26         7         1         7         1         1      8053
         1      1098         1         1        27         6         1         5         0         1      5454
         1      1098         1         1        28         9         2         9         1         1      2735
         1      1098         1         1        29        10         1         7         0         1      6429
         1      1098         1         1        30         9         1         9         1         1      2837
         1      1098         1         1        31         4         2         5         0         1      3582
         1      1098         1         1        32        10         2         8         0         1      6219
         1      1098         1         1        33         5         2         3         0         1      3390
         1      1098         1         1        34         1         2         5         0         1      3010
         1      1098         1         1        35         8         2         1         0         1      5045
         1      1098         1         1        36        10         1         2         0         1      2918
         1      1098         1         1        37         6         1         5         0         1      1949
         1      1098         1         1        38         8         1         3         0         1     11051
         1      1098         1         1        39         4         2         4         1         1      3404
         1      1098         1         1        40         2         2         4         0         1      1040
         1      1098         1         2         1         7         1         7         1         1      6395
         1      1098         1         2         2         8         1         1         0         1      6327
         1      1098         1         2         3         6         2         6         1         1      2645
         1      1098         1         2         4         3         1         3         1         1      4439
         1      1098         1         2         5        10         2         0         1         1      2963
         1      1098         1         2         6         1         1         1         1         1      2247
         1      1098         1         2         7         5         2         5         1         1      1802
         1      1098         1         2         8         4         1         4         1         1      2029
         1      1098         1         2         9         7         1         7         1         1      4969
         1      1098         1         2        10         2         2         4         0         1      7006
         1      1098         1         2        11         4         2         4         1         1      6240
         1      1098         1         2        12         7         2         1         0         1      8819
         1      1098         1         2        13         9         2         9         1         1      2575
         1      1098         1         2        14         7         2         7         1         1      3827
         1      1098         1         2        15         2         1         2         1         1      5846
         1      1098         1         2        16         3         1         5         0         1      1608
         1      1098         1         2        17         3         2         1         0         1      2292
         1      1098         1         2        18         6         2         6         1         1      2148
         1      1098         1         2        19         2         1         2         1         1      3834
         1      1098         1         2        20         6         1         6         1         1      1981
         1      1098         1         2        21         5         1         0         0         1      7961
         1      1098         1         2        22         9         1         9         1         1      1829
         1      1098         1         2        23         3         2         3         1         1      2152
         1      1098         1         2        24         8         1         8         1         1      6109
         1      1098         1         2        25         6         1         6         1         1      1718
         1      1098         1         2        26        10         1         1         0         1      7564
         1      1098         1         2        27         1         2         3         0         1      3337
         1      1098         1         2        28        10         1         1         0         1      6414
         1      1098         1         2        29         5         2         5         1         1      2345
         1      1098         1         2        30         1         2         1         1         1      3015
         1      1098         1         2        31         1         1         1         1         1      1482
         1      1098         1         2        32         9         1         9         1         1      2234
         1      1098         1         2        33         2         2         4         0         1      2988
         1      1098         1         2        34         4         1         4         1         1      1682
         1      1098         1         2        35         8         2         9         0         1      4586
         1      1098         1         2        36         4         2         2         0         1      2942
         1      1098         1         2        37         5         1         5         1         1      4580
         1      1098         1         2        38         9         2         9         1         1      1545
         1      1098         1         2        39         8         2         1         0         1      2887
         1      1098         1         2        40        10         2         0         1         1      1840
         1      1098         1         3         1         8         2         8         1         1      3632
         1      1098         1         3         2         6         1         6         1         1      7162
         1      1098         1         3         3         9         2         9         1         1      1239
         1      1098         1         3         4         8         2         8         1         1      2001
         1      1098         1         3         5        10         2         0         1         1      1342
         1      1098         1         3         6        10         1         1         0         1      2323
         1      1098         1         3         7         9         1         9         1         1      1233
         1      1098         1         3         8         3         2         3         1         1      2060
         1      1098         1         3         9        10         2         9         0         1      1174
         1      1098         1         3        10         3         2         3         1         1      2147
         1      1098         1         3        11         3         1         5         0         1      3258
         1      1098         1         3        12         7         1         7         1         1      2868
         1      1098         1         3        13         4         1         4         1         1      4397
         1      1098         1         3        14         1         2         1         1         1      1640
         1      1098         1         3        15         7         2         7         1         1      2147
         1      1098         1         3        16         1         1         1         1         1      1336
         1      1098         1         3        17         6         2         6         1         1      1726
         1      1098         1         3        18         7         2         7         1         1      1573
         1      1098         1         3        19         5         1         5         1         1      3074
         1      1098         1         3        20         4         2         2         0         1      1843
         1      1098         1         3        21         1         1         1         1         1      1060
         1      1098         1         3        22         6         2         6         1         1      1749
         1      1098         1         3        23         7         1         7         1         1      1852
         1      1098         1         3        24         5         2         3         0         1      2317
         1      1098         1         3        25        10         1         1         0         1      1739
         1      1098         1         3        26         2         1         2         1         1      3426
         1      1098         1         3        27         4         1         4         1         1      1782
         1      1098         1         3        28         2         1         2         1         1      1179
         1      1098         1         3        29         1         2         1         1         1      1335
         1      1098         1         3        30         4         2         4         1         1      3245
         1      1098         1         3        31         9         2         9         1         1      1623
         1      1098         1         3        32         8         1         8         1         1      2386
         1      1098         1         3        33         9         1         9         1         1      1453
         1      1098         1         3        34         2         2         2         1         1      2144
         1      1098         1         3        35         6         1         6         1         1      1525
         1      1098         1         3        36         5         2         5         1         1      5220
         1      1098         1         3        37         8         1         8         1         1      1903
         1      1098         1         3        38         3         1         3         1         1      1759
         1      1098         1         3        39         5         1         5         1         1      1653
         1      1098         1         3        40         2         2         2         1         1      1503
         1      1098         1         4         1         6         2         6         1         1      1462
         1      1098         1         4         2         7         2         7         1         1      1782
         1      1098         1         4         3         2         2         2         1         1      1563
         1      1098         1         4         4         5         1         5         1         1      1096
         1      1098         1         4         5         7         1         7         1         1      1529
         1      1098         1         4         6         5         2         5         1         1      1960
         1      1098         1         4         7         2         1         2         1         1      1558
         1      1098         1         4         8         9         1         9         1         1      1154
         1      1098         1         4         9         6         2         6         1         1      1152
         1      1098         1         4        10         1         2         1         1         1      1246
         1      1098         1         4        11         4         2         4         1         1      3078
         1      1098         1         4        12         8         2         1         0         1      1975
         1      1098         1         4        13         4         2         4         1         1      1140
         1      1098         1         4        14         8         1         8         1         1      2130
         1      1098         1         4        15         6         1         6         1         1      1161
         1      1098         1         4        16         3         2         3         1         1      3590
         1      1098         1         4        17         9         2         9         1         1      1379
         1      1098         1         4        18         1         1         1         1         1      1094
         1      1098         1         4        19         5         1         5         1         1      1110
         1      1098         1         4        20         6         1         6         1         1      1221
         1      1098         1         4        21         7         1         7         1         1      2401
         1      1098         1         4        22         2         1         2         1         1      2221
         1      1098         1         4        23         9         1         9         1         1      1007
         1      1098         1         4        24        10         1         8         0         1      4801
         1      1098         1         4        25         9         2         9         1         1      1293
         1      1098         1         4        26         7         2         7         1         1      2053
         1      1098         1         4        27         3         1         3         1         1     24031
         1      1098         1         4        28         3         1         3         1         1      1739
         1      1098         1         4        29         3         2         3         1         1      2210
         1      1098         1         4        30         1         1         1         1         1      1253
         1      1098         1         4        31         5         2         5         1         1      1455
         1      1098         1         4        32        10         2         0         1         1      1249
         1      1098         1         4        33         1         2         1         1         1      1178
         1      1098         1         4        34         8         2         0         0         1      1718
         1      1098         1         4        35         4         1         4         1         1      1614
         1      1098         1         4        36        10         2         0         1         1      1145
         1      1098         1         4        37         4         1         4         1         1      1415
         1      1098         1         4        38         8         1         8         1         1      2483
         1      1098         1         4        39         2         2         2         1         1      2211
         1      1098         1         4        40        10         1         0         1         1      3253
         1      1098         1         5         1        10         2         0         1         1     36075
         1      1098         1         5         2         7         1         7         1         1      2214
         1      1098         1         5         3         6         2         6         1         1      1464
         1      1098         1         5         4         3         1         3         1         1      1674
         1      1098         1         5         5         6         1         6         1         1       995
         1      1098         1         5         6         8         1         8         1         1      1302
         1      1098         1         5         7         7         2         7         1         1      1118
         1      1098         1         5         8         4         2         4         1         1      2845
         1      1098         1         5         9         1         1         1         1         1       981
         1      1098         1         5        10         7         1         7         1         1      1083
         1      1098         1         5        11         6         1         6         1         1      1019
         1      1098         1         5        12         4         1         4         1         1      1583
         1      1098         1         5        13         5         1         5         1         1      1436
         1      1098         1         5        14        10         1         8         0         1      7997
         1      1098         1         5        15         8         2         8         1         1      1721
         1      1098         1         5        16         2         2         2         1         1      1600
         1      1098         1         5        17         2         1         2         1         1      3036
         1      1098         1         5        18         7         2         7         1         1      1711
         1      1098         1         5        19         4         1         4         1         1      1142
         1      1098         1         5        20         9         1         9         1         1      1139
         1      1098         1         5        21         5         2         5         1         1      1474
         1      1098         1         5        22         3         2         3         1         1      1587
         1      1098         1         5        23         5         2         5         1         1      1040
         1      1098         1         5        24         1         2         1         1         1      1410
         1      1098         1         5        25         8         1         8         1         1      1350
         1      1098         1         5        26         9         1         9         1         1      1083
         1      1098         1         5        27        10         1         0         1         1      2777
         1      1098         1         5        28         9         2         9         1         1      1110
         1      1098         1         5        29         5         1         5         1         1      1350
         1      1098         1         5        30         1         2         1         1         1      1084
         1      1098         1         5        31         3         2         3         1         1      1262
         1      1098         1         5        32         2         1         2         1         1      1031
         1      1098         1         5        33         6         2         6         1         1      1129
         1      1098         1         5        34         3         1         3         1         1      1256
         1      1098         1         5        35         2         2         2         1         1      1042
         1      1098         1         5        36        10         2         0         1         1      1092
         1      1098         1         5        37         1         1         1         1         1       916
         1      1098         1         5        38         8         2         8         1         1      2987
         1      1098         1         5        39         9         2         9         1         1      1135
         1      1098         1         5        40         4         2         4         1         1      1262
         1      1098         1         6         1        10         2         0         1         1      1142
         1      1098         1         6         2         5         1         5         1         1      1108
         1      1098         1         6         3        10         2         0         1         1       965
         1      1098         1         6         4         8         2         8         1         1      1370
         1      1098         1         6         5         5         2         5         1         1      2943
         1      1098         1         6         6         8         2         8         1         1      1302
         1      1098         1         6         7         6         1         6         1         1       941
         1      1098         1         6         8         6         2         6         1         1      1011
         1      1098         1         6         9         5         2         3         0         1      2295
         1      1098         1         6        10         9         2         9         1         1      1175
         1      1098         1         6        11         2         1         2         1         1      2820
         1      1098         1         6        12         3         2         3         1         1      1583
         1      1098         1         6        13         3         1         3         1         1      1277
         1      1098         1         6        14         5         1         5         1         1      1110
         1      1098         1         6        15         1         2         1         1         1      1125
         1      1098         1         6        16         1         1         1         1         1       900
         1      1098         1         6        17         3         2         3         1         1      1197
         1      1098         1         6        18         9         1         9         1         1      1399
         1      1098         1         6        19         8         1         8         1         1      1195
         1      1098         1         6        20         7         2         7         1         1      1111
         1      1098         1         6        21        10         1         0         1         1      1701
         1      1098         1         6        22         1         1         1         1         1      1100
         1      1098         1         6        23         7         1         7         1         1      1069
         1      1098         1         6        24         8         1         8         1         1       974
         1      1098         1         6        25         9         2         9         1         1      1011
         1      1098         1         6        26         4         2         4         1         1      1430
         1      1098         1         6        27         4         1         4         1         1      1112
         1      1098         1         6        28        10         1         0         1         1      1911
         1      1098         1         6        29         7         1         7         1         1      1015
         1      1098         1         6        30         7         2         7         1         1       890
         1      1098         1         6        31         9         1         0         0         1      1010
         1      1098         1         6        32         1         2         1         1         1      1030
         1      1098         1         6        33         2         2         2         1         1      1208
         1      1098         1         6        34         4         1         4         1         1       996
         1      1098         1         6        35         6         1         6         1         1      1064
         1      1098         1         6        36         6         2         6         1         1       937
         1      1098         1         6        37         3         1         3         1         1      2896
         1      1098         1         6        38         2         1         2         1         1      1080
         1      1098         1         6        39         4         2         4         1         1      1112
         1      1098         1         6        40         2         2         2         1         1       968
         1      1098         2         1         1         2         2         2         1         0      4214
         1      1098         2         1         2         2         4         2         1         0      2169
         1      1098         2         1         3         2         3         2         1         0      5293
         1      1098         2         1         4         8         1         8         1         1      1397
         1      1098         2         1         5         4         1         4         1         1      1017
         1      1098         2         1         6         5         4         1         0         0      8268
         1      1098         2         1         7        10         1         0         1         1      1516
         1      1098         2         1         8         6         2         6         1         0      1130
         1      1098         2         1         9         9         2         9         1         0      1817
         1      1098         2         1        10         6         1         6         1         1      1148
         1      1098         2         1        11         9         1         9         1         1      1113
         1      1098         2         1        12         4         3         4         1         0      1256
         1      1098         2         1        13         3         2         3         1         0      1187
         1      1098         2         1        14         7         1         7         1         1      1504
         1      1098         2         1        15         8         3         8         1         0      2639
         1      1098         2         1        16        10         2         0         1         0      1170
         1      1098         2         1        17         9         4         9         1         0      1983
         1      1098         2         1        18         3         4         3         1         0      1323
         1      1098         2         1        19         6         4         6         1         0      1105
         1      1098         2         1        20         1         2         1         1         0      1153
         1      1098         2         1        21        10         4         1         0         0      7678
         1      1098         2         1        22         6         3         6         1         0      1799
         1      1098         2         1        23         1         4         1         1         0      1386
         1      1098         2         1        24         5         1         5         1         1      1167
         1      1098         2         1        25         5         3         3         0         0      1660
         1      1098         2         1        26         5         2         5         1         0      1942
         1      1098         2         1        27         3         1         3         1         1      1252
         1      1098         2         1        28         1         1         1         1         1      1086
         1      1098         2         1        29         2         1         2         1         1      1102
         1      1098         2         1        30         8         4         2         0         0      1405
         1      1098         2         1        31         3         3         5         0         0      4433
         1      1098         2         1        32         7         3         1         0         0      6844
         1      1098         2         1        33         7         4         1         0         0       965
         1      1098         2         1        34         7         2         7         1         0      1273
         1      1098         2         1        35         4         2         4         1         0      3682
         1      1098         2         1        36         1         3         3         0         0      2250
         1      1098         2         1        37        10         3         8         0         0      2315
         1      1098         2         1        38         4         4         6         0         0      3579
         1      1098         2         1        39         8         2         8         1         0      2183
         1      1098         2         1        40         9         3         9         1         0      1212
         1      1098         2         2         1         2         1         2         1         0      1741
         1      1098         2         2         2         4         1         4         1         0      1140
         1      1098         2         2         3         5         4         5         1         0      8418
         1      1098         2         2         4         5         2         5         1         1      1389
         1      1098         2         2         5         4         3         4         1         0      1074
         1      1098         2         2         6        10         4         1         0         0      3507
         1      1098         2         2         7         8         4         8         1         0      2883
         1      1098         2         2         8         2         2         2         1         1      1067
         1      1098         2         2         9         9         4         9         1         0      1164
         1      1098         2         2        10         1         4         3         0         0      1961
         1      1098         2         2        11        10         2         0         1         1      1319
         1      1098         2         2        12         5         3         5         1         0      1294
         1      1098         2         2        13         4         2         2         0         1      1606
         1      1098         2         2        14         2         4         4         0         0      9265
         1      1098         2         2        15         9         1         9         1         0      1209
         1      1098         2         2        16        10         3         7         0         0      6676
         1      1098         2         2        17         8         1         8         1         0      1029
         1      1098         2         2        18         5         1         5         1         0      1576
         1      1098         2         2        19         2         3         2         1         0      2581
         1      1098         2         2        20         9         3         9         1         0      1226
         1      1098         2         2        21         7         4         1         0         0      1381
         1      1098         2         2        22         1         3         3         0         0      1098
         1      1098         2         2        23         4         4         5         0         0      2122
         1      1098         2         2        24         6         3         6         1         0      1760
         1      1098         2         2        25         3         3         3         1         0      1494
         1      1098         2         2        26         7         1         7         1         0      1223
         1      1098         2         2        27         7         3         8         0         0      2434
         1      1098         2         2        28         1         1         1         1         0       957
         1      1098         2         2        29         8         2         8         1         1      1074
         1      1098         2         2        30         3         2         3         1         1      1012
         1      1098         2         2        31         3         1         3         1         0      1143
         1      1098         2         2        32         3         4         3         1         0       789
         1      1098         2         2        33         9         2         9         1         1      1042
         1      1098         2         2        34        10         1         0         1         0      1203
         1      1098         2         2        35         6         1         6         1         0      1039
         1      1098         2         2        36         1         2         1         1         1      1058
         1      1098         2         2        37         6         2         6         1         1      1028
         1      1098         2         2        38         7         2         7         1         1      1030
         1      1098         2         2        39         8         3         8         1         0      1400
         1      1098         2         2        40         6         4         6         1         0      1371
         1      1098         2         3         1         6         4         6         1         0       964
         1      1098         2         3         2         5         1         5         1         1      1017
         1      1098         2         3         3         9         2         9         1         0      1133
         1      1098         2         3         4         2         1         2         1         1      1243
         1      1098         2         3         5         9         3         9         1         0       998
         1      1098         2         3         6         8         3         8         1         0      1194
         1      1098         2         3         7         3         3         3         1         0      1351
         1      1098         2         3         8        10         4         2         0         0      1373
         1      1098         2         3         9         3         2         3         1         0       995
         1      1098         2         3        10         7         3         8         0         0      1047
         1      1098         2         3        11         3         1         3         1         1       986
         1      1098         2         3        12         4         2         2         0         0      1037
         1      1098         2         3        13         1         2         1         1         0      1023
         1      1098         2         3        14         5         4         1         0         0      1154
         1      1098         2         3        15         4         1         4         1         1      1104
         1      1098         2         3        16        10         1         0         1         1      1198
         1      1098         2         3        17         8         1         8         1         1      1002
         1      1098         2         3        18         7         4         1         0         0       638
         1      1098         2         3        19         8         2         8         1         0      1024
         1      1098         2         3        20        10         2         0         1         0      1059
         1      1098         2         3        21         8         4         8         1         0      1060
         1      1098         2         3        22         2         2         2         1         0      1046
         1      1098         2         3        23         1         4         3         0         0      1655
         1      1098         2         3        24         4         4         6         0         0      1554
         1      1098         2         3        25         9         4         9         1         0      1071
         1      1098         2         3        26        10         3         7         0         0      4238
         1      1098         2         3        27         6         3         6         1         0      1073
         1      1098         2         3        28         3         4         3         1         0      1058
         1      1098         2         3        29         1         3         3         0         0      1172
         1      1098         2         3        30         5         3         3         0         0       721
         1      1098         2         3        31         4         3         4         1         0      1072
         1      1098         2         3        32         9         1         9         1         1      1104
         1      1098         2         3        33         2         4         5         0         0      1104
         1      1098         2         3        34         1         1         1         1         1       926
         1      1098         2         3        35         2         3         5         0         0       950
         1      1098         2         3        36         6         2         6         1         0       987
         1      1098         2         3        37         7         1         7         1         1      1040
         1      1098         2         3        38         7         2         7         1         0       995
         1      1098         2         3        39         6         1         6         1         1       967
         1      1098         2         3        40         5         2         5         1         0      1131
         1      1098         2         4         1        10         3         8         0         0      1837
         1      1098         2         4         2         4         3         4         1         0      1103
         1      1098         2         4         3         8         2         8         1         1       991
         1      1098         2         4         4         4         4         6         0         0      1812
         1      1098         2         4         5         7         4         5         0         0      6199
         1      1098         2         4         6         5         4         5         1         0      3115
         1      1098         2         4         7         1         3         3         0         0      1050
         1      1098         2         4         8         7         3         8         0         0      1292
         1      1098         2         4         9         3         3         6         0         0      1205
         1      1098         2         4        10         2         3         2         1         0      2208
         1      1098         2         4        11         8         3         8         1         0      1284
         1      1098         2         4        12         6         4         6         1         0      1116
         1      1098         2         4        13         8         1         8         1         0       955
         1      1098         2         4        14         1         4         3         0         0      1632
         1      1098         2         4        15         4         2         4         1         1      1210
         1      1098         2         4        16         8         4         8         1         0      1429
         1      1098         2         4        17         9         1         9         1         0       967
         1      1098         2         4        18         3         2         3         1         1      1196
         1      1098         2         4        19         3         4         3         1         0       984
         1      1098         2         4        20         9         2         9         1         1      1085
         1      1098         2         4        21         1         2         1         1         1      1037
         1      1098         2         4        22         2         4         5         0         0      1311
         1      1098         2         4        23         7         2         7         1         1       998
         1      1098         2         4        24         9         4         9         1         0      1001
         1      1098         2         4        25         5         3         5         1         0      1469
         1      1098         2         4        26        10         4         1         0         0      1310
         1      1098         2         4        27         3         1         3         1         0      1350
         1      1098         2         4        28         4         1         4         1         0      1164
         1      1098         2         4        29         5         1         5         1         0       970
         1      1098         2         4        30         2         1         2         1         0       975
         1      1098         2         4        31        10         1         0         1         0      1170
         1      1098         2         4        32        10         2         0         1         1      1024
         1      1098         2         4        33         1         1         1         1         0      1026
         1      1098         2         4        34         9         3         9         1         0       933
         1      1098         2         4        35         6         3         6         1         0      1084
         1      1098         2         4        36         2         2         2         1         1      1052
         1      1098         2         4        37         6         1         6         1         0       942
         1      1098         2         4        38         5         2         5         1         1      1060
         1      1098         2         4        39         6         2         6         1         1       868
         1      1098         2         4        40         7         1         7         1         0       926
