Condition Subject Session Block Trial Subtype Token Response Correct Feedback RT 
         2      2077         1         1         1         3         2         6         0         1      1313
         2      2077         1         1         2         3         1         3         1         1      1909
         2      2077         1         1         3         1         1         8         0         1      4818
         2      2077         1         1         4         2         2         8         0         1       813
         2      2077         1         1         5        10         2         7         0         1       760
         2      2077         1         1         6         5         1         5         1         1      3443
         2      2077         1         1         7         5         1         5         1         1       980
         2      2077         1         1         8         4         2         8         0         1      3560
         2      2077         1         1         9         6         2         7         0         1      4981
         2      2077         1         1        10         4         1         2         0         1      2553
         2      2077         1         1        11         2         2         3         0         1      2335
         2      2077         1         1        12         8         2         7         0         1       780
         2      2077         1         1        13         2         1         2         1         1      3625
         2      2077         1         1        14         6         1         7         0         1      2690
         2      2077         1         1        15         7         2         0         0         1      2498
         2      2077         1         1        16         4         2         0         0         1      2186
         2      2077         1         1        17         4         1         7         0         1      1471
         2      2077         1         1        18         9         1         7         0         1      3599
         2      2077         1         1        19         9         2         9         1         1      2619
         2      2077         1         1        20         3         1         8         0         1      2703
         2      2077         1         1        21         6         1         4         0         1      1343
         2      2077         1         1        22         8         1         6         0         1      1555
         2      2077         1         1        23         7         1         8         0         1      7216
         2      2077         1         1        24         7         1         8         0         1      1404
         2      2077         1         1        25         8         2         5         0         1      5439
         2      2077         1         1        26         5         2         5         1         1      1105
         2      2077         1         1        27         7         2         2         0         1      2705
         2      2077         1         1        28         3         2         9         0         1      3568
         2      2077         1         1        29        10         2         0         1         1      1886
         2      2077         1         1        30        10         1         0         1         1       750
         2      2077         1         1        31        10         1         0         1         1       827
         2      2077         1         1        32         1         2         1         1         1      2949
         2      2077         1         1        33         1         2         1         1         1       967
         2      2077         1         1        34         6         2         4         0         1      2591
         2      2077         1         1        35         8         1         7         0         1      3011
         2      2077         1         1        36         9         1         7         0         1      1606
         2      2077         1         1        37         5         2         5         1         1      1889
         2      2077         1         1        38         2         1         6         0         1      4466
         2      2077         1         1        39         1         1         6         0         1       970
         2      2077         1         1        40         9         2         6         0         1      2208
         2      2077         1         2         1        10         2         0         1         1      4993
         2      2077         1         2         2         2         2         2         1         1      4212
         2      2077         1         2         3         9         2         6         0         1      3272
         2      2077         1         2         4         7         2         1         0         1      3730
         2      2077         1         2         5         9         2         9         1         1      3817
         2      2077         1         2         6         1         1         4         0         1      6395
         2      2077         1         2         7         7         1         4         0         1      2455
         2      2077         1         2         8         9         1         8         0         1      3728
         2      2077         1         2         9         4         2         0         0         1      1702
         2      2077         1         2        10         6         2         8         0         1      3375
         2      2077         1         2        11         3         2         0         0         1      2739
         2      2077         1         2        12         9         1         9         1         1      1922
         2      2077         1         2        13         2         1         2         1         1      2288
         2      2077         1         2        14         3         2         6         0         1      3681
         2      2077         1         2        15         2         2         2         1         1      1608
         2      2077         1         2        16         8         2         5         0         1      5266
         2      2077         1         2        17         8         1         9         0         1      6459
         2      2077         1         2        18         6         2         1         0         1      6196
         2      2077         1         2        19         4         1         4         1         1      2775
         2      2077         1         2        20        10         2         0         1         1      2852
         2      2077         1         2        21         5         1         5         1         1      1965
         2      2077         1         2        22         1         1         7         0         1      4793
         2      2077         1         2        23         1         2         2         0         1      1539
         2      2077         1         2        24         7         2         0         0         1      1680
         2      2077         1         2        25         5         2         8         0         1      3528
         2      2077         1         2        26         4         1         1         0         1      2887
         2      2077         1         2        27         8         1         6         0         1      3408
         2      2077         1         2        28         1         2         4         0         1      4865
         2      2077         1         2        29         4         2         4         1         1       729
         2      2077         1         2        30         2         1         4         0         1      2759
         2      2077         1         2        31        10         1         0         1         1      2037
         2      2077         1         2        32         7         1         4         0         1      6271
         2      2077         1         2        33         5         1         8         0         1      3295
         2      2077         1         2        34         8         2         8         1         1      1766
         2      2077         1         2        35         6         1         4         0         1      3946
         2      2077         1         2        36        10         1         0         1         1      1241
         2      2077         1         2        37         5         2         5         1         1      3186
         2      2077         1         2        38         3         1         7         0         1      2766
         2      2077         1         2        39         6         1         7         0         1      1306
         2      2077         1         2        40         3         1         3         1         1      3570
         2      2077         1         3         1         9         2         2         0         1      3377
         2      2077         1         3         2        10         1         0         1         1      1287
         2      2077         1         3         3         1         1         2         0         1      2510
         2      2077         1         3         4         2         1         2         1         1      1014
         2      2077         1         3         5        10         2         0         1         1      3273
         2      2077         1         3         6         6         1         9         0         1      3169
         2      2077         1         3         7         1         1         1         1         1      1773
         2      2077         1         3         8         7         2         2         0         1      1522
         2      2077         1         3         9         3         1         3         1         1      2050
         2      2077         1         3        10         7         2         7         1         1      3739
         2      2077         1         3        11         7         1         2         0         1      2193
         2      2077         1         3        12         1         2         2         0         1      4947
         2      2077         1         3        13        10         1         0         1         1      1274
         2      2077         1         3        14         2         2         2         1         1      1794
         2      2077         1         3        15         4         1         1         0         1      1813
         2      2077         1         3        16         8         2         8         1         1      2472
         2      2077         1         3        17         2         1         2         1         1      2401
         2      2077         1         3        18         6         1         6         1         1      5948
         2      2077         1         3        19         8         2         8         1         1      2490
         2      2077         1         3        20         3         2         9         0         1      5617
         2      2077         1         3        21         2         2         2         1         1      1098
         2      2077         1         3        22         4         2         4         1         1      4874
         2      2077         1         3        23         5         2         5         1         1      2338
         2      2077         1         3        24         1         2         1         1         1      1468
         2      2077         1         3        25         5         1         5         1         1      2204
         2      2077         1         3        26         9         1         9         1         1      4272
         2      2077         1         3        27         7         1         2         0         1      2224
         2      2077         1         3        28         6         2         6         1         1      4356
         2      2077         1         3        29        10         2         0         1         1      3281
         2      2077         1         3        30         5         1         5         1         1      1432
         2      2077         1         3        31         3         2         7         0         1      3722
         2      2077         1         3        32         3         1         3         1         1      3536
         2      2077         1         3        33         6         2         3         0         1      1360
         2      2077         1         3        34         8         1         1         0         1      3173
         2      2077         1         3        35         4         2         4         1         1      2401
         2      2077         1         3        36         5         2         5         1         1      1277
         2      2077         1         3        37         8         1         8         1         1      2422
         2      2077         1         3        38         9         1         9         1         1      1889
         2      2077         1         3        39         4         1         1         0         1      1537
         2      2077         1         3        40         9         2         2         0         1      2079
         2      2077         1         4         1         8         2         8         1         1      2705
         2      2077         1         4         2         9         1         9         1         1      1488
         2      2077         1         4         3         2         2         2         1         1      1424
         2      2077         1         4         4         3         1         3         1         1      1779
         2      2077         1         4         5         4         2         4         1         1      2007
         2      2077         1         4         6        10         1         0         1         1      1891
         2      2077         1         4         7         6         1         9         0         1     12067
         2      2077         1         4         8         6         1         6         1         1      1788
         2      2077         1         4         9         8         2         8         1         1      3392
         2      2077         1         4        10         8         1         8         1         1      7652
         2      2077         1         4        11         1         2         1         1         1      2571
         2      2077         1         4        12         9         1         2         0         1      1024
         2      2077         1         4        13         7         2         9         0         1      4771
         2      2077         1         4        14        10         2         0         1         1      2000
         2      2077         1         4        15         5         2         5         1         1      1836
         2      2077         1         4        16         5         1         5         1         1      1757
         2      2077         1         4        17         9         2         7         0         1      4947
         2      2077         1         4        18         3         2         7         0         1      1465
         2      2077         1         4        19         1         1         1         1         1      1722
         2      2077         1         4        20         8         1         8         1         1      2113
         2      2077         1         4        21        10         2         0         1         1      1321
         2      2077         1         4        22         1         1         1         1         1      1200
         2      2077         1         4        23         5         2         5         1         1      1547
         2      2077         1         4        24         4         2         4         1         1      1800
         2      2077         1         4        25         4         1         1         0         1      4891
         2      2077         1         4        26         6         2         6         1         1      3731
         2      2077         1         4        27         1         2         1         1         1      1207
         2      2077         1         4        28         6         2         6         1         1      1155
         2      2077         1         4        29         9         2         9         1         1      2378
         2      2077         1         4        30         7         2         9         0         1      2493
         2      2077         1         4        31         4         1         4         1         1      5204
         2      2077         1         4        32         2         1         2         1         1      1568
         2      2077         1         4        33         7         1         7         1         1      3277
         2      2077         1         4        34         7         1         7         1         1      1190
         2      2077         1         4        35         3         2         3         1         1      2770
         2      2077         1         4        36        10         1         0         1         1      1343
         2      2077         1         4        37         3         1         3         1         1     15557
         2      2077         1         4        38         5         1         5         1         1      1473
         2      2077         1         4        39         2         1         1         0         1      2976
         2      2077         1         4        40         2         2         2         1         1      1124
         2      2077         1         5         1        10         1         0         1         1      1171
         2      2077         1         5         2         7         1         7         1         1      1904
         2      2077         1         5         3         6         1         6         1         1      3343
         2      2077         1         5         4         1         2         1         1         1      2548
         2      2077         1         5         5         5         2         5         1         1      1528
         2      2077         1         5         6         8         1         8         1         1      3798
         2      2077         1         5         7         7         2         7         1         1      2235
         2      2077         1         5         8         9         2         7         0         1      2878
         2      2077         1         5         9         5         1         5         1         1      1076
         2      2077         1         5        10         8         1         8         1         1      1078
         2      2077         1         5        11         9         1         9         1         1      3702
         2      2077         1         5        12         9         1         9         1         1      1134
         2      2077         1         5        13         9         2         9         1         1      1131
         2      2077         1         5        14         7         2         7         1         1      2522
         2      2077         1         5        15         5         2         5         1         1      1090
         2      2077         1         5        16         8         2         8         1         1      1377
         2      2077         1         5        17        10         2         0         1         1      2006
         2      2077         1         5        18        10         1         0         1         1       657
         2      2077         1         5        19         1         2         1         1         1      1665
         2      2077         1         5        20         2         2         2         1         1       793
         2      2077         1         5        21         4         2         4         1         1      1558
         2      2077         1         5        22         3         2         3         1         1      1955
         2      2077         1         5        23         1         1         1         1         1      4176
         2      2077         1         5        24         6         2         3         0         1      1525
         2      2077         1         5        25         2         1         2         1         1      1315
         2      2077         1         5        26         4         2         4         1         1      1194
         2      2077         1         5        27         1         1         1         1         1      1109
         2      2077         1         5        28         6         2         6         1         1      2644
         2      2077         1         5        29         4         1         4         1         1      2933
         2      2077         1         5        30         6         1         6         1         1      1419
         2      2077         1         5        31         8         2         8         1         1      1517
         2      2077         1         5        32         5         1         5         1         1      1306
         2      2077         1         5        33         2         2         2         1         1       993
         2      2077         1         5        34         2         1         2         1         1       646
         2      2077         1         5        35         3         2         3         1         1      1111
         2      2077         1         5        36        10         2         0         1         1      1463
         2      2077         1         5        37         3         1         3         1         1      1529
         2      2077         1         5        38         4         1         4         1         1      2791
         2      2077         1         5        39         7         1         7         1         1      3555
         2      2077         1         5        40         3         1         3         1         1      1040
         2      2077         1         6         1         4         2         4         1         1      1468
         2      2077         1         6         2         2         1         2         1         1      1166
         2      2077         1         6         3         6         2         3         0         1      3979
         2      2077         1         6         4         7         1         7         1         1      5943
         2      2077         1         6         5         5         2         5         1         1      1188
         2      2077         1         6         6         1         1         1         1         1      1520
         2      2077         1         6         7         3         1         3         1         1      1184
         2      2077         1         6         8         7         2         9         0         1      6183
         2      2077         1         6         9         4         1         4         1         1      1200
         2      2077         1         6        10         8         2         8         1         1      3723
         2      2077         1         6        11        10         1         0         1         1      1667
         2      2077         1         6        12         2         2         2         1         1      1067
         2      2077         1         6        13        10         1         0         1         1      1197
         2      2077         1         6        14         3         1         3         1         1      1049
         2      2077         1         6        15         1         2         1         1         1      2521
         2      2077         1         6        16         7         2         7         1         1      2832
         2      2077         1         6        17         8         1         8         1         1      2715
         2      2077         1         6        18         7         1         7         1         1      3690
         2      2077         1         6        19         3         2         3         1         1      2913
         2      2077         1         6        20         4         1         2         0         1      2536
         2      2077         1         6        21         5         1         5         1         1      1261
         2      2077         1         6        22         2         1         2         1         1      8276
         2      2077         1         6        23         8         2         8         1         1      2004
         2      2077         1         6        24         6         2         6         1         1      4047
         2      2077         1         6        25         3         2         3         1         1      2521
         2      2077         1         6        26         2         2         2         1         1       975
         2      2077         1         6        27         9         1         9         1         1      3573
         2      2077         1         6        28         8         1         8         1         1      2626
         2      2077         1         6        29         5         1         5         1         1      1011
         2      2077         1         6        30         1         2         1         1         1      1253
         2      2077         1         6        31         9         2         9         1         1      1552
         2      2077         1         6        32        10         2         0         1         1      1583
         2      2077         1         6        33        10         2         0         1         1      1068
         2      2077         1         6        34         9         1         9         1         1      2670
         2      2077         1         6        35         1         1         1         1         1      2318
         2      2077         1         6        36         4         2         4         1         1      1277
         2      2077         1         6        37         9         2         9         1         1      1221
         2      2077         1         6        38         5         2         5         1         1      1441
         2      2077         1         6        39         6         1         6         1         1      1634
         2      2077         1         6        40         6         1         6         1         1      1197
         2      2077         2         1         1         9         4         9         1         0      1921
         2      2077         2         1         2         9         1         9         1         1       673
         2      2077         2         1         3         6         3         3         0         0      4529
         2      2077         2         1         4         6         1         6         1         1      2007
         2      2077         2         1         5         5         2         5         1         0      1506
         2      2077         2         1         6         5         4         8         0         0     10159
         2      2077         2         1         7         4         4         1         0         0      5456
         2      2077         2         1         8         6         2         6         1         0      1938
         2      2077         2         1         9         3         1         3         1         1      2081
         2      2077         2         1        10         3         4         6         0         0      2729
         2      2077         2         1        11         2         3         2         1         0      2616
         2      2077         2         1        12         3         3         0         0         0      4188
         2      2077         2         1        13         9         2         9         1         0      3313
         2      2077         2         1        14         2         2         2         1         0      1096
         2      2077         2         1        15         1         2         1         1         0      2215
         2      2077         2         1        16         1         3         2         0         0      7354
         2      2077         2         1        17         4         1         4         1         1      1646
         2      2077         2         1        18         5         3         5         1         0      2871
         2      2077         2         1        19         8         2         8         1         0      1551
         2      2077         2         1        20         4         2         4         1         0      1292
         2      2077         2         1        21        10         4         0         1         0      1235
         2      2077         2         1        22         7         1         7         1         1      4205
         2      2077         2         1        23         7         2         9         0         0      6082
         2      2077         2         1        24         7         4         0         0         0      1514
         2      2077         2         1        25         4         3         4         1         0      2394
         2      2077         2         1        26         8         1         8         1         1      1174
         2      2077         2         1        27         1         1         1         1         1      1042
         2      2077         2         1        28         5         1         5         1         1      1154
         2      2077         2         1        29         9         3         9         1         0      5311
         2      2077         2         1        30        10         2         0         1         0      1911
         2      2077         2         1        31         8         3         8         1         0      2579
         2      2077         2         1        32         1         4         1         1         0      1800
         2      2077         2         1        33         7         3         4         0         0      2620
         2      2077         2         1        34         6         4         5         0         0      2190
         2      2077         2         1        35         2         4         2         1         0      1201
         2      2077         2         1        36         2         1         2         1         1       541
         2      2077         2         1        37        10         3         0         1         0      1652
         2      2077         2         1        38         3         2         3         1         0      2334
         2      2077         2         1        39         8         4         5         0         0      2204
         2      2077         2         1        40        10         1         0         1         1      1424
         2      2077         2         2         1         9         3         9         1         0      4267
         2      2077         2         2         2         3         4         3         1         0      6475
         2      2077         2         2         3         1         1         1         1         0      1491
         2      2077         2         2         4         5         1         5         1         0      1441
         2      2077         2         2         5         3         2         3         1         1      1107
         2      2077         2         2         6         5         4         5         1         0      3970
         2      2077         2         2         7        10         1         0         1         0      1168
         2      2077         2         2         8         7         1         7         1         0      3084
         2      2077         2         2         9         7         4         8         0         0      2941
         2      2077         2         2        10         5         3         5         1         0      1314
         2      2077         2         2        11         3         1         3         1         0      1290
         2      2077         2         2        12         2         3         2         1         0      1329
         2      2077         2         2        13        10         2         0         1         1      1528
         2      2077         2         2        14         5         2         5         1         1      1174
         2      2077         2         2        15         1         2         1         1         1      1217
         2      2077         2         2        16         3         3         0         0         0      2077
         2      2077         2         2        17         6         2         3         0         1      1222
         2      2077         2         2        18         7         2         2         0         1      3345
         2      2077         2         2        19         2         2         2         1         1       919
         2      2077         2         2        20         9         4         9         1         0      3758
         2      2077         2         2        21         8         1         8         1         0      1459
         2      2077         2         2        22         2         4         2         1         0      1347
         2      2077         2         2        23         1         4         1         1         0      1257
         2      2077         2         2        24         8         4         5         0         0      1730
         2      2077         2         2        25         4         4         4         1         0      6678
         2      2077         2         2        26         2         1         2         1         0       967
         2      2077         2         2        27         6         4         5         0         0      1387
         2      2077         2         2        28         9         1         9         1         0      3937
         2      2077         2         2        29         1         3         4         0         0      2576
         2      2077         2         2        30         6         3         5         0         0      1764
         2      2077         2         2        31         4         2         4         1         1      1546
         2      2077         2         2        32         8         2         8         1         1      2919
         2      2077         2         2        33         9         2         7         0         1      6143
         2      2077         2         2        34        10         4         0         1         0      1268
         2      2077         2         2        35         6         1         6         1         0      1454
         2      2077         2         2        36         8         3         8         1         0      1759
         2      2077         2         2        37         4         3         4         1         0      1316
         2      2077         2         2        38         4         1         4         1         0      2059
         2      2077         2         2        39        10         3         0         1         0      1573
         2      2077         2         2        40         7         3         4         0         0      2642
         2      2077         2         3         1         5         1         5         1         1      2481
         2      2077         2         3         2         5         2         5         1         0       905
         2      2077         2         3         3         9         3         9         1         0      1617
         2      2077         2         3         4         6         2         6         1         0      1981
         2      2077         2         3         5         8         2         8         1         0      2040
         2      2077         2         3         6         5         3         5         1         0      1121
         2      2077         2         3         7         4         1         4         1         1      1519
         2      2077         2         3         8         7         4         0         0         0      1277
         2      2077         2         3         9         2         1         2         1         1      1221
         2      2077         2         3        10         8         1         8         1         1      1281
         2      2077         2         3        11         1         3         4         0         0      1755
         2      2077         2         3        12         7         2         9         0         0      3216
         2      2077         2         3        13         8         4         5         0         0      2939
         2      2077         2         3        14         4         2         4         1         0      1440
         2      2077         2         3        15         2         2         2         1         0      1138
         2      2077         2         3        16         6         4         5         0         0      1408
         2      2077         2         3        17         7         3         0         0         0      2211
         2      2077         2         3        18         7         1         9         0         1      1430
         2      2077         2         3        19         9         4         9         1         0      2408
         2      2077         2         3        20        10         3         0         1         0      1221
         2      2077         2         3        21         1         1         1         1         1      1854
         2      2077         2         3        22         1         4         1         1         0      2431
         2      2077         2         3        23         3         2         3         1         0      1432
         2      2077         2         3        24        10         4         0         1         0      1066
         2      2077         2         3        25         5         4         5         1         0      1580
         2      2077         2         3        26         9         1         2         0         1      1432
         2      2077         2         3        27         4         4         4         1         0      3225
         2      2077         2         3        28        10         2         0         1         0      1107
         2      2077         2         3        29         8         3         8         1         0      2513
         2      2077         2         3        30        10         1         0         1         1      1225
         2      2077         2         3        31         4         3         3         0         0      2484
         2      2077         2         3        32         2         4         2         1         0      1452
         2      2077         2         3        33         2         3         1         0         0      2528
         2      2077         2         3        34         6         1         6         1         1      1411
         2      2077         2         3        35         6         3         5         0         0      1399
         2      2077         2         3        36         3         3         0         0         0      1403
         2      2077         2         3        37         3         1         3         1         1      3984
         2      2077         2         3        38         9         2         2         0         0      1885
         2      2077         2         3        39         3         4         3         1         0      2541
         2      2077         2         3        40         1         2         1         1         0      1185
         2      2077         2         4         1         4         1         4         1         0      2160
         2      2077         2         4         2         6         2         6         1         1      2150
         2      2077         2         4         3         9         3         9         1         0      1452
         2      2077         2         4         4         6         1         6         1         0      1245
         2      2077         2         4         5         5         1         5         1         0      1638
         2      2077         2         4         6         2         1         2         1         0      1025
         2      2077         2         4         7         6         3         5         0         0      1283
         2      2077         2         4         8         1         1         1         1         0      1050
         2      2077         2         4         9         7         2         7         1         1      8188
         2      2077         2         4        10        10         4         0         1         0      1376
         2      2077         2         4        11         7         4         7         1         0      2565
         2      2077         2         4        12         2         3         2         1         0      2890
         2      2077         2         4        13         5         4         5         1         0      1730
         2      2077         2         4        14         8         4         8         1         0      1512
         2      2077         2         4        15         5         3         5         1         0      1077
         2      2077         2         4        16         1         3         4         0         0      2023
         2      2077         2         4        17         2         2         2         1         1      1073
         2      2077         2         4        18         4         3         4         1         0      2290
         2      2077         2         4        19        10         3         0         1         0      3187
         2      2077         2         4        20         8         3         8         1         0      1054
         2      2077         2         4        21        10         2         0         1         1      1233
         2      2077         2         4        22         9         1         0         0         0      1403
         2      2077         2         4        23         7         3         4         0         0      2494
         2      2077         2         4        24         1         4         1         1         0      1383
         2      2077         2         4        25         8         1         8         1         0      1100
         2      2077         2         4        26         3         1         3         1         0      1276
         2      2077         2         4        27         3         3         0         0         0      1702
         2      2077         2         4        28         6         4         5         0         0      1164
         2      2077         2         4        29         3         4         3         1         0      2058
         2      2077         2         4        30         5         2         5         1         1      1138
         2      2077         2         4        31         8         2         8         1         1      7727
         2      2077         2         4        32         9         2         9         1         1      2582
         2      2077         2         4        33        10         1         0         1         0       956
         2      2077         2         4        34         2         4         2         1         0      1138
         2      2077         2         4        35         9         4         9         1         0      1215
         2      2077         2         4        36         4         4         4         1         0      2728
         2      2077         2         4        37         1         2         1         1         1      1237
         2      2077         2         4        38         7         1         7         1         0      2847
         2      2077         2         4        39         4         2         4         1         1      1321
         2      2077         2         4        40         3         2         3         1         1      1119
