Condition Subject Session Block Trial Subtype Token Response Correct Feedback RT 
         4      4131         1         1         1         8         2         1         0         1      9554
         4      4131         1         1         2         9         1         6         0         1     10177
         4      4131         1         1         3         2         1         7         0         1      7189
         4      4131         1         1         4         3         2         3         1         1      5217
         4      4131         1         1         5         9         2         6         0         1      3996
         4      4131         1         1         6         7         2         1         0         1      2280
         4      4131         1         1         7         7         1         7         1         1      6856
         4      4131         1         1         8         2         2         4         0         1      4066
         4      4131         1         1         9         9         1         9         1         1      4395
         4      4131         1         1        10         3         1         5         0         1      3223
         4      4131         1         1        11         6         2         4         0         1      5970
         4      4131         1         1        12         1         1         7         0         1      5471
         4      4131         1         1        13         1         1         1         1         1      5600
         4      4131         1         1        14         8         2         7         0         1      4796
         4      4131         1         1        15         3         2         3         1         1      4967
         4      4131         1         1        16        10         2         8         0         1      3405
         4      4131         1         1        17         2         2         2         1         1      1921
         4      4131         1         1        18         3         1         3         1         1      3088
         4      4131         1         1        19         6         2         6         1         1      1888
         4      4131         1         1        20         5         2         3         0         1      3472
         4      4131         1         1        21         9         2         9         1         1      4353
         4      4131         1         1        22         5         1         5         1         1      3935
         4      4131         1         1        23         1         2         4         0         1      3278
         4      4131         1         1        24         4         1         4         1         1      2693
         4      4131         1         1        25         8         1         0         0         1      5429
         4      4131         1         1        26         2         1         2         1         1      1527
         4      4131         1         1        27         5         1         5         1         1      2775
         4      4131         1         1        28         1         2         1         1         1      1380
         4      4131         1         1        29         4         2         4         1         1      1976
         4      4131         1         1        30         5         2         3         0         1      2164
         4      4131         1         1        31         4         1         4         1         1      1769
         4      4131         1         1        32         6         1         8         0         1      5085
         4      4131         1         1        33        10         2         0         1         1      2126
         4      4131         1         1        34         8         1         8         1         1      2693
         4      4131         1         1        35        10         1         2         0         1      6308
         4      4131         1         1        36         7         2         1         0         1      1205
         4      4131         1         1        37         4         2         4         1         1      1808
         4      4131         1         1        38         7         1         1         0         1      2452
         4      4131         1         1        39        10         1         0         1         1      1676
         4      4131         1         1        40         6         1         6         1         1      2436
         4      4131         1         2         1         3         2         3         1         1      2253
         4      4131         1         2         2         8         2         7         0         1      3552
         4      4131         1         2         3         6         2         6         1         1     11326
         4      4131         1         2         4         1         1         7         0         1      6373
         4      4131         1         2         5         7         2         8         0         1      2915
         4      4131         1         2         6         2         2         2         1         1      2137
         4      4131         1         2         7         3         1         3         1         1      2736
         4      4131         1         2         8         3         2         3         1         1      1421
         4      4131         1         2         9        10         2         0         1         1      1777
         4      4131         1         2        10         3         1         3         1         1      1174
         4      4131         1         2        11         9         1         9         1         1      2371
         4      4131         1         2        12        10         1         0         1         1      1342
         4      4131         1         2        13         9         2         9         1         1      1908
         4      4131         1         2        14         7         2         7         1         1      3780
         4      4131         1         2        15         2         1         2         1         1       969
         4      4131         1         2        16         1         2         1         1         1      1518
         4      4131         1         2        17         8         2         8         1         1      3421
         4      4131         1         2        18         5         2         3         0         1      2480
         4      4131         1         2        19         6         1         6         1         1      2727
         4      4131         1         2        20         8         1         8         1         1      6294
         4      4131         1         2        21         7         1         7         1         1      3462
         4      4131         1         2        22        10         1         0         1         1      1350
         4      4131         1         2        23         2         1         2         1         1       956
         4      4131         1         2        24        10         2         0         1         1      1299
         4      4131         1         2        25         1         2         1         1         1      1003
         4      4131         1         2        26         4         1         4         1         1      1693
         4      4131         1         2        27         6         2         6         1         1      1782
         4      4131         1         2        28         1         1         1         1         1      6218
         4      4131         1         2        29         5         1         5         1         1      2910
         4      4131         1         2        30         6         1         6         1         1      1700
         4      4131         1         2        31         2         2         2         1         1       892
         4      4131         1         2        32         9         2         9         1         1      1860
         4      4131         1         2        33         4         2         4         1         1      1830
         4      4131         1         2        34         5         1         5         1         1      2265
         4      4131         1         2        35         4         1         4         1         1      1288
         4      4131         1         2        36         9         1         9         1         1      1841
         4      4131         1         2        37         5         2         5         1         1      3715
         4      4131         1         2        38         7         1         1         0         1      8027
         4      4131         1         2        39         4         2         4         1         1      5878
         4      4131         1         2        40         8         1         8         1         1      2758
         4      4131         1         3         1         9         1         9         1         1      1722
         4      4131         1         3         2         5         2         5         1         1      4720
         4      4131         1         3         3         4         2         4         1         1      1183
         4      4131         1         3         4         1         2         1         1         1       972
         4      4131         1         3         5         6         1         6         1         1      1952
         4      4131         1         3         6         1         1         7         0         1      6014
         4      4131         1         3         7         4         1         4         1         1      1544
         4      4131         1         3         8         3         1         3         1         1      2310
         4      4131         1         3         9         5         2         5         1         1      2517
         4      4131         1         3        10         2         1         2         1         1       908
         4      4131         1         3        11        10         2         0         1         1      1029
         4      4131         1         3        12         2         1         2         1         1       728
         4      4131         1         3        13         3         2         3         1         1      1910
         4      4131         1         3        14         7         1         7         1         1      6870
         4      4131         1         3        15         9         2         9         1         1      1183
         4      4131         1         3        16         6         1         6         1         1      1771
         4      4131         1         3        17         6         2         6         1         1      1055
         4      4131         1         3        18        10         2         0         1         1       674
         4      4131         1         3        19         9         1         9         1         1       819
         4      4131         1         3        20         1         1         1         1         1      6142
         4      4131         1         3        21         5         1         3         0         1      3733
         4      4131         1         3        22         8         2         8         1         1      3805
         4      4131         1         3        23        10         1         0         1         1      1263
         4      4131         1         3        24         4         2         4         1         1      2600
         4      4131         1         3        25         4         1         4         1         1      2042
         4      4131         1         3        26         6         2         6         1         1      1956
         4      4131         1         3        27         8         1         8         1         1      2066
         4      4131         1         3        28         3         1         3         1         1      1755
         4      4131         1         3        29         7         2         7         1         1     29777
         4      4131         1         3        30         8         1         8         1         1      2934
         4      4131         1         3        31        10         1         0         1         1       699
         4      4131         1         3        32         3         2         3         1         1      1754
         4      4131         1         3        33         9         2         9         1         1      2127
         4      4131         1         3        34         2         2         2         1         1      1047
         4      4131         1         3        35         7         1         7         1         1      6664
         4      4131         1         3        36         8         2         8         1         1      3546
         4      4131         1         3        37         1         2         1         1         1       936
         4      4131         1         3        38         2         2         2         1         1       719
         4      4131         1         3        39         7         2         7         1         1      4734
         4      4131         1         3        40         5         1         5         1         1      4301
         4      4131         1         4         1        10         2         0         1         1      1685
         4      4131         1         4         2         9         2         9         1         1       893
         4      4131         1         4         3        10         2         0         1         1       886
         4      4131         1         4         4        10         1         0         1         1       638
         4      4131         1         4         5         6         2         6         1         1      1616
         4      4131         1         4         6         5         2         5         1         1      4954
         4      4131         1         4         7         5         1         5         1         1      2720
         4      4131         1         4         8        10         1         0         1         1       766
         4      4131         1         4         9         4         2         4         1         1      1643
         4      4131         1         4        10         2         1         2         1         1      1045
         4      4131         1         4        11         3         2         3         1         1      1927
         4      4131         1         4        12         4         1         4         1         1      1076
         4      4131         1         4        13         2         1         2         1         1       870
         4      4131         1         4        14         5         2         5         1         1      2622
         4      4131         1         4        15         8         1         8         1         1      2689
         4      4131         1         4        16         3         1         3         1         1      1697
         4      4131         1         4        17         1         1         1         1         1      3721
         4      4131         1         4        18         9         1         9         1         1      1312
         4      4131         1         4        19         9         1         9         1         1      1606
         4      4131         1         4        20         1         2         1         1         1       962
         4      4131         1         4        21         6         2         6         1         1      1159
         4      4131         1         4        22         2         2         2         1         1       757
         4      4131         1         4        23         7         2         7         1         1      4323
         4      4131         1         4        24         9         2         9         1         1      1378
         4      4131         1         4        25         8         2         8         1         1      2759
         4      4131         1         4        26         3         1         3         1         1      1477
         4      4131         1         4        27         8         2         8         1         1      2119
         4      4131         1         4        28         6         1         6         1         1      1629
         4      4131         1         4        29         8         1         8         1         1      2982
         4      4131         1         4        30         2         2         2         1         1       939
         4      4131         1         4        31         7         1         7         1         1      2946
         4      4131         1         4        32         4         2         4         1         1      1416
         4      4131         1         4        33         4         1         4         1         1      1242
         4      4131         1         4        34         6         1         6         1         1      1619
         4      4131         1         4        35         3         2         3         1         1      1693
         4      4131         1         4        36         1         1         1         1         1      1957
         4      4131         1         4        37         7         2         7         1         1      3475
         4      4131         1         4        38         7         1         7         1         1      1669
         4      4131         1         4        39         1         2         1         1         1       702
         4      4131         1         4        40         5         1         5         1         1      2318
         4      4131         1         5         1        10         2         0         1         1       910
         4      4131         1         5         2        10         2         0         1         1       855
         4      4131         1         5         3         3         2         3         1         1      1312
         4      4131         1         5         4         2         1         2         1         1       775
         4      4131         1         5         5         7         1         7         1         1      3317
         4      4131         1         5         6         7         2         7         1         1      1837
         4      4131         1         5         7         4         1         4         1         1      1694
         4      4131         1         5         8         7         2         7         1         1      1110
         4      4131         1         5         9         8         1         8         1         1      1510
         4      4131         1         5        10         1         1         1         1         1       886
         4      4131         1         5        11        10         1         0         1         1       861
         4      4131         1         5        12         2         1         2         1         1       711
         4      4131         1         5        13         2         2         2         1         1       583
         4      4131         1         5        14         4         2         4         1         1      1243
         4      4131         1         5        15         9         1         9         1         1      1093
         4      4131         1         5        16         6         1         6         1         1      1173
         4      4131         1         5        17         6         1         6         1         1      2209
         4      4131         1         5        18         6         2         6         1         1       916
         4      4131         1         5        19         9         2         9         1         1      1530
         4      4131         1         5        20         2         2         2         1         1       889
         4      4131         1         5        21         5         1         5         1         1      4082
         4      4131         1         5        22         6         2         6         1         1      1066
         4      4131         1         5        23         9         2         9         1         1       971
         4      4131         1         5        24         4         2         4         1         1      2063
         4      4131         1         5        25         5         1         5         1         1      2489
         4      4131         1         5        26         1         2         1         1         1      1137
         4      4131         1         5        27         9         1         9         1         1       960
         4      4131         1         5        28         7         1         7         1         1      2406
         4      4131         1         5        29         3         1         3         1         1      1794
         4      4131         1         5        30        10         1         0         1         1       772
         4      4131         1         5        31         8         2         8         1         1      3938
         4      4131         1         5        32         4         1         4         1         1      1151
         4      4131         1         5        33         8         2         8         1         1      1246
         4      4131         1         5        34         1         1         1         1         1      1448
         4      4131         1         5        35         1         2         1         1         1       730
         4      4131         1         5        36         5         2         5         1         1      2568
         4      4131         1         5        37         5         2         5         1         1      1180
         4      4131         1         5        38         8         1         8         1         1      1864
         4      4131         1         5        39         3         2         3         1         1      1209
         4      4131         1         5        40         3         1         3         1         1       885
         4      4131         1         6         1         8         2         8         1         1      1146
         4      4131         1         6         2         3         2         3         1         1      1416
         4      4131         1         6         3         8         1         8         1         1      1226
         4      4131         1         6         4         5         2         5         1         1      1605
         4      4131         1         6         5         6         1         6         1         1      1055
         4      4131         1         6         6         7         2         7         1         1      2097
         4      4131         1         6         7         2         1         2         1         1       953
         4      4131         1         6         8         3         1         3         1         1      1247
         4      4131         1         6         9         2         2         2         1         1       761
         4      4131         1         6        10         9         1         9         1         1      1590
         4      4131         1         6        11         8         2         8         1         1      3683
         4      4131         1         6        12         2         1         2         1         1       716
         4      4131         1         6        13         7         2         7         1         1      3195
         4      4131         1         6        14         1         1         1         1         1       871
         4      4131         1         6        15         9         2         9         1         1      1055
         4      4131         1         6        16        10         2         0         1         1       978
         4      4131         1         6        17         4         1         4         1         1      1158
         4      4131         1         6        18         3         2         3         1         1      1139
         4      4131         1         6        19         9         2         9         1         1      1217
         4      4131         1         6        20         6         1         6         1         1      1147
         4      4131         1         6        21        10         1         0         1         1       887
         4      4131         1         6        22         4         2         4         1         1      1727
         4      4131         1         6        23         1         2         1         1         1       855
         4      4131         1         6        24         4         1         4         1         1      1023
         4      4131         1         6        25        10         1         0         1         1       785
         4      4131         1         6        26         2         2         2         1         1       845
         4      4131         1         6        27         4         2         4         1         1      1047
         4      4131         1         6        28         5         1         5         1         1      2632
         4      4131         1         6        29         7         1         7         1         1      2396
         4      4131         1         6        30         8         1         8         1         1      2151
         4      4131         1         6        31         6         2         6         1         1      1149
         4      4131         1         6        32         1         1         1         1         1       859
         4      4131         1         6        33         6         2         6         1         1      1108
         4      4131         1         6        34         1         2         1         1         1       692
         4      4131         1         6        35         5         1         5         1         1      3605
         4      4131         1         6        36         5         2         3         0         1      2656
         4      4131         1         6        37         9         1         9         1         1      3041
         4      4131         1         6        38         7         1         7         1         1      1940
         4      4131         1         6        39        10         2         0         1         1       916
         4      4131         1         6        40         3         1         3         1         1      1419
         4      4131         2         1         1         8         3         7         0         0     24173
         4      4131         2         1         2         1         2         1         1         0      1715
         4      4131         2         1         3        10         4         1         0         0     10042
         4      4131         2         1         4         4         1         4         1         1      1828
         4      4131         2         1         5         8         1         8         1         1      5478
         4      4131         2         1         6         4         4         4         1         0      1766
         4      4131         2         1         7         4         2         4         1         0       635
         4      4131         2         1         8         9         2         9         1         0      2188
         4      4131         2         1         9         7         3         7         1         0      8800
         4      4131         2         1        10         5         4         5         1         0      6828
         4      4131         2         1        11         5         3         1         0         0      2662
         4      4131         2         1        12         5         1         5         1         1      2647
         4      4131         2         1        13         3         4         3         1         0      2664
         4      4131         2         1        14         8         2         8         1         0      2170
         4      4131         2         1        15         8         4         8         1         0      6910
         4      4131         2         1        16         9         3         9         1         0      1303
         4      4131         2         1        17         2         4         2         1         0      1231
         4      4131         2         1        18         7         4         4         0         0      3898
         4      4131         2         1        19         6         2         6         1         0      1754
         4      4131         2         1        20         3         2         3         1         0      1358
         4      4131         2         1        21        10         1         0         1         1      1714
         4      4131         2         1        22         3         3         3         1         0      2697
         4      4131         2         1        23         2         1         2         1         1      1001
         4      4131         2         1        24         2         3         2         1         0       861
         4      4131         2         1        25         6         1         6         1         1      1285
         4      4131         2         1        26         9         1         9         1         1      1326
         4      4131         2         1        27         1         4         1         1         0     19171
         4      4131         2         1        28         1         3         4         0         0      4720
         4      4131         2         1        29         6         4         7         0         0      4335
         4      4131         2         1        30         4         3         4         1         0      1613
         4      4131         2         1        31         2         2         2         1         0      1112
         4      4131         2         1        32         7         2         7         1         0      3560
         4      4131         2         1        33         6         3         6         1         0      4837
         4      4131         2         1        34         9         4         9         1         0      3103
         4      4131         2         1        35         5         2         5         1         0      2431
         4      4131         2         1        36        10         3         0         1         0      4185
         4      4131         2         1        37         7         1         7         1         1      1998
         4      4131         2         1        38        10         2         0         1         0      1418
         4      4131         2         1        39         3         1         3         1         1      1214
         4      4131         2         1        40         1         1         1         1         1      4345
         4      4131         2         2         1         8         4         7         0         0     15402
         4      4131         2         2         2         4         3         4         1         0      1134
         4      4131         2         2         3         5         1         5         1         0      3869
         4      4131         2         2         4        10         4         0         1         0      3055
         4      4131         2         2         5         2         1         2         1         0      1041
         4      4131         2         2         6         6         4         7         0         0     23507
         4      4131         2         2         7         9         3         9         1         0      1778
         4      4131         2         2         8         3         3         3         1         0      1894
         4      4131         2         2         9        10         2         0         1         1      1335
         4      4131         2         2        10         9         1         9         1         0      1198
         4      4131         2         2        11         6         2         6         1         1      1034
         4      4131         2         2        12         5         3         3         0         0     18251
         4      4131         2         2        13         2         2         2         1         1      1469
         4      4131         2         2        14         3         2         3         1         1      5390
         4      4131         2         2        15         6         1         6         1         0      2481
         4      4131         2         2        16         4         4         4         1         0      1369
         4      4131         2         2        17         5         4         5         1         0      2046
         4      4131         2         2        18         8         3         8         1         0     10040
         4      4131         2         2        19         7         3         7         1         0     10755
         4      4131         2         2        20         1         2         1         1         1      1169
         4      4131         2         2        21         1         4         4         0         0     22750
         4      4131         2         2        22         5         2         5         1         1      1932
         4      4131         2         2        23         2         4         2         1         0      1099
         4      4131         2         2        24        10         1         0         1         0      1562
         4      4131         2         2        25         8         1         8         1         0      8006
         4      4131         2         2        26         2         3         2         1         0       995
         4      4131         2         2        27         1         1         1         1         0      1096
         4      4131         2         2        28         4         2         4         1         1      2056
         4      4131         2         2        29         3         1         3         1         0      3602
         4      4131         2         2        30        10         3         0         1         0      1533
         4      4131         2         2        31         9         2         9         1         1      1051
         4      4131         2         2        32         1         3         4         0         0      1501
         4      4131         2         2        33         7         4         4         0         0     24700
         4      4131         2         2        34         6         3         6         1         0      2203
         4      4131         2         2        35         8         2         8         1         1      1680
         4      4131         2         2        36         7         1         7         1         0      2665
         4      4131         2         2        37         4         1         4         1         0      1386
         4      4131         2         2        38         9         4         9         1         0      1487
         4      4131         2         2        39         3         4         3         1         0      1390
         4      4131         2         2        40         7         2         7         1         1      1459
         4      4131         2         3         1         5         1         5         1         1      2645
         4      4131         2         3         2         9         1         9         1         1      1560
         4      4131         2         3         3        10         4         0         1         0      1911
         4      4131         2         3         4        10         3         0         1         0      1398
         4      4131         2         3         5         2         4         2         1         0      1194
         4      4131         2         3         6         2         2         2         1         0       983
         4      4131         2         3         7         2         1         2         1         1       571
         4      4131         2         3         8         2         3         2         1         0       897
         4      4131         2         3         9         5         2         5         1         0      1977
         4      4131         2         3        10         3         3         3         1         0      1862
         4      4131         2         3        11         1         2         1         1         0      1144
         4      4131         2         3        12         6         4         7         0         0      9975
         4      4131         2         3        13         5         4         5         1         0      1476
         4      4131         2         3        14         8         4         8         1         0      7029
         4      4131         2         3        15         7         3         7         1         0      2760
         4      4131         2         3        16         7         4         4         0         0      3830
         4      4131         2         3        17         6         3         6         1         0      1865
         4      4131         2         3        18         9         4         9         1         0      1147
         4      4131         2         3        19         8         3         8         1         0      4586
         4      4131         2         3        20         3         4         3         1         0      1166
         4      4131         2         3        21         9         2         9         1         0      1131
         4      4131         2         3        22         6         2         6         1         0      1034
         4      4131         2         3        23         8         1         8         1         1      1500
         4      4131         2         3        24         7         1         7         1         1      1596
         4      4131         2         3        25         6         1         6         1         1      1096
         4      4131         2         3        26        10         1         0         1         1      1382
         4      4131         2         3        27         8         2         8         1         0      3115
         4      4131         2         3        28         4         4         4         1         0      1226
         4      4131         2         3        29         1         1         1         1         1      1189
         4      4131         2         3        30         4         3         4         1         0      1154
         4      4131         2         3        31         4         1         4         1         1      1070
         4      4131         2         3        32        10         2         0         1         0      1313
         4      4131         2         3        33         3         2         3         1         0      1096
         4      4131         2         3        34         4         2         4         1         0      1016
         4      4131         2         3        35         3         1         3         1         1      1610
         4      4131         2         3        36         5         3         1         0         0      2567
         4      4131         2         3        37         7         2         7         1         0      1165
         4      4131         2         3        38         1         4         2         0         0     10282
         4      4131         2         3        39         1         3         4         0         0      1418
         4      4131         2         3        40         9         3         9         1         0      1246
         4      4131         2         4         1         4         2         4         1         1      1331
         4      4131         2         4         2         3         1         3         1         0       970
         4      4131         2         4         3         7         3         7         1         0     20912
         4      4131         2         4         4         1         3         4         0         0      1383
         4      4131         2         4         5         5         3         1         0         0      1708
         4      4131         2         4         6         9         2         9         1         1      1524
         4      4131         2         4         7         2         4         2         1         0      1059
         4      4131         2         4         8        10         4         0         1         0      1367
         4      4131         2         4         9         8         3         8         1         0      9357
         4      4131         2         4        10        10         2         0         1         1      1940
         4      4131         2         4        11         2         2         2         1         1       963
         4      4131         2         4        12         5         1         5         1         0      2313
         4      4131         2         4        13         2         3         2         1         0      1017
         4      4131         2         4        14         5         2         5         1         1      2316
         4      4131         2         4        15         2         1         2         1         0       923
         4      4131         2         4        16         6         4         6         1         0     21826
         4      4131         2         4        17        10         1         0         1         0      1252
         4      4131         2         4        18        10         3         0         1         0       957
         4      4131         2         4        19         7         2         7         1         1      4324
         4      4131         2         4        20         8         2         8         1         1      2660
         4      4131         2         4        21         9         3         9         1         0      1110
         4      4131         2         4        22         3         4         3         1         0      2069
         4      4131         2         4        23         8         1         8         1         0      1118
         4      4131         2         4        24         1         1         1         1         0      4542
         4      4131         2         4        25         6         1         6         1         0      2116
         4      4131         2         4        26         7         1         7         1         0      4827
         4      4131         2         4        27         7         4         2         0         0      3717
         4      4131         2         4        28         1         2         1         1         1       925
         4      4131         2         4        29         5         4         5         1         0      1333
         4      4131         2         4        30         4         3         4         1         0       971
         4      4131         2         4        31         3         3         3         1         0      1009
         4      4131         2         4        32         9         4         9         1         0      1412
         4      4131         2         4        33         1         4         2         0         0      1351
         4      4131         2         4        34         4         4         4         1         0      1292
         4      4131         2         4        35         8         4         7         0         0     53204
         4      4131         2         4        36         6         3         6         1         0      1599
         4      4131         2         4        37         3         2         3         1         1      1098
         4      4131         2         4        38         4         1         4         1         0      1081
         4      4131         2         4        39         6         2         6         1         1      1080
         4      4131         2         4        40         9         1         9         1         0      1289
