Condition Subject Session Block Trial Subtype Token Response Correct Feedback RT 
         1      1001         1         1         1         8         2         5         0         1     18964
         1      1001         1         1         2         7         1         6         0         1     10064
         1      1001         1         1         3         7         2         9         0         1     12824
         1      1001         1         1         4         5         1         5         1         1      4114
         1      1001         1         1         5         3         1         3         1         1      3832
         1      1001         1         1         6         5         2         5         1         1      6121
         1      1001         1         1         7         6         2         6         1         1      4718
         1      1001         1         1         8         8         1         3         0         1      6236
         1      1001         1         1         9         3         2         2         0         1      4637
         1      1001         1         1        10         7         2         8         0         1      9167
         1      1001         1         1        11         8         2         8         1         1      8812
         1      1001         1         1        12         3         2         7         0         1      9911
         1      1001         1         1        13         4         2         1         0         1      6659
         1      1001         1         1        14         5         2         5         1         1      5461
         1      1001         1         1        15         4         2         4         1         1      4821
         1      1001         1         1        16        10         2         4         0         1     13615
         1      1001         1         1        17        10         1         0         1         1      3270
         1      1001         1         1        18         1         2         3         0         1      4318
         1      1001         1         1        19         9         2         9         1         1      5115
         1      1001         1         1        20         8         1         1         0         1      5401
         1      1001         1         1        21         4         1         8         0         1      6444
         1      1001         1         1        22         9         1         9         1         1      3508
         1      1001         1         1        23         4         1         8         0         1      2916
         1      1001         1         1        24         9         2         9         1         1      2123
         1      1001         1         1        25         1         1         5         0         1      8927
         1      1001         1         1        26         2         2         4         0         1      6069
         1      1001         1         1        27         2         1         6         0         1      4444
         1      1001         1         1        28         1         2         0         0         1      9158
         1      1001         1         1        29         6         1         6         1         1      2163
         1      1001         1         1        30        10         1         4         0         1      5222
         1      1001         1         1        31         6         1         6         1         1      1952
         1      1001         1         1        32         1         1         0         0         1      5404
         1      1001         1         1        33         3         1         5         0         1      8576
         1      1001         1         1        34         9         1         9         1         1      1923
         1      1001         1         1        35         2         2         2         1         1      6531
         1      1001         1         1        36         2         1         2         1         1      3050
         1      1001         1         1        37        10         2         0         1         1      2555
         1      1001         1         1        38         7         1         1         0         1      8081
         1      1001         1         1        39         6         2         6         1         1      1801
         1      1001         1         1        40         5         1         7         0         1      3165
         1      1001         1         2         1         5         2         5         1         1      2569
         1      1001         1         2         2         6         1         6         1         1      1550
         1      1001         1         2         3         3         2         2         0         1      3723
         1      1001         1         2         4         8         1         1         0         1      2147
         1      1001         1         2         5         2         2         2         1         1      4136
         1      1001         1         2         6         6         2         6         1         1      1517
         1      1001         1         2         7         2         1         2         1         1      9116
         1      1001         1         2         8         9         1         9         1         1      1914
         1      1001         1         2         9         1         2         8         0         1      9610
         1      1001         1         2        10         7         1         1         0         1      3494
         1      1001         1         2        11         5         1         7         0         1      3670
         1      1001         1         2        12         8         2         5         0         1      6799
         1      1001         1         2        13         7         1         1         0         1      3739
         1      1001         1         2        14        10         2         0         1         1      3282
         1      1001         1         2        15         1         1         0         0         1      1801
         1      1001         1         2        16         4         1         7         0         1      6621
         1      1001         1         2        17         4         1         4         1         1      3104
         1      1001         1         2        18         4         2         4         1         1      4127
         1      1001         1         2        19         4         2         4         1         1      1413
         1      1001         1         2        20         9         2         9         1         1      1624
         1      1001         1         2        21         9         2         9         1         1      1538
         1      1001         1         2        22        10         2         0         1         1      1762
         1      1001         1         2        23         8         2         7         0         1     17766
         1      1001         1         2        24         3         2         3         1         1      7099
         1      1001         1         2        25         8         1         1         0         1      4218
         1      1001         1         2        26         1         2         1         1         1      5534
         1      1001         1         2        27         7         2         2         0         1     12844
         1      1001         1         2        28        10         1         5         0         1      3172
         1      1001         1         2        29         5         2         8         0         1     10481
         1      1001         1         2        30         3         1         5         0         1      1946
         1      1001         1         2        31         1         1         1         1         1      8086
         1      1001         1         2        32         5         1         5         1         1      5535
         1      1001         1         2        33         7         2         3         0         1      3534
         1      1001         1         2        34         6         1         6         1         1      1660
         1      1001         1         2        35         3         1         8         0         1      9830
         1      1001         1         2        36         2         1         2         1         1      6216
         1      1001         1         2        37         2         2         2         1         1      9019
         1      1001         1         2        38        10         1         1         0         1     14477
         1      1001         1         2        39         6         2         6         1         1      1525
         1      1001         1         2        40         9         1         9         1         1      1396
         1      1001         1         3         1         9         1         9         1         1      1851
         1      1001         1         3         2         4         2         5         0         1      4749
         1      1001         1         3         3         3         2         7         0         1      3739
         1      1001         1         3         4         7         1         8         0         1      8851
         1      1001         1         3         5         4         1         4         1         1      5293
         1      1001         1         3         6         6         1         6         1         1      1589
         1      1001         1         3         7         9         2         9         1         1      1233
         1      1001         1         3         8         6         2         6         1         1      1403
         1      1001         1         3         9         9         1         9         1         1      1341
         1      1001         1         3        10         2         2         2         1         1      3620
         1      1001         1         3        11         8         1         7         0         1     17550
         1      1001         1         3        12         8         2         7         0         1      7676
         1      1001         1         3        13         4         2         2         0         1      3972
         1      1001         1         3        14         1         2         5         0         1      7169
         1      1001         1         3        15         6         2         6         1         1      1725
         1      1001         1         3        16         6         1         6         1         1      1124
         1      1001         1         3        17         2         1         2         1         1      3955
         1      1001         1         3        18        10         2         0         1         1      1938
         1      1001         1         3        19         5         2         3         0         1      6352
         1      1001         1         3        20         3         2         3         1         1      3855
         1      1001         1         3        21         5         2         5         1         1      2417
         1      1001         1         3        22         4         1         8         0         1      7500
         1      1001         1         3        23        10         2         0         1         1      1277
         1      1001         1         3        24         2         1         2         1         1      2038
         1      1001         1         3        25         7         2         3         0         1      5057
         1      1001         1         3        26         5         1         7         0         1      5251
         1      1001         1         3        27         3         1         1         0         1      2973
         1      1001         1         3        28        10         1         4         0         1      6449
         1      1001         1         3        29         2         2         2         1         1      1643
         1      1001         1         3        30         5         1         5         1         1      3878
         1      1001         1         3        31         8         1         8         1         1      5206
         1      1001         1         3        32         1         2         4         0         1      5730
         1      1001         1         3        33         1         1         1         1         1      4711
         1      1001         1         3        34        10         1         0         1         1      2037
         1      1001         1         3        35         7         1         8         0         1      4640
         1      1001         1         3        36         9         2         9         1         1      1411
         1      1001         1         3        37         1         1         1         1         1      4132
         1      1001         1         3        38         8         2         7         0         1      4603
         1      1001         1         3        39         3         1         3         1         1      6287
         1      1001         1         3        40         7         2         8         0         1      6464
         1      1001         1         4         1        10         1         0         1         1      1701
         1      1001         1         4         2         9         2         9         1         1      1644
         1      1001         1         4         3         9         1         9         1         1      1573
         1      1001         1         4         4         7         2         8         0         1      4418
         1      1001         1         4         5         6         2         6         1         1      2541
         1      1001         1         4         6         8         2         1         0         1      4852
         1      1001         1         4         7         1         2         7         0         1      5309
         1      1001         1         4         8         2         1         2         1         1      1685
         1      1001         1         4         9         8         1         1         0         1      2222
         1      1001         1         4        10         2         2         2         1         1      1377
         1      1001         1         4        11         5         1         5         1         1      4326
         1      1001         1         4        12        10         1         0         1         1      1620
         1      1001         1         4        13         7         1         7         1         1      8784
         1      1001         1         4        14         1         1         1         1         1      2460
         1      1001         1         4        15         6         1         6         1         1      1605
         1      1001         1         4        16         5         1         5         1         1      2481
         1      1001         1         4        17         5         2         1         0         1      3289
         1      1001         1         4        18         4         1         8         0         1      3266
         1      1001         1         4        19         4         2         4         1         1      1947
         1      1001         1         4        20         8         1         1         0         1      5288
         1      1001         1         4        21        10         2         0         1         1      1314
         1      1001         1         4        22         4         1         4         1         1      1706
         1      1001         1         4        23         3         2         3         1         1      2065
         1      1001         1         4        24         4         2         2         0         1      1673
         1      1001         1         4        25         5         2         1         0         1      4034
         1      1001         1         4        26         2         2         2         1         1      1325
         1      1001         1         4        27         9         1         9         1         1      1219
         1      1001         1         4        28         9         2         9         1         1      1231
         1      1001         1         4        29         7         2         3         0         1      4345
         1      1001         1         4        30         8         2         1         0         1      7671
         1      1001         1         4        31         3         2         1         0         1      4337
         1      1001         1         4        32         3         1         3         1         1      2288
         1      1001         1         4        33         1         2         7         0         1      9521
         1      1001         1         4        34         3         1         1         0         1      2272
         1      1001         1         4        35         2         1         2         1         1      1585
         1      1001         1         4        36         7         1         7         1         1     12158
         1      1001         1         4        37         1         1         1         1         1      1347
         1      1001         1         4        38        10         2         0         1         1      1226
         1      1001         1         4        39         6         1         6         1         1      2565
         1      1001         1         4        40         6         2         6         1         1      1290
         1      1001         1         5         1         3         2         3         1         1      3355
         1      1001         1         5         2        10         1         0         1         1      1248
         1      1001         1         5         3         8         1         8         1         1      2297
         1      1001         1         5         4         1         1         1         1         1      1175
         1      1001         1         5         5         4         1         4         1         1      1733
         1      1001         1         5         6         4         2         4         1         1      1515
         1      1001         1         5         7         2         2         2         1         1      1626
         1      1001         1         5         8         8         1         8         1         1      1797
         1      1001         1         5         9         7         1         7         1         1      4522
         1      1001         1         5        10         5         1         1         0         1      8416
         1      1001         1         5        11         3         2         3         1         1      1612
         1      1001         1         5        12         3         1         1         0         1      3544
         1      1001         1         5        13         3         1         3         1         1      1398
         1      1001         1         5        14         6         2         6         1         1      1897
         1      1001         1         5        15         5         2         5         1         1      7209
         1      1001         1         5        16         4         1         4         1         1      1622
         1      1001         1         5        17         7         2         7         1         1      3809
         1      1001         1         5        18         8         2         8         1         1      3381
         1      1001         1         5        19         1         2         1         1         1      5833
         1      1001         1         5        20         9         1         9         1         1      1675
         1      1001         1         5        21         7         2         7         1         1      2756
         1      1001         1         5        22        10         2         0         1         1      1219
         1      1001         1         5        23        10         2         0         1         1      1615
         1      1001         1         5        24         6         1         6         1         1      1642
         1      1001         1         5        25         2         2         2         1         1      1877
         1      1001         1         5        26         2         1         2         1         1      1494
         1      1001         1         5        27         5         2         5         1         1      3718
         1      1001         1         5        28         5         1         7         0         1      2494
         1      1001         1         5        29         6         2         6         1         1      1413
         1      1001         1         5        30         8         2         8         1         1      2520
         1      1001         1         5        31         6         1         6         1         1      1391
         1      1001         1         5        32        10         1         0         1         1      1412
         1      1001         1         5        33         7         1         7         1         1      1864
         1      1001         1         5        34         1         2         1         1         1      3945
         1      1001         1         5        35         9         2         9         1         1      1431
         1      1001         1         5        36         9         2         9         1         1      1466
         1      1001         1         5        37         9         1         9         1         1      1161
         1      1001         1         5        38         2         1         2         1         1      2727
         1      1001         1         5        39         4         2         4         1         1      4181
         1      1001         1         5        40         1         1         1         1         1      1193
         1      1001         1         6         1        10         2         0         1         1      1501
         1      1001         1         6         2         8         2         8         1         1      1741
         1      1001         1         6         3         5         1         5         1         1      5299
         1      1001         1         6         4         6         1         6         1         1      1355
         1      1001         1         6         5         9         1         9         1         1      1392
         1      1001         1         6         6         1         1         1         1         1      1523
         1      1001         1         6         7         4         2         4         1         1      2978
         1      1001         1         6         8         8         1         8         1         1      1990
         1      1001         1         6         9         5         2         5         1         1      3251
         1      1001         1         6        10         7         2         7         1         1      2413
         1      1001         1         6        11         3         1         3         1         1      3672
         1      1001         1         6        12         8         1         8         1         1      1618
         1      1001         1         6        13         2         2         2         1         1      4077
         1      1001         1         6        14         3         2         1         0         1      4021
         1      1001         1         6        15         6         2         6         1         1      1217
         1      1001         1         6        16         1         2         1         1         1      4652
         1      1001         1         6        17         6         2         6         1         1      1230
         1      1001         1         6        18        10         1         0         1         1      1560
         1      1001         1         6        19         3         2         3         1         1      4389
         1      1001         1         6        20         4         1         4         1         1      2434
         1      1001         1         6        21         4         2         4         1         1      1148
         1      1001         1         6        22         9         2         9         1         1      1402
         1      1001         1         6        23         7         1         7         1         1      1823
         1      1001         1         6        24         2         1         2         1         1      2082
         1      1001         1         6        25         1         1         1         1         1      1209
         1      1001         1         6        26         4         1         4         1         1      1654
         1      1001         1         6        27        10         2         0         1         1      1297
         1      1001         1         6        28         8         2         8         1         1      1817
         1      1001         1         6        29         9         1         9         1         1      1243
         1      1001         1         6        30         7         2         7         1         1      1558
         1      1001         1         6        31         5         1         5         1         1      2564
         1      1001         1         6        32         2         1         2         1         1      2297
         1      1001         1         6        33         6         1         6         1         1      1561
         1      1001         1         6        34         1         2         1         1         1      4087
         1      1001         1         6        35         9         2         9         1         1      1151
         1      1001         1         6        36        10         1         0         1         1      1324
         1      1001         1         6        37         5         2         5         1         1      3283
         1      1001         1         6        38         2         2         2         1         1      8092
         1      1001         1         6        39         7         1         7         1         1      1477
         1      1001         1         6        40         3         1         3         1         1      3430
         1      1001         2         1         1         7         4         7         1         0      7301
         1      1001         2         1         2         2         2         2         1         0      1949
         1      1001         2         1         3         8         3         8         1         0      2152
         1      1001         2         1         4         2         1         2         1         1      2605
         1      1001         2         1         5         1         3         4         0         0     14878
         1      1001         2         1         6         6         3         6         1         0      1606
         1      1001         2         1         7         8         4         8         1         0      1502
         1      1001         2         1         8         3         2         5         0         0      7007
         1      1001         2         1         9         1         2         1         1         0      3235
         1      1001         2         1        10         8         1         8         1         1      1357
         1      1001         2         1        11         4         4         2         0         0      2193
         1      1001         2         1        12         2         3         4         0         0      4245
         1      1001         2         1        13         6         4         6         1         0      1540
         1      1001         2         1        14         8         2         8         1         0      1715
         1      1001         2         1        15         1         1         1         1         1      1449
         1      1001         2         1        16         3         4         5         0         0      3434
         1      1001         2         1        17         5         4         3         0         0     10906
         1      1001         2         1        18        10         4         0         1         0      1921
         1      1001         2         1        19         4         3         3         0         0      5550
         1      1001         2         1        20         1         4         7         0         0      2667
         1      1001         2         1        21         3         3         5         0         0      2828
         1      1001         2         1        22         7         3         7         1         0     19781
         1      1001         2         1        23         6         2         6         1         0      1353
         1      1001         2         1        24        10         2         0         1         0      1328
         1      1001         2         1        25        10         3         7         0         0      2612
         1      1001         2         1        26         4         2         4         1         0      3126
         1      1001         2         1        27         5         1         5         1         1      1894
         1      1001         2         1        28         2         4         2         1         0      4788
         1      1001         2         1        29         3         1         3         1         1      2689
         1      1001         2         1        30         9         3         9         1         0      1869
         1      1001         2         1        31         6         1         6         1         1      1246
         1      1001         2         1        32         7         1         7         1         1      2248
         1      1001         2         1        33         5         3         3         0         0      1689
         1      1001         2         1        34         4         1         4         1         1      2834
         1      1001         2         1        35         9         1         9         1         1      1452
         1      1001         2         1        36         9         4         4         0         0      5148
         1      1001         2         1        37         7         2         7         1         0      4730
         1      1001         2         1        38        10         1         0         1         1      1399
         1      1001         2         1        39         9         2         9         1         0      1579
         1      1001         2         1        40         5         2         5         1         0      2840
         1      1001         2         2         1         8         3         8         1         0      2254
         1      1001         2         2         2         3         1         3         1         0      3440
         1      1001         2         2         3         1         1         1         1         0      1218
         1      1001         2         2         4         6         2         6         1         1      1837
         1      1001         2         2         5         8         4         8         1         0      1519
         1      1001         2         2         6         5         4         1         0         0      7326
         1      1001         2         2         7        10         1         0         1         0      1572
         1      1001         2         2         8         4         3         3         0         0      4449
         1      1001         2         2         9         4         2         4         1         1      2459
         1      1001         2         2        10         9         2         9         1         1      1620
         1      1001         2         2        11         7         3         3         0         0      9600
         1      1001         2         2        12         9         1         9         1         0      1274
         1      1001         2         2        13         9         4         4         0         0      2564
         1      1001         2         2        14         7         2         7         1         1      2505
         1      1001         2         2        15         3         3         5         0         0      2978
         1      1001         2         2        16         1         3         1         1         0      7622
         1      1001         2         2        17         6         1         6         1         0      1266
         1      1001         2         2        18         6         3         6         1         0      1498
         1      1001         2         2        19         5         1         5         1         0      1450
         1      1001         2         2        20         7         4         7         1         0      3324
         1      1001         2         2        21         8         1         8         1         0      1411
         1      1001         2         2        22         7         1         7         1         0      2279
         1      1001         2         2        23         4         4         2         0         0      3448
         1      1001         2         2        24        10         4         0         1         0      1513
         1      1001         2         2        25         3         4         5         0         0      2073
         1      1001         2         2        26         5         2         5         1         1      2690
         1      1001         2         2        27         2         3         2         1         0      3603
         1      1001         2         2        28         2         1         2         1         0      1183
         1      1001         2         2        29        10         2         0         1         1      1100
         1      1001         2         2        30         8         2         8         1         1      1404
         1      1001         2         2        31         4         1         4         1         0      3233
         1      1001         2         2        32         1         4         3         0         0      6043
         1      1001         2         2        33         3         2         5         0         1      2662
         1      1001         2         2        34         5         3         3         0         0      1879
         1      1001         2         2        35         9         3         9         1         0      2200
         1      1001         2         2        36         2         2         2         1         1      4316
         1      1001         2         2        37        10         3         1         0         0      4089
         1      1001         2         2        38         1         2         1         1         1      4898
         1      1001         2         2        39         2         4         2         1         0      4265
         1      1001         2         2        40         6         4         6         1         0      1961
         1      1001         2         3         1         8         4         8         1         0      1489
         1      1001         2         3         2         5         2         5         1         0      2417
         1      1001         2         3         3         7         4         7         1         0      1564
         1      1001         2         3         4        10         3         1         0         0      4968
         1      1001         2         3         5         7         2         7         1         0      1598
         1      1001         2         3         6         1         1         1         1         1      1144
         1      1001         2         3         7        10         1         0         1         1      1334
         1      1001         2         3         8         5         3         5         1         0      3516
         1      1001         2         3         9         2         1         2         1         1      2492
         1      1001         2         3        10         7         1         7         1         1      1589
         1      1001         2         3        11         4         2         2         0         0      1937
         1      1001         2         3        12         3         3         5         0         0      1936
         1      1001         2         3        13         4         4         2         0         0      1215
         1      1001         2         3        14         4         3         5         0         0      5946
         1      1001         2         3        15         6         3         6         1         0      1480
         1      1001         2         3        16         2         2         4         0         0      1944
         1      1001         2         3        17         1         3         5         0         0      2454
         1      1001         2         3        18         5         1         5         1         1      1408
         1      1001         2         3        19        10         2         0         1         0      1125
         1      1001         2         3        20         9         4         9         1         0      3572
         1      1001         2         3        21         8         1         8         1         1      1505
         1      1001         2         3        22         9         3         9         1         0      2081
         1      1001         2         3        23         5         4         3         0         0     13544
         1      1001         2         3        24         2         3         4         0         0      3959
         1      1001         2         3        25         1         2         1         1         0      8196
         1      1001         2         3        26         3         4         5         0         0      1689
         1      1001         2         3        27         2         4         2         1         0     11600
         1      1001         2         3        28         3         2         5         0         0      1885
         1      1001         2         3        29         6         2         6         1         0      1149
         1      1001         2         3        30         8         2         8         1         0      1354
         1      1001         2         3        31         3         1         3         1         1      3760
         1      1001         2         3        32         7         3         1         0         0     11381
         1      1001         2         3        33         9         1         9         1         1      1256
         1      1001         2         3        34         9         2         9         1         0      1074
         1      1001         2         3        35         6         4         6         1         0      1280
         1      1001         2         3        36         4         1         2         0         1      3546
         1      1001         2         3        37        10         4         0         1         0      1608
         1      1001         2         3        38         8         3         8         1         0      1060
         1      1001         2         3        39         6         1         6         1         1      1205
         1      1001         2         3        40         1         4         1         1         0      2929
         1      1001         2         4         1         6         3         6         1         0      1574
         1      1001         2         4         2         5         2         5         1         1      2211
         1      1001         2         4         3         4         4         2         0         0      1798
         1      1001         2         4         4         8         1         8         1         0      1818
         1      1001         2         4         5         7         2         7         1         1      2077
         1      1001         2         4         6         3         3         5         0         0      4183
         1      1001         2         4         7         4         1         4         1         0      1788
         1      1001         2         4         8         1         4         7         0         0      3393
         1      1001         2         4         9         5         1         5         1         0      1141
         1      1001         2         4        10        10         1         0         1         0      1683
         1      1001         2         4        11         7         3         7         1         0      2284
         1      1001         2         4        12         2         1         2         1         0      2012
         1      1001         2         4        13         9         1         9         1         0      1702
         1      1001         2         4        14        10         3         1         0         0      5725
         1      1001         2         4        15         5         3         5         1         0      1701
         1      1001         2         4        16         2         2         3         0         1      3005
         1      1001         2         4        17         7         1         7         1         0      1825
         1      1001         2         4        18        10         2         0         1         1      1285
         1      1001         2         4        19         8         3         8         1         0      1166
         1      1001         2         4        20        10         4         0         1         0      1452
         1      1001         2         4        21         3         2         5         0         1      2206
         1      1001         2         4        22         4         3         3         0         0      1778
         1      1001         2         4        23         6         4         6         1         0      1173
         1      1001         2         4        24         6         1         6         1         0       995
         1      1001         2         4        25         9         2         9         1         1      1174
         1      1001         2         4        26         1         1         1         1         0      1202
         1      1001         2         4        27         9         4         9         1         0      3342
         1      1001         2         4        28         1         3         3         0         0      2276
         1      1001         2         4        29         4         2         4         1         1      6724
         1      1001         2         4        30         3         1         3         1         0      2500
         1      1001         2         4        31         8         4         8         1         0      1355
         1      1001         2         4        32         8         2         8         1         1      1201
         1      1001         2         4        33         2         3         2         1         0      2125
         1      1001         2         4        34         9         3         9         1         0      1189
         1      1001         2         4        35         5         4         7         0         0      4160
         1      1001         2         4        36         3         4         5         0         0      3062
         1      1001         2         4        37         6         2         6         1         1      1782
         1      1001         2         4        38         2         4         4         0         0     14202
         1      1001         2         4        39         7         4         7         1         0      1630
         1      1001         2         4        40         1         2         1         1         1      5225
