Condition Subject Session Block Trial Subtype Token Response Correct Feedback RT 
         2      2099         1         1         1         2         1         2         1         1      7058
         2      2099         1         1         2         6         2         3         0         1      1972
         2      2099         1         1         3         1         1         7         0         1      2303
         2      2099         1         1         4         5         2         5         1         1      1646
         2      2099         1         1         5         3         1         1         0         1      3272
         2      2099         1         1         6        10         2         0         1         1      1794
         2      2099         1         1         7         2         2         8         0         1      2374
         2      2099         1         1         8         4         1         4         1         1      3939
         2      2099         1         1         9         8         1         8         1         1      2865
         2      2099         1         1        10         1         1         2         0         1      1962
         2      2099         1         1        11         6         1         9         0         1      2359
         2      2099         1         1        12         7         2         9         0         1      1605
         2      2099         1         1        13         7         2         7         1         1      1825
         2      2099         1         1        14         8         2         9         0         1      3476
         2      2099         1         1        15         7         1         2         0         1      1988
         2      2099         1         1        16         6         2         9         0         1      4865
         2      2099         1         1        17         8         1         8         1         1      3082
         2      2099         1         1        18         8         2         7         0         1      4106
         2      2099         1         1        19         9         2         2         0         1      4899
         2      2099         1         1        20         9         1         2         0         1      1594
         2      2099         1         1        21         1         2         3         0         1      2229
         2      2099         1         1        22         7         1         3         0         1      2360
         2      2099         1         1        23         5         1         5         1         1      2116
         2      2099         1         1        24         4         2         0         0         1      7083
         2      2099         1         1        25         5         1         5         1         1      2827
         2      2099         1         1        26        10         1         6         0         1      4423
         2      2099         1         1        27         4         2         0         0         1      1506
         2      2099         1         1        28         9         2         7         0         1      4882
         2      2099         1         1        29         4         1         1         0         1      1611
         2      2099         1         1        30         6         1         6         1         1      4662
         2      2099         1         1        31        10         1         0         1         1      1463
         2      2099         1         1        32        10         2         0         1         1      2361
         2      2099         1         1        33         3         1         1         0         1      1351
         2      2099         1         1        34         5         2         5         1         1      1389
         2      2099         1         1        35         3         2         2         0         1      2162
         2      2099         1         1        36         1         2         2         0         1      1269
         2      2099         1         1        37         3         2         2         0         1      1086
         2      2099         1         1        38         9         1         2         0         1      1103
         2      2099         1         1        39         2         2         7         0         1      2398
         2      2099         1         1        40         2         1         2         1         1      1946
         2      2099         1         2         1         1         2         2         0         1      3449
         2      2099         1         2         2         3         1         3         1         1      1483
         2      2099         1         2         3         6         1         6         1         1      2812
         2      2099         1         2         4         5         2         5         1         1      1399
         2      2099         1         2         5        10         2         0         1         1      1468
         2      2099         1         2         6         6         2         3         0         1      1982
         2      2099         1         2         7        10         1         0         1         1       987
         2      2099         1         2         8         7         1         2         0         1      3312
         2      2099         1         2         9         8         2         9         0         1      4582
         2      2099         1         2        10         4         1         3         0         1      1946
         2      2099         1         2        11         2         1         9         0         1      3064
         2      2099         1         2        12         7         2         9         0         1      1866
         2      2099         1         2        13         2         1         2         1         1      2667
         2      2099         1         2        14         2         2         2         1         1       892
         2      2099         1         2        15         5         1         5         1         1      1315
         2      2099         1         2        16         6         2         3         0         1      1835
         2      2099         1         2        17         4         1         3         0         1      1981
         2      2099         1         2        18         7         1         7         1         1      3801
         2      2099         1         2        19         8         1         8         1         1      5661
         2      2099         1         2        20         9         1         1         0         1      1751
         2      2099         1         2        21         7         2         7         1         1      3405
         2      2099         1         2        22         1         2         1         1         1      2000
         2      2099         1         2        23        10         2         0         1         1      1436
         2      2099         1         2        24         4         2         4         1         1      2527
         2      2099         1         2        25         8         2         8         1         1      2790
         2      2099         1         2        26         3         2         2         0         1      1506
         2      2099         1         2        27         2         2         9         0         1      2305
         2      2099         1         2        28         4         2         6         0         1      6578
         2      2099         1         2        29         5         1         5         1         1      2757
         2      2099         1         2        30         1         1         2         0         1      2066
         2      2099         1         2        31         9         1         1         0         1      1116
         2      2099         1         2        32         9         2         9         1         1      2139
         2      2099         1         2        33         6         1         3         0         1      2050
         2      2099         1         2        34         8         1         8         1         1      3132
         2      2099         1         2        35         3         1         2         0         1      2891
         2      2099         1         2        36         5         2         5         1         1      1283
         2      2099         1         2        37         1         1         1         1         1      1227
         2      2099         1         2        38         9         2         9         1         1      2327
         2      2099         1         2        39        10         1         0         1         1      1303
         2      2099         1         2        40         3         2         2         0         1      2718
         2      2099         1         3         1         2         1         9         0         1      5504
         2      2099         1         3         2         2         2         2         1         1      1584
         2      2099         1         3         3         1         1         1         1         1      1164
         2      2099         1         3         4        10         1         0         1         1      1242
         2      2099         1         3         5         5         1         5         1         1      1203
         2      2099         1         3         6         9         2         9         1         1      1360
         2      2099         1         3         7         5         1         5         1         1      1204
         2      2099         1         3         8         7         1         4         0         1      2128
         2      2099         1         3         9         1         2         1         1         1      1126
         2      2099         1         3        10         6         1         6         1         1      2693
         2      2099         1         3        11         2         2         1         0         1      1349
         2      2099         1         3        12        10         1         0         1         1      1772
         2      2099         1         3        13        10         2         4         0         1      1890
         2      2099         1         3        14         4         1         4         1         1      2626
         2      2099         1         3        15         8         2         8         1         1      2068
         2      2099         1         3        16         3         2         3         1         1      2430
         2      2099         1         3        17         6         1         6         1         1      2488
         2      2099         1         3        18         4         2         9         0         1      3553
         2      2099         1         3        19         3         1         3         1         1      1807
         2      2099         1         3        20         7         2         7         1         1      3971
         2      2099         1         3        21        10         2         0         1         1      1377
         2      2099         1         3        22         8         2         8         1         1      1926
         2      2099         1         3        23         3         2         3         1         1      1829
         2      2099         1         3        24         8         1         7         0         1      3416
         2      2099         1         3        25         5         2         5         1         1      1259
         2      2099         1         3        26         2         1         1         0         1      1669
         2      2099         1         3        27         7         2         7         1         1      1390
         2      2099         1         3        28         4         2         7         0         1      4338
         2      2099         1         3        29         1         2         2         0         1      1104
         2      2099         1         3        30         4         1         4         1         1      2704
         2      2099         1         3        31         1         1         2         0         1      2399
         2      2099         1         3        32         9         1         2         0         1      1004
         2      2099         1         3        33         9         1         9         1         1      1472
         2      2099         1         3        34         7         1         7         1         1      2545
         2      2099         1         3        35         5         2         5         1         1       919
         2      2099         1         3        36         8         1         8         1         1      1822
         2      2099         1         3        37         9         2         9         1         1      1410
         2      2099         1         3        38         3         1         3         1         1      1974
         2      2099         1         3        39         6         2         2         0         1      1572
         2      2099         1         3        40         6         2         6         1         1      1922
         2      2099         1         4         1         4         2         7         0         1      3218
         2      2099         1         4         2         3         2         3         1         1      1165
         2      2099         1         4         3         6         1         6         1         1      1434
         2      2099         1         4         4         3         1         3         1         1      1405
         2      2099         1         4         5         8         2         8         1         1      1089
         2      2099         1         4         6         4         1         4         1         1      1265
         2      2099         1         4         7        10         1         0         1         1      1131
         2      2099         1         4         8        10         1         0         1         1      1274
         2      2099         1         4         9         8         1         8         1         1      1908
         2      2099         1         4        10         2         1         2         1         1      5155
         2      2099         1         4        11         5         2         5         1         1      1121
         2      2099         1         4        12         1         1         1         1         1      1440
         2      2099         1         4        13         4         1         4         1         1      1442
         2      2099         1         4        14        10         2         0         1         1      1141
         2      2099         1         4        15         8         2         8         1         1      1091
         2      2099         1         4        16         7         2         7         1         1      3108
         2      2099         1         4        17         2         2         2         1         1      1699
         2      2099         1         4        18         3         2         3         1         1      1419
         2      2099         1         4        19         1         2         1         1         1       942
         2      2099         1         4        20         5         2         5         1         1      1316
         2      2099         1         4        21         1         1         1         1         1      1210
         2      2099         1         4        22         4         2         4         1         1      3462
         2      2099         1         4        23         7         1         7         1         1      2343
         2      2099         1         4        24         6         1         6         1         1      1174
         2      2099         1         4        25         9         2         9         1         1      1476
         2      2099         1         4        26         3         1         3         1         1      1429
         2      2099         1         4        27         9         2         9         1         1      1128
         2      2099         1         4        28         2         1         2         1         1      2151
         2      2099         1         4        29         9         1         1         0         1      1342
         2      2099         1         4        30         8         1         8         1         1      1317
         2      2099         1         4        31         9         1         9         1         1      1628
         2      2099         1         4        32         1         2         1         1         1       917
         2      2099         1         4        33         6         2         3         0         1      1117
         2      2099         1         4        34         5         1         5         1         1      1563
         2      2099         1         4        35         7         1         7         1         1      1208
         2      2099         1         4        36         6         2         6         1         1      1924
         2      2099         1         4        37         5         1         5         1         1      1379
         2      2099         1         4        38         7         2         7         1         1      1303
         2      2099         1         4        39        10         2         0         1         1      1216
         2      2099         1         4        40         2         2         2         1         1      1274
         2      2099         1         5         1         2         1         2         1         1      2058
         2      2099         1         5         2         8         1         8         1         1      1349
         2      2099         1         5         3         7         2         7         1         1      2635
         2      2099         1         5         4         9         2         9         1         1      1245
         2      2099         1         5         5         6         1         6         1         1      1079
         2      2099         1         5         6         2         2         2         1         1      1591
         2      2099         1         5         7         7         1         7         1         1      1300
         2      2099         1         5         8         7         1         7         1         1      1181
         2      2099         1         5         9         5         2         5         1         1      1112
         2      2099         1         5        10         1         2         1         1         1       854
         2      2099         1         5        11         9         2         9         1         1      1249
         2      2099         1         5        12         4         1         4         1         1      1291
         2      2099         1         5        13         4         1         4         1         1       963
         2      2099         1         5        14         1         2         1         1         1      1399
         2      2099         1         5        15         2         2         2         1         1      1211
         2      2099         1         5        16        10         2         0         1         1      1383
         2      2099         1         5        17         7         2         7         1         1      2476
         2      2099         1         5        18         2         1         2         1         1      1510
         2      2099         1         5        19         8         2         8         1         1      1253
         2      2099         1         5        20         3         1         3         1         1      1088
         2      2099         1         5        21         3         2         3         1         1       927
         2      2099         1         5        22         5         1         5         1         1      1013
         2      2099         1         5        23         3         2         3         1         1      1112
         2      2099         1         5        24         4         2         4         1         1      1736
         2      2099         1         5        25         4         2         4         1         1      1230
         2      2099         1         5        26         9         1         6         0         1      3273
         2      2099         1         5        27         3         1         3         1         1      1442
         2      2099         1         5        28        10         1         0         1         1      1158
         2      2099         1         5        29        10         2         0         1         1      1253
         2      2099         1         5        30         6         1         6         1         1      1342
         2      2099         1         5        31         8         2         8         1         1      1092
         2      2099         1         5        32        10         1         0         1         1      1094
         2      2099         1         5        33         6         2         6         1         1      2087
         2      2099         1         5        34         6         2         6         1         1      1184
         2      2099         1         5        35         1         1         1         1         1      2828
         2      2099         1         5        36         5         2         5         1         1       966
         2      2099         1         5        37         1         1         1         1         1      1242
         2      2099         1         5        38         8         1         8         1         1      2164
         2      2099         1         5        39         5         1         5         1         1      1064
         2      2099         1         5        40         9         1         9         1         1      2186
         2      2099         1         6         1         5         2         5         1         1       931
         2      2099         1         6         2         2         1         2         1         1      1226
         2      2099         1         6         3         1         1         1         1         1       805
         2      2099         1         6         4         7         1         7         1         1      2624
         2      2099         1         6         5         9         2         9         1         1      1061
         2      2099         1         6         6         5         1         5         1         1      1093
         2      2099         1         6         7         2         2         2         1         1      1445
         2      2099         1         6         8         1         2         1         1         1      1078
         2      2099         1         6         9         8         1         8         1         1      1207
         2      2099         1         6        10         4         1         4         1         1      1186
         2      2099         1         6        11         3         2         3         1         1       927
         2      2099         1         6        12         9         1         9         1         1      1559
         2      2099         1         6        13        10         1         0         1         1       981
         2      2099         1         6        14         3         1         3         1         1      1066
         2      2099         1         6        15         2         2         2         1         1       955
         2      2099         1         6        16         6         2         6         1         1      2049
         2      2099         1         6        17         4         2         4         1         1      1339
         2      2099         1         6        18         6         1         6         1         1      1121
         2      2099         1         6        19         9         2         9         1         1      1232
         2      2099         1         6        20         4         2         4         1         1       891
         2      2099         1         6        21         5         2         5         1         1      1091
         2      2099         1         6        22        10         2         0         1         1      1333
         2      2099         1         6        23         8         1         8         1         1      1004
         2      2099         1         6        24         5         1         5         1         1      1183
         2      2099         1         6        25         3         2         3         1         1      1419
         2      2099         1         6        26         7         2         7         1         1      4718
         2      2099         1         6        27         4         1         4         1         1      1133
         2      2099         1         6        28         1         2         1         1         1       906
         2      2099         1         6        29         6         1         6         1         1      1330
         2      2099         1         6        30         7         1         7         1         1      1625
         2      2099         1         6        31         2         1         2         1         1      1157
         2      2099         1         6        32         1         1         1         1         1       786
         2      2099         1         6        33         6         2         6         1         1      1184
         2      2099         1         6        34         3         1         3         1         1      1500
         2      2099         1         6        35        10         1         0         1         1      1549
         2      2099         1         6        36        10         2         0         1         1       875
         2      2099         1         6        37         7         2         7         1         1       949
         2      2099         1         6        38         9         1         9         1         1      2843
         2      2099         1         6        39         8         2         8         1         1      1108
         2      2099         1         6        40         8         2         8         1         1      1732
         2      2099         2         1         1         3         1         3         1         1      1891
         2      2099         2         1         2         2         4         2         1         0      1076
         2      2099         2         1         3         9         2         9         1         0      1333
         2      2099         2         1         4         5         3         7         0         0      7387
         2      2099         2         1         5         6         4         4         0         0      1598
         2      2099         2         1         6         3         2         3         1         0       666
         2      2099         2         1         7         7         4         6         0         0      2362
         2      2099         2         1         8         9         4         2         0         0      1046
         2      2099         2         1         9         4         4         4         1         0      1828
         2      2099         2         1        10         2         1         2         1         1      1735
         2      2099         2         1        11         5         4         8         0         0      6173
         2      2099         2         1        12         7         3         1         0         0      2641
         2      2099         2         1        13         7         2         7         1         0      1508
         2      2099         2         1        14        10         3         0         1         0      1636
         2      2099         2         1        15         9         3         9         1         0      2125
         2      2099         2         1        16        10         1         0         1         1      1141
         2      2099         2         1        17         3         4         3         1         0      2291
         2      2099         2         1        18         2         2         2         1         0       787
         2      2099         2         1        19         4         1         4         1         1      1023
         2      2099         2         1        20         9         1         9         1         1      1459
         2      2099         2         1        21         3         3         7         0         0      7060
         2      2099         2         1        22         7         1         7         1         1      2198
         2      2099         2         1        23         5         1         5         1         1       937
         2      2099         2         1        24        10         4         0         1         0       734
         2      2099         2         1        25         8         3         8         1         0      2651
         2      2099         2         1        26         1         1         1         1         1      2557
         2      2099         2         1        27         6         2         6         1         0      1715
         2      2099         2         1        28         4         3         0         0         0      1242
         2      2099         2         1        29         1         2         1         1         0      1379
         2      2099         2         1        30         4         2         4         1         0      1943
         2      2099         2         1        31         2         3         2         1         0      1382
         2      2099         2         1        32         8         2         8         1         0       970
         2      2099         2         1        33         6         3         6         1         0      1823
         2      2099         2         1        34         8         4         7         0         0      4016
         2      2099         2         1        35         6         1         6         1         1      1292
         2      2099         2         1        36         8         1         8         1         1      1557
         2      2099         2         1        37        10         2         0         1         0      2020
         2      2099         2         1        38         1         4         1         1         0      1310
         2      2099         2         1        39         5         2         5         1         0      1445
         2      2099         2         1        40         1         3         2         0         0      1735
         2      2099         2         2         1         1         3         4         0         0      2080
         2      2099         2         2         2         5         3         6         0         0      4040
         2      2099         2         2         3         7         4         6         0         0      1746
         2      2099         2         2         4         4         4         3         0         0      2535
         2      2099         2         2         5         7         1         7         1         0      1726
         2      2099         2         2         6         3         1         3         1         0      1862
         2      2099         2         2         7         8         3         9         0         0      1333
         2      2099         2         2         8        10         3         0         1         0      1229
         2      2099         2         2         9         4         2         4         1         1      1239
         2      2099         2         2        10         5         4         8         0         0      3874
         2      2099         2         2        11         6         4         4         0         0      2563
         2      2099         2         2        12        10         4         0         1         0      1304
         2      2099         2         2        13         3         3         3         1         0      2145
         2      2099         2         2        14         1         2         1         1         1      1062
         2      2099         2         2        15         8         2         8         1         1      1398
         2      2099         2         2        16         4         1         4         1         0      1258
         2      2099         2         2        17         3         4         1         0         0      2835
         2      2099         2         2        18         5         2         5         1         1      1534
         2      2099         2         2        19         6         3         6         1         0      1837
         2      2099         2         2        20         7         3         7         1         0      6623
         2      2099         2         2        21         9         2         9         1         1      1155
         2      2099         2         2        22         9         4         3         0         0      2208
         2      2099         2         2        23         4         3         0         0         0      1300
         2      2099         2         2        24         7         2         7         1         1      1373
         2      2099         2         2        25         3         2         3         1         1      1426
         2      2099         2         2        26         6         1         6         1         0      1285
         2      2099         2         2        27         2         4         2         1         0      1181
         2      2099         2         2        28         9         3         3         0         0      2234
         2      2099         2         2        29        10         1         0         1         0      2061
         2      2099         2         2        30         8         4         8         1         0      2598
         2      2099         2         2        31         8         1         8         1         0      1258
         2      2099         2         2        32         1         1         1         1         0      1204
         2      2099         2         2        33         6         2         6         1         1      1248
         2      2099         2         2        34         2         1         2         1         0      1770
         2      2099         2         2        35         9         1         9         1         0      1952
         2      2099         2         2        36         2         3         2         1         0      1694
         2      2099         2         2        37         5         1         5         1         0      1365
         2      2099         2         2        38         2         2         2         1         1      1113
         2      2099         2         2        39        10         2         4         0         1      1881
         2      2099         2         2        40         1         4         1         1         0      1834
         2      2099         2         3         1         7         1         7         1         1      1488
         2      2099         2         3         2         9         4         2         0         0      1120
         2      2099         2         3         3         1         3         9         0         0      1663
         2      2099         2         3         4         5         3         5         1         0      4040
         2      2099         2         3         5         3         1         3         1         1      1507
         2      2099         2         3         6         2         3         2         1         0      1123
         2      2099         2         3         7         4         1         4         1         1      1154
         2      2099         2         3         8         1         4         1         1         0      1072
         2      2099         2         3         9         6         1         6         1         1      1201
         2      2099         2         3        10         2         4         2         1         0      1532
         2      2099         2         3        11         5         1         5         1         1      1066
         2      2099         2         3        12         6         2         6         1         0      1131
         2      2099         2         3        13         7         3         4         0         0      3706
         2      2099         2         3        14        10         4         0         1         0      1090
         2      2099         2         3        15         3         4         3         1         0      2067
         2      2099         2         3        16         5         2         5         1         0      1195
         2      2099         2         3        17         2         2         2         1         0      1046
         2      2099         2         3        18         4         2         4         1         0      1288
         2      2099         2         3        19         1         2         1         1         0      1136
         2      2099         2         3        20         9         1         9         1         1      1326
         2      2099         2         3        21         2         1         2         1         1      1110
         2      2099         2         3        22         6         3         6         1         0      2534
         2      2099         2         3        23         8         2         8         1         0      1116
         2      2099         2         3        24         7         2         7         1         0      2491
         2      2099         2         3        25        10         3         0         1         0      1605
         2      2099         2         3        26         4         4         7         0         0      4895
         2      2099         2         3        27         8         4         6         0         0      7030
         2      2099         2         3        28         8         3         8         1         0      1512
         2      2099         2         3        29         5         4         6         0         0      4486
         2      2099         2         3        30        10         2         0         1         0      1103
         2      2099         2         3        31         3         3         3         1         0      1664
         2      2099         2         3        32         8         1         8         1         1      1881
         2      2099         2         3        33         7         4         4         0         0      2522
         2      2099         2         3        34         9         3         3         0         0      1394
         2      2099         2         3        35         9         2         9         1         0      1495
         2      2099         2         3        36         3         2         3         1         0      1591
         2      2099         2         3        37         6         4         6         1         0      1316
         2      2099         2         3        38         4         3         0         0         0      1146
         2      2099         2         3        39        10         1         0         1         1       633
         2      2099         2         3        40         1         1         1         1         1      1114
         2      2099         2         4         1         3         4         3         1         0      1032
         2      2099         2         4         2         2         3         2         1         0       987
         2      2099         2         4         3         1         2         1         1         1       878
         2      2099         2         4         4         8         2         8         1         1       998
         2      2099         2         4         5        10         1         0         1         0      1018
         2      2099         2         4         6         6         3         6         1         0      1214
         2      2099         2         4         7         8         4         8         1         0      1689
         2      2099         2         4         8         4         1         4         1         0      1329
         2      2099         2         4         9         7         4         6         0         0      4135
         2      2099         2         4        10         3         1         3         1         0      1053
         2      2099         2         4        11        10         4         0         1         0       975
         2      2099         2         4        12         4         4         4         1         0      3058
         2      2099         2         4        13         2         2         2         1         1      1043
         2      2099         2         4        14         3         3         3         1         0      1094
         2      2099         2         4        15         8         3         8         1         0      1125
         2      2099         2         4        16         3         2         3         1         1       948
         2      2099         2         4        17         1         3         9         0         0      2331
         2      2099         2         4        18         4         2         4         1         1      1194
         2      2099         2         4        19         7         1         6         0         0      3334
         2      2099         2         4        20         6         1         6         1         0      1116
         2      2099         2         4        21        10         2         0         1         1      1148
         2      2099         2         4        22        10         3         0         1         0      1115
         2      2099         2         4        23         9         4         2         0         0      1401
         2      2099         2         4        24         5         1         5         1         0       956
         2      2099         2         4        25         9         2         9         1         1      1394
         2      2099         2         4        26         4         3         4         1         0      1974
         2      2099         2         4        27         5         3         5         1         0       995
         2      2099         2         4        28         8         1         8         1         0      1143
         2      2099         2         4        29         5         4         5         1         0      1862
         2      2099         2         4        30         1         1         1         1         0       917
         2      2099         2         4        31         7         3         7         1         0      6317
         2      2099         2         4        32         2         1         2         1         0      1069
         2      2099         2         4        33         9         1         9         1         0      2446
         2      2099         2         4        34         6         4         6         1         0      2040
         2      2099         2         4        35         5         2         5         1         1      1026
         2      2099         2         4        36         9         3         9         1         0      1030
         2      2099         2         4        37         6         2         6         1         1      1162
         2      2099         2         4        38         2         4         2         1         0      1159
         2      2099         2         4        39         7         2         7         1         1      1221
         2      2099         2         4        40         1         4         1         1         0       945
