Condition Subject Session Block Trial Subtype Token Response Correct Feedback RT 
         1      1040         1         1         1         8         1         2         0         1     25383
         1      1040         1         1         2         2         2         1         0         1      5071
         1      1040         1         1         3         6         2         6         1         1      6463
         1      1040         1         1         4         5         1         5         1         1      4727
         1      1040         1         1         5         3         2         7         0         1     23029
         1      1040         1         1         6        10         2         9         0         1      4344
         1      1040         1         1         7         8         2         1         0         1      6389
         1      1040         1         1         8         7         1         4         0         1      5137
         1      1040         1         1         9         7         2         4         0         1      6335
         1      1040         1         1        10         3         1         8         0         1      6957
         1      1040         1         1        11         9         1         3         0         1     15520
         1      1040         1         1        12         1         2         5         0         1      5694
         1      1040         1         1        13         4         2         3         0         1      5700
         1      1040         1         1        14         1         2         8         0         1     14987
         1      1040         1         1        15        10         1         3         0         1      3342
         1      1040         1         1        16         4         1         4         1         1      5123
         1      1040         1         1        17         3         2         2         0         1     20289
         1      1040         1         1        18         4         1         2         0         1      2065
         1      1040         1         1        19         9         1         9         1         1      3432
         1      1040         1         1        20         5         2         7         0         1      7338
         1      1040         1         1        21         4         2         2         0         1      2799
         1      1040         1         1        22         7         1         1         0         1      4251
         1      1040         1         1        23         9         2         9         1         1      2092
         1      1040         1         1        24        10         2         4         0         1     11572
         1      1040         1         1        25         2         2         1         0         1      5280
         1      1040         1         1        26         9         2         9         1         1      3064
         1      1040         1         1        27         2         1         4         0         1      4250
         1      1040         1         1        28         6         1         6         1         1      2011
         1      1040         1         1        29         8         1         8         1         1      5653
         1      1040         1         1        30         3         1         3         1         1      4303
         1      1040         1         1        31         1         1         7         0         1     14701
         1      1040         1         1        32         7         2         2         0         1     10188
         1      1040         1         1        33         1         1         1         1         1      8783
         1      1040         1         1        34        10         1         4         0         1     18874
         1      1040         1         1        35         2         1         4         0         1      2546
         1      1040         1         1        36         5         2         5         1         1     11559
         1      1040         1         1        37         5         1         8         0         1      6197
         1      1040         1         1        38         8         2         0         0         1      4456
         1      1040         1         1        39         6         2         6         1         1      2000
         1      1040         1         1        40         6         1         6         1         1      2027
         1      1040         1         2         1         7         2         1         0         1      7835
         1      1040         1         2         2         3         1         5         0         1     24461
         1      1040         1         2         3         9         1         9         1         1      1909
         1      1040         1         2         4         6         1         6         1         1      1812
         1      1040         1         2         5         8         1         8         1         1      6294
         1      1040         1         2         6         6         2         6         1         1      2085
         1      1040         1         2         7         6         1         6         1         1      1357
         1      1040         1         2         8         8         1         8         1         1      5985
         1      1040         1         2         9        10         1         1         0         1     10540
         1      1040         1         2        10         1         2         5         0         1      3377
         1      1040         1         2        11         2         2         2         1         1      6166
         1      1040         1         2        12         5         1         5         1         1      7003
         1      1040         1         2        13         7         2         4         0         1      5774
         1      1040         1         2        14        10         2         4         0         1     23618
         1      1040         1         2        15         1         1         7         0         1      5388
         1      1040         1         2        16        10         2         0         1         1      6016
         1      1040         1         2        17         9         1         9         1         1      2778
         1      1040         1         2        18         5         1         5         1         1      2150
         1      1040         1         2        19         7         1         2         0         1      9340
         1      1040         1         2        20         3         2         4         0         1      9954
         1      1040         1         2        21         3         1         1         0         1     12401
         1      1040         1         2        22         8         2         1         0         1      3260
         1      1040         1         2        23         4         2         8         0         1      4067
         1      1040         1         2        24         2         1         8         0         1      4411
         1      1040         1         2        25         8         2         3         0         1     12790
         1      1040         1         2        26         2         2         8         0         1      4898
         1      1040         1         2        27         4         2         2         0         1      1320
         1      1040         1         2        28         4         1         1         0         1      1631
         1      1040         1         2        29         1         1         3         0         1      5496
         1      1040         1         2        30         1         2         5         0         1      2183
         1      1040         1         2        31         7         1         0         0         1      5836
         1      1040         1         2        32         9         2         9         1         1      2222
         1      1040         1         2        33         4         1         4         1         1      4706
         1      1040         1         2        34         6         2         6         1         1      1440
         1      1040         1         2        35         2         1         8         0         1     15297
         1      1040         1         2        36         9         2         9         1         1      2008
         1      1040         1         2        37         5         2         5         1         1      3427
         1      1040         1         2        38        10         1         1         0         1      8772
         1      1040         1         2        39         3         2         1         0         1      2320
         1      1040         1         2        40         5         2         5         1         1      5407
         1      1040         1         3         1         9         1         9         1         1      1952
         1      1040         1         3         2         4         2         2         0         1      8684
         1      1040         1         3         3         5         2         5         1         1      2540
         1      1040         1         3         4         7         2         8         0         1      4433
         1      1040         1         3         5        10         2         7         0         1      3500
         1      1040         1         3         6         3         2         3         1         1      7148
         1      1040         1         3         7         4         2         7         0         1      2697
         1      1040         1         3         8         2         1         4         0         1      2888
         1      1040         1         3         9         3         2         3         1         1      3216
         1      1040         1         3        10         5         2         5         1         1      1484
         1      1040         1         3        11         5         1         0         0         1      4139
         1      1040         1         3        12         5         1         5         1         1      2913
         1      1040         1         3        13         2         1         7         0         1      9351
         1      1040         1         3        14         1         1         0         0         1      5003
         1      1040         1         3        15         6         1         6         1         1      1359
         1      1040         1         3        16        10         1         1         0         1      3522
         1      1040         1         3        17         1         2         5         0         1      1952
         1      1040         1         3        18         8         2         7         0         1     21164
         1      1040         1         3        19         1         1         2         0         1      5304
         1      1040         1         3        20         2         2         4         0         1      3872
         1      1040         1         3        21         8         1         0         0         1      2624
         1      1040         1         3        22         9         1         9         1         1      2081
         1      1040         1         3        23         6         1         6         1         1      1225
         1      1040         1         3        24         7         1         1         0         1      5475
         1      1040         1         3        25        10         2         4         0         1      3876
         1      1040         1         3        26        10         1         1         0         1      1570
         1      1040         1         3        27         4         1         2         0         1      3072
         1      1040         1         3        28         8         2         3         0         1      2977
         1      1040         1         3        29         3         1         3         1         1      5365
         1      1040         1         3        30         2         2         7         0         1     37849
         1      1040         1         3        31         8         1         8         1         1      4490
         1      1040         1         3        32         6         2         6         1         1      1186
         1      1040         1         3        33         1         2         5         0         1     10045
         1      1040         1         3        34         3         1         3         1         1      6343
         1      1040         1         3        35         6         2         6         1         1      1300
         1      1040         1         3        36         7         1         1         0         1      3900
         1      1040         1         3        37         9         2         9         1         1      1371
         1      1040         1         3        38         9         2         9         1         1      1664
         1      1040         1         3        39         7         2         1         0         1      3912
         1      1040         1         3        40         4         1         8         0         1      6664
         1      1040         1         4         1         5         1         1         0         1     14926
         1      1040         1         4         2         8         2         7         0         1     12852
         1      1040         1         4         3         3         2         3         1         1      5037
         1      1040         1         4         4         1         1         0         0         1      4894
         1      1040         1         4         5         3         1         3         1         1     14901
         1      1040         1         4         6         1         1         1         1         1      1339
         1      1040         1         4         7         9         1         9         1         1      1280
         1      1040         1         4         8         6         1         6         1         1      1224
         1      1040         1         4         9         2         1         4         0         1      3922
         1      1040         1         4        10         8         2         7         0         1      6576
         1      1040         1         4        11         9         2         9         1         1      1220
         1      1040         1         4        12         3         1         3         1         1      1599
         1      1040         1         4        13         5         1         5         1         1      1995
         1      1040         1         4        14         6         2         6         1         1      1046
         1      1040         1         4        15         6         1         6         1         1      1063
         1      1040         1         4        16         4         2         8         0         1      3783
         1      1040         1         4        17         8         1         8         1         1      3402
         1      1040         1         4        18         5         2         5         1         1      1901
         1      1040         1         4        19         3         2         3         1         1      2221
         1      1040         1         4        20        10         2         2         0         1      6192
         1      1040         1         4        21         7         2         1         0         1      4195
         1      1040         1         4        22         2         1         7         0         1      4550
         1      1040         1         4        23         9         1         9         1         1      1930
         1      1040         1         4        24         1         2         1         1         1      3752
         1      1040         1         4        25         2         2         2         1         1      3837
         1      1040         1         4        26         9         2         9         1         1      1407
         1      1040         1         4        27         7         2         1         0         1      2034
         1      1040         1         4        28        10         1         1         0         1      2651
         1      1040         1         4        29         2         2         2         1         1      4764
         1      1040         1         4        30         6         2         6         1         1      1144
         1      1040         1         4        31         7         1         1         0         1      2470
         1      1040         1         4        32         1         2         1         1         1      2383
         1      1040         1         4        33         4         2         4         1         1      2330
         1      1040         1         4        34         4         1         2         0         1      2473
         1      1040         1         4        35         4         1         4         1         1      2401
         1      1040         1         4        36         8         1         8         1         1      3020
         1      1040         1         4        37        10         2         0         1         1      9295
         1      1040         1         4        38         7         1         1         0         1      2567
         1      1040         1         4        39        10         1         1         0         1      3083
         1      1040         1         4        40         5         2         5         1         1      2156
         1      1040         1         5         1         2         1         2         1         1      3184
         1      1040         1         5         2         3         2         3         1         1      4205
         1      1040         1         5         3         2         2         2         1         1      1664
         1      1040         1         5         4        10         1         0         1         1      5335
         1      1040         1         5         5         9         2         9         1         1      1757
         1      1040         1         5         6         3         2         3         1         1      3107
         1      1040         1         5         7         8         2         7         0         1     16721
         1      1040         1         5         8         6         2         6         1         1      2191
         1      1040         1         5         9         4         1         4         1         1      6531
         1      1040         1         5        10        10         1         1         0         1      6823
         1      1040         1         5        11         3         1         3         1         1      2386
         1      1040         1         5        12         7         2         0         0         1     15357
         1      1040         1         5        13         2         1         2         1         1      4499
         1      1040         1         5        14         7         1         1         0         1      7259
         1      1040         1         5        15        10         2         8         0         1      2948
         1      1040         1         5        16         4         2         4         1         1      2185
         1      1040         1         5        17         5         1         5         1         1      3341
         1      1040         1         5        18         9         1         9         1         1      1762
         1      1040         1         5        19        10         2         8         0         1      8823
         1      1040         1         5        20         1         1         1         1         1      1680
         1      1040         1         5        21         7         1         3         0         1     22328
         1      1040         1         5        22         5         2         5         1         1      1478
         1      1040         1         5        23         3         1         3         1         1      2182
         1      1040         1         5        24         6         2         6         1         1      1274
         1      1040         1         5        25         8         1         8         1         1      2034
         1      1040         1         5        26         1         2         3         0         1      9115
         1      1040         1         5        27         9         2         9         1         1      1162
         1      1040         1         5        28         8         1         8         1         1      1638
         1      1040         1         5        29         5         1         5         1         1      2383
         1      1040         1         5        30         8         2         7         0         1      4539
         1      1040         1         5        31         6         1         6         1         1      1921
         1      1040         1         5        32         4         1         2         0         1      2400
         1      1040         1         5        33         9         1         9         1         1      1082
         1      1040         1         5        34         7         2         0         0         1      9722
         1      1040         1         5        35         4         2         2         0         1      2527
         1      1040         1         5        36         1         2         7         0         1      3156
         1      1040         1         5        37         1         1         1         1         1      1616
         1      1040         1         5        38         2         2         2         1         1      2923
         1      1040         1         5        39         6         1         6         1         1      1025
         1      1040         1         5        40         5         2         5         1         1      3267
         1      1040         1         6         1         3         1         3         1         1      1896
         1      1040         1         6         2         2         1         4         0         1      2744
         1      1040         1         6         3         4         1         4         1         1      3078
         1      1040         1         6         4         5         1         5         1         1      1846
         1      1040         1         6         5         8         1         8         1         1      1447
         1      1040         1         6         6         4         2         4         1         1      3399
         1      1040         1         6         7         6         2         6         1         1      1067
         1      1040         1         6         8         7         2         7         1         1      2907
         1      1040         1         6         9         6         2         6         1         1       994
         1      1040         1         6        10         2         2         2         1         1      1830
         1      1040         1         6        11         2         2         2         1         1      1256
         1      1040         1         6        12         4         1         4         1         1      1442
         1      1040         1         6        13         9         2         9         1         1      1635
         1      1040         1         6        14         4         2         4         1         1      1500
         1      1040         1         6        15         7         1         7         1         1      2092
         1      1040         1         6        16        10         1         1         0         1      5170
         1      1040         1         6        17         9         1         9         1         1      1278
         1      1040         1         6        18        10         2         8         0         1     17942
         1      1040         1         6        19         2         1         4         0         1      2244
         1      1040         1         6        20         8         1         8         1         1      1461
         1      1040         1         6        21         3         2         3         1         1      2597
         1      1040         1         6        22         3         1         3         1         1      2265
         1      1040         1         6        23         6         1         6         1         1      1146
         1      1040         1         6        24        10         2         0         1         1      3224
         1      1040         1         6        25         8         2         7         0         1      8387
         1      1040         1         6        26         1         2         7         0         1      3919
         1      1040         1         6        27        10         1         0         1         1      3565
         1      1040         1         6        28         5         2         5         1         1      2025
         1      1040         1         6        29         8         2         8         1         1      2419
         1      1040         1         6        30         1         2         7         0         1      8062
         1      1040         1         6        31         1         1         1         1         1      1078
         1      1040         1         6        32         6         1         6         1         1      1110
         1      1040         1         6        33         7         2         7         1         1      2852
         1      1040         1         6        34         9         1         9         1         1      1244
         1      1040         1         6        35         3         2         3         1         1      1782
         1      1040         1         6        36         7         1         7         1         1      2267
         1      1040         1         6        37         1         1         1         1         1      1130
         1      1040         1         6        38         5         2         5         1         1      1416
         1      1040         1         6        39         9         2         9         1         1      1035
         1      1040         1         6        40         5         1         5         1         1      2093
         1      1040         2         1         1         8         2         8         1         0      3704
         1      1040         2         1         2         4         2         4         1         0      3647
         1      1040         2         1         3         2         3         2         1         0      1432
         1      1040         2         1         4         7         1         7         1         1      2555
         1      1040         2         1         5         2         1         2         1         1      3424
         1      1040         2         1         6         7         3         7         1         0     11057
         1      1040         2         1         7         1         2         7         0         0      3410
         1      1040         2         1         8         1         4         3         0         0      2148
         1      1040         2         1         9         6         2         6         1         0      1258
         1      1040         2         1        10         3         1         3         1         1      2530
         1      1040         2         1        11         8         1         8         1         1      1592
         1      1040         2         1        12         5         4         7         0         0     29074
         1      1040         2         1        13         2         2         2         1         0      3426
         1      1040         2         1        14        10         4         0         1         0      6804
         1      1040         2         1        15         3         3         3         1         0      2720
         1      1040         2         1        16         7         2         7         1         0      3838
         1      1040         2         1        17         4         3         4         1         0     18224
         1      1040         2         1        18         8         3         8         1         0      3298
         1      1040         2         1        19         6         4         6         1         0      1176
         1      1040         2         1        20         8         4         1         0         0     25123
         1      1040         2         1        21         5         3         5         1         0      4625
         1      1040         2         1        22        10         3         0         1         0     16689
         1      1040         2         1        23         6         1         6         1         1      1137
         1      1040         2         1        24         4         4         4         1         0      2862
         1      1040         2         1        25         9         4         2         0         0      1831
         1      1040         2         1        26         3         4         3         1         0      3401
         1      1040         2         1        27         1         1         1         1         1      1452
         1      1040         2         1        28         5         2         5         1         0      4829
         1      1040         2         1        29         7         4         7         1         0     24166
         1      1040         2         1        30         9         3         9         1         0      2250
         1      1040         2         1        31         5         1         5         1         1      1500
         1      1040         2         1        32         1         3         7         0         0     18826
         1      1040         2         1        33         9         1         9         1         1      1747
         1      1040         2         1        34         9         2         9         1         0      1944
         1      1040         2         1        35        10         2         0         1         0      2486
         1      1040         2         1        36         2         4         4         0         0      6829
         1      1040         2         1        37         6         3         6         1         0      1159
         1      1040         2         1        38        10         1         0         1         1      5059
         1      1040         2         1        39         4         1         4         1         1      1844
         1      1040         2         1        40         3         2         3         1         0      1494
         1      1040         2         2         1         3         1         3         1         0      2285
         1      1040         2         2         2         3         3         7         0         0     64892
         1      1040         2         2         3         6         2         6         1         1      1139
         1      1040         2         2         4         3         4         3         1         0      3248
         1      1040         2         2         5         2         4         2         1         0      6217
         1      1040         2         2         6         8         4         1         0         0     10203
         1      1040         2         2         7         2         3         2         1         0      6606
         1      1040         2         2         8         8         2         0         0         1      2625
         1      1040         2         2         9        10         1         0         1         0     11330
         1      1040         2         2        10         1         4         3         0         0     12871
         1      1040         2         2        11         4         4         4         1         0     13487
         1      1040         2         2        12        10         2         0         1         1      6112
         1      1040         2         2        13         9         3         9         1         0      1654
         1      1040         2         2        14         1         2         7         0         1      5663
         1      1040         2         2        15         1         3         1         1         0      4056
         1      1040         2         2        16         9         2         9         1         1      1375
         1      1040         2         2        17         6         1         6         1         0       979
         1      1040         2         2        18         2         2         2         1         1      1671
         1      1040         2         2        19         7         1         7         1         0      3584
         1      1040         2         2        20         4         1         4         1         0      1485
         1      1040         2         2        21         5         1         5         1         0      1757
         1      1040         2         2        22         6         4         6         1         0       992
         1      1040         2         2        23        10         3         1         0         0     27217
         1      1040         2         2        24         5         2         5         1         1      2156
         1      1040         2         2        25         4         3         4         1         0      1841
         1      1040         2         2        26         8         3         8         1         0      2258
         1      1040         2         2        27         5         3         5         1         0      1587
         1      1040         2         2        28         8         1         8         1         0      2207
         1      1040         2         2        29         6         3         6         1         0      1121
         1      1040         2         2        30        10         4         9         0         0     13424
         1      1040         2         2        31         9         1         9         1         0      1441
         1      1040         2         2        32         4         2         4         1         1      1873
         1      1040         2         2        33         7         4         7         1         0     28640
         1      1040         2         2        34         2         1         4         0         0      1745
         1      1040         2         2        35         3         2         3         1         1      1815
         1      1040         2         2        36         1         1         1         1         0      2185
         1      1040         2         2        37         7         2         7         1         1      2045
         1      1040         2         2        38         5         4         1         0         0      5718
         1      1040         2         2        39         9         4         9         1         0      1661
         1      1040         2         2        40         7         3         7         1         0      4693
         1      1040         2         3         1         9         1         9         1         1      1997
         1      1040         2         3         2         8         3         8         1         0      6616
         1      1040         2         3         3         3         2         3         1         0      1515
         1      1040         2         3         4         7         1         7         1         1      2027
         1      1040         2         3         5         3         4         3         1         0      2822
         1      1040         2         3         6         5         2         5         1         0      1232
         1      1040         2         3         7         7         3         7         1         0      3818
         1      1040         2         3         8         9         2         9         1         0      1212
         1      1040         2         3         9         2         1         4         0         1      1959
         1      1040         2         3        10         8         2         8         1         0      2708
         1      1040         2         3        11         1         2         7         0         0      2962
         1      1040         2         3        12         5         1         5         1         1      1287
         1      1040         2         3        13        10         4         0         1         0      7344
         1      1040         2         3        14         4         2         4         1         0      1684
         1      1040         2         3        15        10         1         0         1         1      8827
         1      1040         2         3        16        10         2         0         1         0      5062
         1      1040         2         3        17         1         1         1         1         1      1174
         1      1040         2         3        18         3         1         3         1         1      1330
         1      1040         2         3        19         3         3         4         0         0     25080
         1      1040         2         3        20         2         2         2         1         0      1673
         1      1040         2         3        21         5         3         5         1         0      2688
         1      1040         2         3        22         6         3         6         1         0      1280
         1      1040         2         3        23         1         4         1         1         0     35559
         1      1040         2         3        24        10         3         0         1         0     26083
         1      1040         2         3        25         4         1         4         1         1      1483
         1      1040         2         3        26         7         4         7         1         0      2139
         1      1040         2         3        27         6         2         6         1         0      1056
         1      1040         2         3        28         4         4         4         1         0      4449
         1      1040         2         3        29         2         4         4         0         0      6313
         1      1040         2         3        30         6         1         6         1         1       904
         1      1040         2         3        31         2         3         0         0         0      1872
         1      1040         2         3        32         6         4         6         1         0       943
         1      1040         2         3        33         5         4         3         0         0      4867
         1      1040         2         3        34         9         3         9         1         0      1324
         1      1040         2         3        35         9         4         9         1         0      1186
         1      1040         2         3        36         4         3         4         1         0      2302
         1      1040         2         3        37         1         3         3         0         0      4429
         1      1040         2         3        38         8         1         8         1         1      1799
         1      1040         2         3        39         8         4         0         0         0      9690
         1      1040         2         3        40         7         2         7         1         0      2178
         1      1040         2         4         1         2         2         2         1         1      4150
         1      1040         2         4         2         3         4         3         1         0      4444
         1      1040         2         4         3         7         2         7         1         1      1589
         1      1040         2         4         4         2         4         4         0         0      1631
         1      1040         2         4         5         1         4         3         0         0     13464
         1      1040         2         4         6         4         3         4         1         0      1401
         1      1040         2         4         7         9         3         9         1         0      1133
         1      1040         2         4         8         1         3         1         1         0      7546
         1      1040         2         4         9         5         1         5         1         0      1336
         1      1040         2         4        10         9         2         9         1         1      1053
         1      1040         2         4        11         1         2         7         0         1      3023
         1      1040         2         4        12         5         4         8         0         0     19711
         1      1040         2         4        13         6         1         6         1         0      1078
         1      1040         2         4        14         1         1         1         1         0      1061
         1      1040         2         4        15         7         3         7         1         0      2053
         1      1040         2         4        16         4         1         4         1         0      1263
         1      1040         2         4        17         6         3         6         1         0       920
         1      1040         2         4        18        10         2         0         1         1      3167
         1      1040         2         4        19         3         2         3         1         1      1308
         1      1040         2         4        20         8         2         8         1         1      1698
         1      1040         2         4        21         5         2         5         1         1      2138
         1      1040         2         4        22         4         2         4         1         1      2703
         1      1040         2         4        23        10         1         0         1         0      2253
         1      1040         2         4        24         3         1         3         1         0      1247
         1      1040         2         4        25         7         1         7         1         0      1673
         1      1040         2         4        26         4         4         4         1         0      1489
         1      1040         2         4        27         8         3         8         1         0      4928
         1      1040         2         4        28         3         3         4         0         0      5911
         1      1040         2         4        29         7         4         7         1         0      1973
         1      1040         2         4        30         9         1         9         1         0      1088
         1      1040         2         4        31         8         4         8         1         0      2303
         1      1040         2         4        32         6         2         6         1         1      1022
         1      1040         2         4        33        10         4         0         1         0      2896
         1      1040         2         4        34         2         3         9         0         0      1623
         1      1040         2         4        35        10         3         1         0         0      2145
         1      1040         2         4        36         2         1         2         1         0      3942
         1      1040         2         4        37         5         3         5         1         0      3300
         1      1040         2         4        38         8         1         8         1         0      1243
         1      1040         2         4        39         9         4         9         1         0      1140
         1      1040         2         4        40         6         4         6         1         0       944
