Condition Subject Session Block Trial Subtype Token Response Correct Feedback RT 
         4      4060         1         1         1         5         1         1         0         1      5310
         4      4060         1         1         2         9         2         1         0         1      9528
         4      4060         1         1         3         1         2         0         0         1      4519
         4      4060         1         1         4         7         2         0         0         1      2958
         4      4060         1         1         5         4         1         0         0         1      3523
         4      4060         1         1         6         8         1         0         0         1      1026
         4      4060         1         1         7         4         2         0         0         1      3318
         4      4060         1         1         8         9         2         9         1         1      4140
         4      4060         1         1         9         8         1         5         0         1      6673
         4      4060         1         1        10         6         1         6         1         1      2337
         4      4060         1         1        11         1         1         1         1         1      3024
         4      4060         1         1        12        10         2         0         1         1      2084
         4      4060         1         1        13         7         1         5         0         1      3181
         4      4060         1         1        14         5         2         3         0         1      4489
         4      4060         1         1        15         6         2         6         1         1      3969
         4      4060         1         1        16         6         1         6         1         1      2093
         4      4060         1         1        17         3         1         5         0         1      2197
         4      4060         1         1        18         3         2         3         1         1      2136
         4      4060         1         1        19         7         1         7         1         1      3439
         4      4060         1         1        20         2         2         6         0         1      2353
         4      4060         1         1        21         4         2         5         0         1      2767
         4      4060         1         1        22         1         1         1         1         1      3868
         4      4060         1         1        23         2         2         4         0         1      5294
         4      4060         1         1        24         5         2         3         0         1      6774
         4      4060         1         1        25         8         2         8         1         1      9458
         4      4060         1         1        26         4         1         4         1         1      3636
         4      4060         1         1        27         7         2         5         0         1      5198
         4      4060         1         1        28         8         2         7         0         1      4682
         4      4060         1         1        29         2         1         4         0         1      2635
         4      4060         1         1        30         9         1         9         1         1      2829
         4      4060         1         1        31         5         1         3         0         1      7399
         4      4060         1         1        32         6         2         6         1         1     16778
         4      4060         1         1        33         3         2         3         1         1      5126
         4      4060         1         1        34        10         2         0         1         1      9110
         4      4060         1         1        35         2         1         2         1         1      3958
         4      4060         1         1        36         3         1         5         0         1      8755
         4      4060         1         1        37         9         1         9         1         1      5521
         4      4060         1         1        38         1         2         1         1         1      2033
         4      4060         1         1        39        10         1         0         1         1      2154
         4      4060         1         1        40        10         1         0         1         1      4414
         4      4060         1         2         1         1         2         1         1         1      1655
         4      4060         1         2         2         6         2         6         1         1      1953
         4      4060         1         2         3         1         2         1         1         1      1423
         4      4060         1         2         4         2         2         2         1         1      1970
         4      4060         1         2         5         5         2         5         1         1      5934
         4      4060         1         2         6         2         1         2         1         1      5613
         4      4060         1         2         7         2         1         2         1         1      1785
         4      4060         1         2         8         5         1         3         0         1      6093
         4      4060         1         2         9        10         1         0         1         1      1668
         4      4060         1         2        10         3         2         3         1         1      6684
         4      4060         1         2        11        10         1         0         1         1      1195
         4      4060         1         2        12         9         2         9         1         1      2566
         4      4060         1         2        13         2         2         2         1         1      1627
         4      4060         1         2        14         7         1         7         1         1      6086
         4      4060         1         2        15         8         2         4         0         1      6511
         4      4060         1         2        16         3         1         5         0         1      5862
         4      4060         1         2        17         5         1         3         0         1      5640
         4      4060         1         2        18         7         2         4         0         1      8578
         4      4060         1         2        19         4         2         4         1         1      3462
         4      4060         1         2        20        10         2         0         1         1      1608
         4      4060         1         2        21         7         2         7         1         1      2516
         4      4060         1         2        22         6         1         6         1         1      1738
         4      4060         1         2        23         4         2         4         1         1      1808
         4      4060         1         2        24         3         1         5         0         1      3811
         4      4060         1         2        25         9         2         9         1         1      1686
         4      4060         1         2        26         1         1         1         1         1      2062
         4      4060         1         2        27         6         2         6         1         1      3319
         4      4060         1         2        28         8         2         8         1         1      4799
         4      4060         1         2        29         1         1         1         1         1      1931
         4      4060         1         2        30         5         2         5         1         1      6025
         4      4060         1         2        31         8         1         7         0         1      7332
         4      4060         1         2        32         7         1         7         1         1      7834
         4      4060         1         2        33         4         1         4         1         1      2412
         4      4060         1         2        34         8         1         8         1         1      4934
         4      4060         1         2        35         4         1         4         1         1      2587
         4      4060         1         2        36         3         2         3         1         1      2047
         4      4060         1         2        37         9         1         9         1         1      8329
         4      4060         1         2        38         6         1         6         1         1      1622
         4      4060         1         2        39        10         2         0         1         1      2642
         4      4060         1         2        40         9         1         9         1         1      3621
         4      4060         1         3         1         1         2         1         1         1      1602
         4      4060         1         3         2        10         1         0         1         1      1292
         4      4060         1         3         3         2         2         2         1         1      3412
         4      4060         1         3         4         1         1         1         1         1      1175
         4      4060         1         3         5         9         1         9         1         1      1732
         4      4060         1         3         6         7         2         7         1         1      5098
         4      4060         1         3         7         4         2         4         1         1      1722
         4      4060         1         3         8         4         1         4         1         1      1200
         4      4060         1         3         9         2         1         2         1         1      1564
         4      4060         1         3        10         3         2         3         1         1      8232
         4      4060         1         3        11         2         1         2         1         1      1547
         4      4060         1         3        12         5         1         5         1         1      4057
         4      4060         1         3        13         9         2         9         1         1     13250
         4      4060         1         3        14         1         1         1         1         1      1035
         4      4060         1         3        15         7         1         8         0         1      4750
         4      4060         1         3        16         8         1         8         1         1      2123
         4      4060         1         3        17         3         1         3         1         1      6786
         4      4060         1         3        18         8         1         8         1         1      4830
         4      4060         1         3        19         5         2         5         1         1      5128
         4      4060         1         3        20         8         2         8         1         1      3591
         4      4060         1         3        21         7         2         7         1         1      1636
         4      4060         1         3        22         7         1         7         1         1      3230
         4      4060         1         3        23         1         2         1         1         1      1113
         4      4060         1         3        24         3         1         3         1         1      5351
         4      4060         1         3        25         3         2         3         1         1      1788
         4      4060         1         3        26        10         2         0         1         1      1585
         4      4060         1         3        27         4         1         4         1         1      2525
         4      4060         1         3        28         6         2         6         1         1      2035
         4      4060         1         3        29         6         1         6         1         1       780
         4      4060         1         3        30         6         2         6         1         1      1033
         4      4060         1         3        31         5         1         5         1         1      5323
         4      4060         1         3        32        10         1         0         1         1      1185
         4      4060         1         3        33         8         2         8         1         1      2830
         4      4060         1         3        34         9         2         9         1         1      1495
         4      4060         1         3        35         6         1         6         1         1      1206
         4      4060         1         3        36         9         1         9         1         1      1602
         4      4060         1         3        37         5         2         5         1         1      7309
         4      4060         1         3        38         4         2         4         1         1      2293
         4      4060         1         3        39         2         2         2         1         1      1701
         4      4060         1         3        40        10         2         0         1         1      1022
         4      4060         1         4         1         8         2         8         1         1      2481
         4      4060         1         4         2         2         2         2         1         1      1146
         4      4060         1         4         3         3         2         3         1         1      5575
         4      4060         1         4         4         9         1         9         1         1      1156
         4      4060         1         4         5         6         2         6         1         1      1186
         4      4060         1         4         6         8         2         8         1         1      1519
         4      4060         1         4         7         6         2         6         1         1      1230
         4      4060         1         4         8         1         1         1         1         1      1577
         4      4060         1         4         9         8         1         7         0         1      3589
         4      4060         1         4        10         7         1         7         1         1      1282
         4      4060         1         4        11         1         2         1         1         1      1083
         4      4060         1         4        12        10         1         0         1         1      1226
         4      4060         1         4        13         6         1         6         1         1      1156
         4      4060         1         4        14         6         1         6         1         1       720
         4      4060         1         4        15         2         1         2         1         1      1072
         4      4060         1         4        16         4         2         4         1         1      1088
         4      4060         1         4        17        10         1         0         1         1      1423
         4      4060         1         4        18         3         2         3         1         1      5361
         4      4060         1         4        19         5         1         5         1         1      2263
         4      4060         1         4        20         9         1         9         1         1      1207
         4      4060         1         4        21         7         2         7         1         1      2371
         4      4060         1         4        22         4         1         4         1         1      1407
         4      4060         1         4        23         1         1         1         1         1      1107
         4      4060         1         4        24         4         1         4         1         1      1090
         4      4060         1         4        25         7         1         7         1         1      2434
         4      4060         1         4        26         7         2         7         1         1      1421
         4      4060         1         4        27         1         2         1         1         1      1024
         4      4060         1         4        28         2         1         2         1         1      1059
         4      4060         1         4        29         9         2         9         1         1      1093
         4      4060         1         4        30         3         1         3         1         1      7220
         4      4060         1         4        31         8         1         7         0         1      2463
         4      4060         1         4        32         9         2         9         1         1      1383
         4      4060         1         4        33         5         2         5         1         1      2219
         4      4060         1         4        34         5         2         5         1         1       878
         4      4060         1         4        35        10         2         0         1         1      1223
         4      4060         1         4        36        10         2         0         1         1       835
         4      4060         1         4        37         2         2         2         1         1      1214
         4      4060         1         4        38         4         2         4         1         1      1177
         4      4060         1         4        39         5         1         5         1         1      2183
         4      4060         1         4        40         3         1         3         1         1      1371
         4      4060         1         5         1         1         2         1         1         1      1186
         4      4060         1         5         2         1         2         1         1         1       671
         4      4060         1         5         3         3         1         3         1         1      2944
         4      4060         1         5         4         7         1         7         1         1      4054
         4      4060         1         5         5         2         1         2         1         1      1008
         4      4060         1         5         6        10         1         0         1         1      1251
         4      4060         1         5         7         8         2         8         1         1      2829
         4      4060         1         5         8         3         2         3         1         1      1991
         4      4060         1         5         9        10         2         0         1         1      1236
         4      4060         1         5        10         8         1         8         1         1      2095
         4      4060         1         5        11        10         1         0         1         1      1092
         4      4060         1         5        12         4         2         4         1         1      1780
         4      4060         1         5        13         6         1         6         1         1      2184
         4      4060         1         5        14         6         1         6         1         1       490
         4      4060         1         5        15         5         2         5         1         1      2050
         4      4060         1         5        16         4         1         4         1         1      1291
         4      4060         1         5        17         4         2         4         1         1       691
         4      4060         1         5        18         7         2         7         1         1      2915
         4      4060         1         5        19         7         2         7         1         1       602
         4      4060         1         5        20         2         2         2         1         1      1230
         4      4060         1         5        21         9         1         9         1         1      1096
         4      4060         1         5        22         3         1         3         1         1      3080
         4      4060         1         5        23         1         1         1         1         1      1479
         4      4060         1         5        24         6         2         6         1         1      2008
         4      4060         1         5        25         6         2         6         1         1       708
         4      4060         1         5        26         5         1         5         1         1      2643
         4      4060         1         5        27         3         2         3         1         1      1381
         4      4060         1         5        28         2         1         2         1         1      1497
         4      4060         1         5        29         5         2         5         1         1       984
         4      4060         1         5        30         1         1         1         1         1      1277
         4      4060         1         5        31        10         2         0         1         1      1159
         4      4060         1         5        32         9         2         9         1         1       996
         4      4060         1         5        33         9         1         9         1         1       824
         4      4060         1         5        34         7         1         7         1         1      3668
         4      4060         1         5        35         5         1         5         1         1      1325
         4      4060         1         5        36         8         2         8         1         1      3061
         4      4060         1         5        37         4         1         4         1         1      1349
         4      4060         1         5        38         8         1         8         1         1      2346
         4      4060         1         5        39         2         2         2         1         1      1032
         4      4060         1         5        40         9         2         9         1         1      1098
         4      4060         1         6         1        10         1         0         1         1      1266
         4      4060         1         6         2         9         2         9         1         1      1082
         4      4060         1         6         3         5         2         5         1         1      2170
         4      4060         1         6         4        10         2         0         1         1      1280
         4      4060         1         6         5        10         2         0         1         1      1529
         4      4060         1         6         6         5         1         5         1         1      1720
         4      4060         1         6         7         8         2         8         1         1      2336
         4      4060         1         6         8         7         1         7         1         1      3710
         4      4060         1         6         9         9         2         9         1         1      1302
         4      4060         1         6        10         6         1         6         1         1      4732
         4      4060         1         6        11         7         2         7         1         1      2507
         4      4060         1         6        12         6         2         6         1         1      1139
         4      4060         1         6        13         4         1         4         1         1      1184
         4      4060         1         6        14         9         1         9         1         1      1197
         4      4060         1         6        15         4         1         4         1         1      1063
         4      4060         1         6        16         3         1         3         1         1      1257
         4      4060         1         6        17         4         2         4         1         1      1170
         4      4060         1         6        18         8         1         8         1         1      2654
         4      4060         1         6        19         1         1         1         1         1      1200
         4      4060         1         6        20        10         1         0         1         1      1515
         4      4060         1         6        21         6         2         6         1         1      1129
         4      4060         1         6        22         3         1         3         1         1      1575
         4      4060         1         6        23         2         2         2         1         1      1044
         4      4060         1         6        24         5         2         5         1         1      1830
         4      4060         1         6        25         2         2         2         1         1      1721
         4      4060         1         6        26         2         1         2         1         1      1536
         4      4060         1         6        27         7         2         7         1         1      2542
         4      4060         1         6        28         3         2         3         1         1      1076
         4      4060         1         6        29         3         2         3         1         1       789
         4      4060         1         6        30         9         1         9         1         1      2065
         4      4060         1         6        31         6         1         6         1         1      1546
         4      4060         1         6        32         8         2         8         1         1      3063
         4      4060         1         6        33         1         2         1         1         1      1113
         4      4060         1         6        34         1         2         1         1         1       808
         4      4060         1         6        35         8         1         8         1         1      1363
         4      4060         1         6        36         7         1         7         1         1      1176
         4      4060         1         6        37         4         2         4         1         1      1333
         4      4060         1         6        38         5         1         5         1         1      3116
         4      4060         1         6        39         2         1         2         1         1       875
         4      4060         1         6        40         1         1         1         1         1       996
         4      4060         2         1         1         7         1         7         1         1      3981
         4      4060         2         1         2         5         1         5         1         1      2218
         4      4060         2         1         3         9         1         9         1         1      1149
         4      4060         2         1         4         9         4         9         1         0      1691
         4      4060         2         1         5         7         3         7         1         0      6179
         4      4060         2         1         6        10         1         0         1         1      1222
         4      4060         2         1         7        10         2         0         1         0      1266
         4      4060         2         1         8         8         4         8         1         0      5419
         4      4060         2         1         9         3         4         3         1         0      4124
         4      4060         2         1        10         3         1         3         1         1      1476
         4      4060         2         1        11         1         3         1         1         0      1845
         4      4060         2         1        12         8         3         8         1         0      5575
         4      4060         2         1        13         6         3         6         1         0      2628
         4      4060         2         1        14         1         1         1         1         1      1175
         4      4060         2         1        15         8         1         8         1         1      2435
         4      4060         2         1        16         7         2         7         1         0      1278
         4      4060         2         1        17         2         4         2         1         0      1190
         4      4060         2         1        18         4         2         4         1         0      1170
         4      4060         2         1        19         6         1         6         1         1      1566
         4      4060         2         1        20         3         3         3         1         0      2491
         4      4060         2         1        21         4         1         4         1         1      1170
         4      4060         2         1        22         9         2         9         1         0      1119
         4      4060         2         1        23         8         2         8         1         0      3951
         4      4060         2         1        24         1         4         1         1         0      1451
         4      4060         2         1        25         2         1         2         1         1      1277
         4      4060         2         1        26         5         4         3         0         0     10405
         4      4060         2         1        27         6         2         6         1         0      5297
         4      4060         2         1        28         3         2         3         1         0      1592
         4      4060         2         1        29        10         3         4         0         0     10083
         4      4060         2         1        30        10         4         1         0         0     13404
         4      4060         2         1        31         6         4         6         1         0      1919
         4      4060         2         1        32         4         4         1         0         0      2270
         4      4060         2         1        33         7         4         8         0         0      8670
         4      4060         2         1        34         5         2         5         1         0      2639
         4      4060         2         1        35         2         2         2         1         0      1281
         4      4060         2         1        36         1         2         1         1         0      7514
         4      4060         2         1        37         4         3         4         1         0      2504
         4      4060         2         1        38         5         3         5         1         0      2224
         4      4060         2         1        39         2         3         2         1         0      3011
         4      4060         2         1        40         9         3         9         1         0      1735
         4      4060         2         2         1         7         2         7         1         1      2851
         4      4060         2         2         2         5         1         5         1         0      1853
         4      4060         2         2         3         9         2         9         1         1      1374
         4      4060         2         2         4         3         2         3         1         1      1651
         4      4060         2         2         5         2         4         2         1         0      1069
         4      4060         2         2         6         6         4         6         1         0      2206
         4      4060         2         2         7        10         4         0         1         0     11122
         4      4060         2         2         8         3         3         3         1         0      3825
         4      4060         2         2         9         8         4         8         1         0      3076
         4      4060         2         2        10         8         1         8         1         0      1606
         4      4060         2         2        11         6         2         6         1         1      1153
         4      4060         2         2        12         2         2         2         1         1      1023
         4      4060         2         2        13         1         3         1         1         0      1698
         4      4060         2         2        14        10         3         4         0         0      1881
         4      4060         2         2        15         7         1         7         1         0      4553
         4      4060         2         2        16         2         3         2         1         0      1151
         4      4060         2         2        17         4         2         4         1         1      1133
         4      4060         2         2        18         6         1         6         1         0      1194
         4      4060         2         2        19         2         1         2         1         0      1062
         4      4060         2         2        20         3         4         3         1         0      1270
         4      4060         2         2        21         8         2         8         1         1      2271
         4      4060         2         2        22         5         4         5         1         0      2577
         4      4060         2         2        23        10         2         0         1         1      1623
         4      4060         2         2        24         8         3         8         1         0      2467
         4      4060         2         2        25         4         4         1         0         0      1387
         4      4060         2         2        26         4         1         4         1         0      1438
         4      4060         2         2        27         1         2         1         1         1      1105
         4      4060         2         2        28         5         3         5         1         0      2032
         4      4060         2         2        29         1         1         1         1         0      3084
         4      4060         2         2        30         7         4         4         0         0      3611
         4      4060         2         2        31         1         4         1         1         0      1686
         4      4060         2         2        32         9         1         9         1         0      1279
         4      4060         2         2        33         5         2         5         1         1      1335
         4      4060         2         2        34         6         3         6         1         0      1245
         4      4060         2         2        35         9         4         9         1         0      1126
         4      4060         2         2        36         3         1         3         1         0      1525
         4      4060         2         2        37         7         3         7         1         0      3604
         4      4060         2         2        38         4         3         4         1         0      1280
         4      4060         2         2        39         9         3         9         1         0      1225
         4      4060         2         2        40        10         1         0         1         0      1874
         4      4060         2         3         1         1         3         1         1         0      1265
         4      4060         2         3         2         4         4         1         0         0      1466
         4      4060         2         3         3         9         3         9         1         0      1324
         4      4060         2         3         4         2         2         2         1         0       948
         4      4060         2         3         5         9         2         9         1         0      1128
         4      4060         2         3         6         3         2         3         1         0      1702
         4      4060         2         3         7         8         3         8         1         0      2767
         4      4060         2         3         8         7         3         7         1         0      2781
         4      4060         2         3         9         4         3         4         1         0      1465
         4      4060         2         3        10         2         3         2         1         0      1514
         4      4060         2         3        11        10         1         0         1         1      1271
         4      4060         2         3        12         7         1         7         1         1      1921
         4      4060         2         3        13         1         4         1         1         0      1248
         4      4060         2         3        14         8         2         8         1         0      1787
         4      4060         2         3        15        10         3         4         0         0      4110
         4      4060         2         3        16         1         1         1         1         1      1670
         4      4060         2         3        17         8         4         8         1         0      2031
         4      4060         2         3        18         4         1         4         1         1      1049
         4      4060         2         3        19         5         4         5         1         0      1849
         4      4060         2         3        20         2         4         2         1         0      1179
         4      4060         2         3        21         3         4         3         1         0      1271
         4      4060         2         3        22         8         1         8         1         1      1439
         4      4060         2         3        23         7         2         7         1         0      1409
         4      4060         2         3        24         9         4         9         1         0      1172
         4      4060         2         3        25         5         3         5         1         0      2258
         4      4060         2         3        26         7         4         4         0         0      4164
         4      4060         2         3        27         6         2         6         1         0      1368
         4      4060         2         3        28         6         1         6         1         1       812
         4      4060         2         3        29         6         3         6         1         0       567
         4      4060         2         3        30         2         1         2         1         1      1020
         4      4060         2         3        31         3         3         3         1         0      1774
         4      4060         2         3        32         6         4         6         1         0      3186
         4      4060         2         3        33         9         1         9         1         1      1424
         4      4060         2         3        34        10         4         2         0         0      4724
         4      4060         2         3        35         4         2         4         1         0      1204
         4      4060         2         3        36         5         2         5         1         0      1696
         4      4060         2         3        37         3         1         3         1         1      1512
         4      4060         2         3        38         1         2         1         1         0       967
         4      4060         2         3        39        10         2         0         1         0      1550
         4      4060         2         3        40         5         1         5         1         1      1644
         4      4060         2         4         1         3         2         3         1         1      1458
         4      4060         2         4         2         4         4         1         0         0      1028
         4      4060         2         4         3        10         3         4         0         0      1430
         4      4060         2         4         4         7         3         7         1         0      1466
         4      4060         2         4         5         5         4         5         1         0      1562
         4      4060         2         4         6         9         2         9         1         1      1127
         4      4060         2         4         7         2         1         2         1         0      1175
         4      4060         2         4         8        10         1         0         1         0      1171
         4      4060         2         4         9         8         2         8         1         1      2481
         4      4060         2         4        10         5         2         5         1         1      1417
         4      4060         2         4        11         9         1         9         1         0      1245
         4      4060         2         4        12         8         3         8         1         0      2648
         4      4060         2         4        13         4         1         4         1         0      1144
         4      4060         2         4        14         1         1         1         1         0      1255
         4      4060         2         4        15         3         3         3         1         0      1473
         4      4060         2         4        16         6         1         6         1         0      2337
         4      4060         2         4        17         6         4         6         1         0      1135
         4      4060         2         4        18         3         4         3         1         0      2157
         4      4060         2         4        19         4         2         4         1         1      1139
         4      4060         2         4        20        10         2         0         1         1      1251
         4      4060         2         4        21         1         4         1         1         0      1133
         4      4060         2         4        22         8         1         8         1         0      1451
         4      4060         2         4        23         7         1         7         1         0      1180
         4      4060         2         4        24         2         4         2         1         0      1114
         4      4060         2         4        25        10         4         2         0         0      2106
         4      4060         2         4        26         5         3         5         1         0      1428
         4      4060         2         4        27         4         3         4         1         0      1429
         4      4060         2         4        28         7         4         4         0         0      1704
         4      4060         2         4        29         8         4         8         1         0      5743
         4      4060         2         4        30         6         3         6         1         0      1204
         4      4060         2         4        31         1         3         1         1         0      1184
         4      4060         2         4        32         9         4         9         1         0      1245
         4      4060         2         4        33         3         1         3         1         0      1942
         4      4060         2         4        34         7         2         7         1         1      2422
         4      4060         2         4        35         5         1         5         1         0      1985
         4      4060         2         4        36         6         2         6         1         1      1214
         4      4060         2         4        37         1         2         1         1         1      1048
         4      4060         2         4        38         2         3         2         1         0       971
         4      4060         2         4        39         2         2         2         1         1       992
         4      4060         2         4        40         9         3         9         1         0      1316
