Condition Subject Session Block Trial Subtype Token Response Correct Feedback RT 
         1      1120         1         1         1         7         2         2         0         1     66079
         1      1120         1         1         2         4         1         5         0         1     11960
         1      1120         1         1         3         9         2         2         0         1      3077
         1      1120         1         1         4         2         2         2         1         1      4886
         1      1120         1         1         5         4         1         3         0         1      6463
         1      1120         1         1         6        10         2         2         0         1      3799
         1      1120         1         1         7         5         1         1         0         1      5946
         1      1120         1         1         8         3         1         6         0         1      7911
         1      1120         1         1         9        10         1         3         0         1      5925
         1      1120         1         1        10         2         1         2         1         1      4756
         1      1120         1         1        11         1         1         2         0         1      4175
         1      1120         1         1        12         5         1         3         0         1      8661
         1      1120         1         1        13         2         2         2         1         1      2854
         1      1120         1         1        14         6         2         9         0         1      8511
         1      1120         1         1        15         1         2         2         0         1      2885
         1      1120         1         1        16         3         1         3         1         1      2590
         1      1120         1         1        17         9         1         6         0         1      8321
         1      1120         1         1        18         8         2         2         0         1      2655
         1      1120         1         1        19         2         1         2         1         1      2513
         1      1120         1         1        20         6         1         7         0         1     13479
         1      1120         1         1        21         5         2         1         0         1      4502
         1      1120         1         1        22         6         2         9         0         1     11373
         1      1120         1         1        23         7         1         5         0         1      6754
         1      1120         1         1        24         8         1         5         0         1      5358
         1      1120         1         1        25         1         2         5         0         1      7747
         1      1120         1         1        26         7         1         9         0         1     16377
         1      1120         1         1        27         4         2         5         0         1      6483
         1      1120         1         1        28         8         2         5         0         1      3819
         1      1120         1         1        29         1         1         1         1         1      8397
         1      1120         1         1        30         7         2         3         0         1      8489
         1      1120         1         1        31         8         1         5         0         1     11089
         1      1120         1         1        32        10         1         4         0         1     12848
         1      1120         1         1        33         4         2         3         0         1      6441
         1      1120         1         1        34         5         2         5         1         1      3251
         1      1120         1         1        35         9         2         2         0         1      3452
         1      1120         1         1        36        10         2         8         0         1     11758
         1      1120         1         1        37         6         1         9         0         1      7284
         1      1120         1         1        38         3         2         9         0         1      6524
         1      1120         1         1        39         9         1         9         1         1      7586
         1      1120         1         1        40         3         2         6         0         1      9583
         1      1120         1         2         1         6         2         6         1         1     10752
         1      1120         1         2         2         6         1         9         0         1      8830
         1      1120         1         2         3         4         2         5         0         1      4536
         1      1120         1         2         4         3         1         5         0         1      5662
         1      1120         1         2         5         2         1         5         0         1      4519
         1      1120         1         2         6         3         2         3         1         1      9950
         1      1120         1         2         7         9         2         9         1         1     18875
         1      1120         1         2         8         7         2         0         0         1     17444
         1      1120         1         2         9         8         2         5         0         1      3078
         1      1120         1         2        10         8         2         6         0         1      9318
         1      1120         1         2        11         9         2         3         0         1      7406
         1      1120         1         2        12         9         1         3         0         1      1376
         1      1120         1         2        13        10         2         6         0         1      3077
         1      1120         1         2        14         3         1         3         1         1      6807
         1      1120         1         2        15         4         1         5         0         1      4819
         1      1120         1         2        16         2         2         1         0         1      7166
         1      1120         1         2        17         8         1         7         0         1      6266
         1      1120         1         2        18         7         1         5         0         1      4523
         1      1120         1         2        19         1         2         5         0         1      9011
         1      1120         1         2        20         5         2         5         1         1      2679
         1      1120         1         2        21         5         2         5         1         1      5094
         1      1120         1         2        22         1         1         2         0         1      4277
         1      1120         1         2        23         8         1         7         0         1      4326
         1      1120         1         2        24         5         1         3         0         1      4261
         1      1120         1         2        25         4         1         6         0         1      4502
         1      1120         1         2        26         2         1         6         0         1      1134
         1      1120         1         2        27         9         1         9         1         1      8108
         1      1120         1         2        28         3         2         3         1         1      8979
         1      1120         1         2        29         6         1         6         1         1      6327
         1      1120         1         2        30        10         2         7         0         1     10631
         1      1120         1         2        31         6         2         4         0         1      5512
         1      1120         1         2        32        10         1         4         0         1      1862
         1      1120         1         2        33        10         1         0         1         1      3830
         1      1120         1         2        34         5         1         3         0         1     10280
         1      1120         1         2        35         4         2         2         0         1      3528
         1      1120         1         2        36         7         2         8         0         1     10085
         1      1120         1         2        37         1         1         8         0         1      6941
         1      1120         1         2        38         2         2         6         0         1      7492
         1      1120         1         2        39         1         2         5         0         1      4244
         1      1120         1         2        40         7         1         5         0         1      1639
         1      1120         1         3         1         2         1         1         0         1      8583
         1      1120         1         3         2        10         1         5         0         1      4282
         1      1120         1         3         3         8         2         7         0         1     10170
         1      1120         1         3         4         9         2         8         0         1      5663
         1      1120         1         3         5         7         1         5         0         1      3065
         1      1120         1         3         6         3         2         5         0         1      2474
         1      1120         1         3         7         7         2         8         0         1      8595
         1      1120         1         3         8         2         2         5         0         1      3431
         1      1120         1         3         9         1         2         5         0         1      5338
         1      1120         1         3        10         5         2         5         1         1      5136
         1      1120         1         3        11         3         1         5         0         1      3743
         1      1120         1         3        12         1         1         6         0         1      5541
         1      1120         1         3        13         1         2         5         0         1      2372
         1      1120         1         3        14         5         2         5         1         1      8209
         1      1120         1         3        15         8         1         6         0         1      5829
         1      1120         1         3        16         6         1         7         0         1     10647
         1      1120         1         3        17         4         2         2         0         1      3896
         1      1120         1         3        18         9         1         9         1         1      3512
         1      1120         1         3        19         1         1         4         0         1      4421
         1      1120         1         3        20         7         2         7         1         1      6913
         1      1120         1         3        21        10         2         1         0         1      7689
         1      1120         1         3        22         3         2         5         0         1     10738
         1      1120         1         3        23         4         1         1         0         1      4592
         1      1120         1         3        24        10         1         9         0         1     12628
         1      1120         1         3        25         6         2         6         1         1      6310
         1      1120         1         3        26         5         1         5         1         1      5574
         1      1120         1         3        27        10         2         0         1         1      4035
         1      1120         1         3        28         4         2         1         0         1      4301
         1      1120         1         3        29         4         1         4         1         1      3006
         1      1120         1         3        30         2         2         2         1         1      4067
         1      1120         1         3        31         6         1         6         1         1      4684
         1      1120         1         3        32         9         2         9         1         1      2876
         1      1120         1         3        33         6         2         6         1         1      2885
         1      1120         1         3        34         8         2         5         0         1      2861
         1      1120         1         3        35         2         1         1         0         1      3319
         1      1120         1         3        36         7         1         3         0         1      5007
         1      1120         1         3        37         8         1         4         0         1      3795
         1      1120         1         3        38         3         1         0         0         1      5176
         1      1120         1         3        39         5         1         5         1         1      2710
         1      1120         1         3        40         9         1         9         1         1      2181
         1      1120         1         4         1         3         1         3         1         1      8985
         1      1120         1         4         2         6         2         6         1         1      3230
         1      1120         1         4         3         8         1         6         0         1     11800
         1      1120         1         4         4        10         2         1         0         1      4445
         1      1120         1         4         5         9         1         9         1         1      2086
         1      1120         1         4         6         2         1         4         0         1      3983
         1      1120         1         4         7         6         1         6         1         1      2508
         1      1120         1         4         8         6         1         6         1         1      4164
         1      1120         1         4         9         7         2         3         0         1     12985
         1      1120         1         4        10         1         2         5         0         1      4829
         1      1120         1         4        11        10         2         1         0         1      5000
         1      1120         1         4        12         9         2         9         1         1      1788
         1      1120         1         4        13         1         1         8         0         1      4608
         1      1120         1         4        14         4         2         2         0         1      4627
         1      1120         1         4        15         7         1         1         0         1      4343
         1      1120         1         4        16         8         1         4         0         1      2278
         1      1120         1         4        17         2         2         2         1         1      2679
         1      1120         1         4        18         4         1         2         0         1      3608
         1      1120         1         4        19         4         2         4         1         1      2596
         1      1120         1         4        20         5         2         5         1         1      6375
         1      1120         1         4        21         3         1         5         0         1      3702
         1      1120         1         4        22         4         1         2         0         1      2061
         1      1120         1         4        23         7         2         7         1         1      4246
         1      1120         1         4        24         1         1         4         0         1      9911
         1      1120         1         4        25         2         1         5         0         1      4839
         1      1120         1         4        26         9         2         9         1         1      2225
         1      1120         1         4        27         8         2         5         0         1      5173
         1      1120         1         4        28         6         2         6         1         1      2913
         1      1120         1         4        29         8         2         3         0         1      6312
         1      1120         1         4        30         7         1         7         1         1      3608
         1      1120         1         4        31         9         1         9         1         1      2548
         1      1120         1         4        32         3         2         5         0         1      2825
         1      1120         1         4        33         2         2         2         1         1      2005
         1      1120         1         4        34         5         2         5         1         1      2017
         1      1120         1         4        35         3         2         5         0         1      2253
         1      1120         1         4        36         5         1         5         1         1      3263
         1      1120         1         4        37         1         2         3         0         1      4936
         1      1120         1         4        38        10         1         7         0         1      4830
         1      1120         1         4        39         5         1         5         1         1      2073
         1      1120         1         4        40        10         1         0         1         1      3010
         1      1120         1         5         1         3         1         7         0         1     14252
         1      1120         1         5         2         6         2         6         1         1      2077
         1      1120         1         5         3         6         2         6         1         1      1589
         1      1120         1         5         4         2         1         3         0         1      9330
         1      1120         1         5         5         4         2         3         0         1      2296
         1      1120         1         5         6         5         1         5         1         1      2008
         1      1120         1         5         7         2         2         2         1         1      1812
         1      1120         1         5         8         7         1         5         0         1      2105
         1      1120         1         5         9        10         2         0         1         1      4977
         1      1120         1         5        10         3         1         0         0         1      3175
         1      1120         1         5        11         8         1         4         0         1     10404
         1      1120         1         5        12         2         2         2         1         1      1697
         1      1120         1         5        13         9         2         9         1         1      1768
         1      1120         1         5        14         1         2         5         0         1      3310
         1      1120         1         5        15         5         2         5         1         1      1702
         1      1120         1         5        16        10         2         7         0         1      6702
         1      1120         1         5        17        10         1         7         0         1      1853
         1      1120         1         5        18         5         2         5         1         1      1934
         1      1120         1         5        19         7         2         7         1         1      7165
         1      1120         1         5        20         6         1         6         1         1      1754
         1      1120         1         5        21         8         1         1         0         1      5471
         1      1120         1         5        22         1         2         3         0         1     10640
         1      1120         1         5        23         6         1         6         1         1      1507
         1      1120         1         5        24         3         2         3         1         1      5492
         1      1120         1         5        25         8         2         9         0         1      4085
         1      1120         1         5        26         9         1         9         1         1       732
         1      1120         1         5        27         7         1         7         1         1      3676
         1      1120         1         5        28         7         2         7         1         1      5206
         1      1120         1         5        29         5         1         5         1         1      5345
         1      1120         1         5        30         9         2         9         1         1      1767
         1      1120         1         5        31         4         1         4         1         1      4285
         1      1120         1         5        32         1         1         1         1         1      3917
         1      1120         1         5        33         4         2         2         0         1      7483
         1      1120         1         5        34         4         1         4         1         1      3500
         1      1120         1         5        35        10         1         9         0         1      4219
         1      1120         1         5        36         1         1         3         0         1      3694
         1      1120         1         5        37         2         1         5         0         1     12006
         1      1120         1         5        38         3         2         5         0         1      2738
         1      1120         1         5        39         8         2         0         0         1      3153
         1      1120         1         5        40         9         1         9         1         1      1646
         1      1120         1         6         1         6         1         6         1         1      2204
         1      1120         1         6         2         3         2         3         1         1      6001
         1      1120         1         6         3         3         1         9         0         1      5006
         1      1120         1         6         4         2         1         7         0         1      2882
         1      1120         1         6         5         1         2         5         0         1      3899
         1      1120         1         6         6         1         2         1         1         1      2970
         1      1120         1         6         7         4         1         2         0         1      4112
         1      1120         1         6         8         8         2         5         0         1      4872
         1      1120         1         6         9         3         2         3         1         1      4913
         1      1120         1         6        10        10         2         7         0         1      4169
         1      1120         1         6        11         3         1         9         0         1      9966
         1      1120         1         6        12        10         1         9         0         1      2187
         1      1120         1         6        13         8         1         4         0         1      2288
         1      1120         1         6        14         6         2         6         1         1      1903
         1      1120         1         6        15         5         1         5         1         1      3039
         1      1120         1         6        16         5         1         5         1         1      2449
         1      1120         1         6        17         2         1         5         0         1      3836
         1      1120         1         6        18        10         1         7         0         1      3534
         1      1120         1         6        19         9         2         9         1         1      1836
         1      1120         1         6        20         8         2         3         0         1      5920
         1      1120         1         6        21         7         1         5         0         1      1712
         1      1120         1         6        22         4         2         2         0         1      1894
         1      1120         1         6        23         7         2         7         1         1      2871
         1      1120         1         6        24         6         1         6         1         1      1519
         1      1120         1         6        25         2         2         2         1         1      1743
         1      1120         1         6        26         7         1         7         1         1      4535
         1      1120         1         6        27         9         2         9         1         1      3598
         1      1120         1         6        28         7         2         7         1         1      2570
         1      1120         1         6        29         1         1         4         0         1      6318
         1      1120         1         6        30         5         2         5         1         1      3517
         1      1120         1         6        31         9         1         9         1         1      2780
         1      1120         1         6        32        10         2         8         0         1      5081
         1      1120         1         6        33         4         2         2         0         1      2681
         1      1120         1         6        34         2         2         2         1         1      1322
         1      1120         1         6        35         4         1         4         1         1      2034
         1      1120         1         6        36         9         1         9         1         1      1324
         1      1120         1         6        37         5         2         5         1         1      1588
         1      1120         1         6        38         8         1         1         0         1      6768
         1      1120         1         6        39         1         1         1         1         1      4156
         1      1120         1         6        40         6         2         6         1         1      1713
         1      1120         2         1         1         6         1         6         1         1      1934
         1      1120         2         1         2         7         2         7         1         0      4796
         1      1120         2         1         3         5         3         5         1         0      2566
         1      1120         2         1         4         9         2         9         1         0      1915
         1      1120         2         1         5         1         1         1         1         1      3785
         1      1120         2         1         6         5         2         5         1         0      1805
         1      1120         2         1         7         2         3         2         1         0      1776
         1      1120         2         1         8         6         3         6         1         0      2085
         1      1120         2         1         9         3         3         9         0         0      3294
         1      1120         2         1        10         1         3         5         0         0      5076
         1      1120         2         1        11         2         2         2         1         0      2069
         1      1120         2         1        12         7         4         5         0         0      2765
         1      1120         2         1        13         9         1         9         1         1      2137
         1      1120         2         1        14        10         4         1         0         0      3727
         1      1120         2         1        15        10         1         0         1         1      5349
         1      1120         2         1        16         8         4         8         1         0      6505
         1      1120         2         1        17         8         3         4         0         0      2879
         1      1120         2         1        18         5         4         3         0         0      6470
         1      1120         2         1        19         3         1         9         0         1      2415
         1      1120         2         1        20         1         2         5         0         0      3082
         1      1120         2         1        21         3         4         5         0         0      1227
         1      1120         2         1        22         7         1         7         1         1      2775
         1      1120         2         1        23        10         2         0         1         0      2789
         1      1120         2         1        24         6         4         6         1         0      1759
         1      1120         2         1        25         1         4         5         0         0      1812
         1      1120         2         1        26         5         1         7         0         1      5863
         1      1120         2         1        27        10         3         7         0         0      3894
         1      1120         2         1        28         9         3         9         1         0      1958
         1      1120         2         1        29         4         3         3         0         0      2338
         1      1120         2         1        30         2         1         5         0         1      1745
         1      1120         2         1        31         9         4         9         1         0      3239
         1      1120         2         1        32         4         1         4         1         1      2210
         1      1120         2         1        33         4         2         4         1         0      1349
         1      1120         2         1        34         7         3         5         0         0      5721
         1      1120         2         1        35         3         2         5         0         0      7728
         1      1120         2         1        36         2         4         9         0         0      3286
         1      1120         2         1        37         8         2         5         0         0      2127
         1      1120         2         1        38         8         1         1         0         1      2245
         1      1120         2         1        39         6         2         6         1         0      1559
         1      1120         2         1        40         4         4         1         0         0      3012
         1      1120         2         2         1         2         2         2         1         1      3519
         1      1120         2         2         2         8         2         3         0         1     11134
         1      1120         2         2         3         8         1         1         0         0      3997
         1      1120         2         2         4         9         4         9         1         0      2760
         1      1120         2         2         5         3         3         3         1         0      3639
         1      1120         2         2         6         2         4         8         0         0      9666
         1      1120         2         2         7         6         4         6         1         0      1626
         1      1120         2         2         8         6         3         6         1         0      1541
         1      1120         2         2         9         1         2         5         0         1      2084
         1      1120         2         2        10         8         3         5         0         0      1581
         1      1120         2         2        11         7         1         7         1         0      3546
         1      1120         2         2        12         5         3         5         1         0      2248
         1      1120         2         2        13         7         3         4         0         0      2906
         1      1120         2         2        14         1         4         8         0         0      2962
         1      1120         2         2        15         1         1         4         0         0      1398
         1      1120         2         2        16         1         3         5         0         0      1642
         1      1120         2         2        17         7         4         1         0         0      5012
         1      1120         2         2        18         6         1         6         1         0      1464
         1      1120         2         2        19         2         1         2         1         0      6506
         1      1120         2         2        20         9         2         9         1         1      1330
         1      1120         2         2        21         5         4         7         0         0      9128
         1      1120         2         2        22        10         3         8         0         0      3925
         1      1120         2         2        23         9         1         9         1         0      1332
         1      1120         2         2        24         3         4         5         0         0      1755
         1      1120         2         2        25         3         2         5         0         1      1394
         1      1120         2         2        26         4         4         4         1         0      1911
         1      1120         2         2        27        10         4         4         0         0      1862
         1      1120         2         2        28         4         3         4         1         0       984
         1      1120         2         2        29         2         3         8         0         0      2125
         1      1120         2         2        30         6         2         6         1         1      2067
         1      1120         2         2        31         3         1         5         0         0      1501
         1      1120         2         2        32         4         1         4         1         0      1533
         1      1120         2         2        33         4         2         4         1         1      1547
         1      1120         2         2        34         8         4         4         0         0      1640
         1      1120         2         2        35         9         3         9         1         0      1459
         1      1120         2         2        36         7         2         7         1         1      3109
         1      1120         2         2        37         5         2         5         1         1      1540
         1      1120         2         2        38        10         1         0         1         0      2530
         1      1120         2         2        39        10         2         0         1         1      4441
         1      1120         2         2        40         5         1         3         0         0      6451
         1      1120         2         3         1        10         1         0         1         1      5280
         1      1120         2         3         2         8         1         1         0         1      3753
         1      1120         2         3         3        10         3         4         0         0      1886
         1      1120         2         3         4         6         2         6         1         0      1583
         1      1120         2         3         5         6         4         6         1         0       843
         1      1120         2         3         6         9         1         9         1         1      1413
         1      1120         2         3         7        10         4         2         0         0      7864
         1      1120         2         3         8         3         1         6         0         1      1930
         1      1120         2         3         9         1         1         3         0         1      4792
         1      1120         2         3        10         4         3         4         1         0      4901
         1      1120         2         3        11        10         2         0         1         0      2750
         1      1120         2         3        12         5         4         4         0         0      1676
         1      1120         2         3        13         4         1         4         1         1      1542
         1      1120         2         3        14         8         4         4         0         0      1237
         1      1120         2         3        15         5         1         7         0         1      3711
         1      1120         2         3        16         2         4         1         0         0      2534
         1      1120         2         3        17         3         2         5         0         0      1742
         1      1120         2         3        18         4         2         4         1         0      2132
         1      1120         2         3        19         3         3         7         0         0      1803
         1      1120         2         3        20         1         4         3         0         0      4415
         1      1120         2         3        21         7         1         7         1         1      3323
         1      1120         2         3        22         4         4         4         1         0      1907
         1      1120         2         3        23         5         3         5         1         0      4082
         1      1120         2         3        24         6         3         6         1         0      1835
         1      1120         2         3        25         7         2         7         1         0      2734
         1      1120         2         3        26         6         1         6         1         1      1228
         1      1120         2         3        27         8         3         5         0         0      1911
         1      1120         2         3        28         9         2         9         1         0      1366
         1      1120         2         3        29         9         4         9         1         0      1675
         1      1120         2         3        30         8         2         8         1         0      5573
         1      1120         2         3        31         7         4         8         0         0      6466
         1      1120         2         3        32         1         2         8         0         0      3003
         1      1120         2         3        33         3         4         5         0         0      1968
         1      1120         2         3        34         5         2         5         1         0      1421
         1      1120         2         3        35         7         3         3         0         0      4720
         1      1120         2         3        36         1         3         8         0         0      6191
         1      1120         2         3        37         9         3         9         1         0      1268
         1      1120         2         3        38         2         1         5         0         1      6510
         1      1120         2         3        39         2         3         2         1         0      2053
         1      1120         2         3        40         2         2         2         1         0       960
         1      1120         2         4         1        10         1         0         1         0      2937
         1      1120         2         4         2         7         3         8         0         0      5551
         1      1120         2         4         3         1         3         4         0         0      1773
         1      1120         2         4         4         8         1         1         0         0      2354
         1      1120         2         4         5         4         4         4         1         0      1776
         1      1120         2         4         6         6         2         6         1         1      3061
         1      1120         2         4         7         2         1         2         1         0      6503
         1      1120         2         4         8         4         3         4         1         0      1823
         1      1120         2         4         9         3         1         5         0         0      1811
         1      1120         2         4        10         4         2         4         1         1      1958
         1      1120         2         4        11         1         2         5         0         1      3716
         1      1120         2         4        12         3         4         5         0         0      1164
         1      1120         2         4        13         1         4         4         0         0      1913
         1      1120         2         4        14         8         4         4         0         0      2248
         1      1120         2         4        15         9         2         9         1         1      1386
         1      1120         2         4        16         1         1         3         0         0      6046
         1      1120         2         4        17         5         3         5         1         0      1736
         1      1120         2         4        18         8         2         0         0         1      2367
         1      1120         2         4        19         5         4         7         0         0      2300
         1      1120         2         4        20         3         2         5         0         1      2092
         1      1120         2         4        21         4         1         4         1         0      1398
         1      1120         2         4        22         2         3         4         0         0      1402
         1      1120         2         4        23         9         3         9         1         0      1277
         1      1120         2         4        24         5         1         7         0         0      2806
         1      1120         2         4        25         3         3         5         0         0      1730
         1      1120         2         4        26        10         3         4         0         0      2552
         1      1120         2         4        27         8         3         6         0         0      1454
         1      1120         2         4        28         6         3         6         1         0      1744
         1      1120         2         4        29         7         1         5         0         0      3847
         1      1120         2         4        30         9         1         9         1         0      1289
         1      1120         2         4        31         7         4         8         0         0      5073
         1      1120         2         4        32        10         4         1         0         0     12002
         1      1120         2         4        33         7         2         7         1         1      3599
         1      1120         2         4        34         6         4         6         1         0      1514
         1      1120         2         4        35         6         1         6         1         0      1417
         1      1120         2         4        36         2         2         2         1         1      1612
         1      1120         2         4        37        10         2         0         1         1      3256
         1      1120         2         4        38         9         4         9         1         0      1457
         1      1120         2         4        39         5         2         5         1         1      1683
         1      1120         2         4        40         2         4         8         0         0      1724
