Condition Subject Session Block Trial Subtype Token Response Correct Feedback RT 
         2      2080         1         1         1         7         1         0         0         1     10106
         2      2080         1         1         2         5         1         5         1         1      2234
         2      2080         1         1         3         4         2         0         0         1      2732
         2      2080         1         1         4        10         1         0         1         1      2747
         2      2080         1         1         5         5         2         8         0         1      4025
         2      2080         1         1         6         3         1         6         0         1     13092
         2      2080         1         1         7         9         1         6         0         1      4357
         2      2080         1         1         8         1         2         6         0         1      9537
         2      2080         1         1         9         1         1         2         0         1      5565
         2      2080         1         1        10         8         1         8         1         1      4475
         2      2080         1         1        11         3         2         2         0         1      6564
         2      2080         1         1        12        10         1         0         1         1      1755
         2      2080         1         1        13         9         1         7         0         1     14929
         2      2080         1         1        14         3         2         3         1         1      3768
         2      2080         1         1        15         4         1         7         0         1      5230
         2      2080         1         1        16         8         2         5         0         1      8056
         2      2080         1         1        17         9         2         6         0         1      3954
         2      2080         1         1        18         4         1         1         0         1      5184
         2      2080         1         1        19         1         1         1         1         1      2572
         2      2080         1         1        20         2         2         9         0         1      4432
         2      2080         1         1        21         6         2         4         0         1      6699
         2      2080         1         1        22         8         1         4         0         1      6732
         2      2080         1         1        23        10         2         0         1         1      2380
         2      2080         1         1        24         5         2         5         1         1      4808
         2      2080         1         1        25         8         2         8         1         1      4308
         2      2080         1         1        26         5         1         5         1         1      2179
         2      2080         1         1        27         3         1         3         1         1      4280
         2      2080         1         1        28         2         2         2         1         1      3993
         2      2080         1         1        29         6         1         4         0         1     15013
         2      2080         1         1        30         7         2         0         0         1      1881
         2      2080         1         1        31         6         2         6         1         1      4475
         2      2080         1         1        32         2         1         2         1         1      6085
         2      2080         1         1        33         4         2         0         0         1      6285
         2      2080         1         1        34         7         2         7         1         1      3502
         2      2080         1         1        35         1         2         1         1         1      5020
         2      2080         1         1        36         2         1         2         1         1      3633
         2      2080         1         1        37        10         2         0         1         1      1628
         2      2080         1         1        38         9         2         7         0         1     19047
         2      2080         1         1        39         7         1         4         0         1      7834
         2      2080         1         1        40         6         1         6         1         1      2605
         2      2080         1         2         1         8         1         8         1         1      8358
         2      2080         1         2         2        10         1         0         1         1      1670
         2      2080         1         2         3         5         1         5         1         1      1790
         2      2080         1         2         4         4         1         4         1         1     20578
         2      2080         1         2         5         7         2         7         1         1      3015
         2      2080         1         2         6         9         1         9         1         1      5003
         2      2080         1         2         7         2         1         2         1         1      1808
         2      2080         1         2         8        10         1         0         1         1      2085
         2      2080         1         2         9         7         1         7         1         1      6750
         2      2080         1         2        10         6         2         6         1         1      2077
         2      2080         1         2        11         8         2         8         1         1      4005
         2      2080         1         2        12         6         1         6         1         1      2081
         2      2080         1         2        13        10         2         0         1         1      2330
         2      2080         1         2        14         3         2         3         1         1      3209
         2      2080         1         2        15         7         1         4         0         1      5605
         2      2080         1         2        16         4         2         4         1         1      7137
         2      2080         1         2        17         1         1         3         0         1      8943
         2      2080         1         2        18         9         1         9         1         1      2807
         2      2080         1         2        19         5         2         5         1         1      2642
         2      2080         1         2        20         8         1         8         1         1      2645
         2      2080         1         2        21         9         2         9         1         1      5528
         2      2080         1         2        22         4         1         4         1         1      6854
         2      2080         1         2        23        10         2         0         1         1      1953
         2      2080         1         2        24         3         1         3         1         1      3280
         2      2080         1         2        25         4         2         4         1         1      3593
         2      2080         1         2        26         9         2         9         1         1      2166
         2      2080         1         2        27         7         2         7         1         1      2300
         2      2080         1         2        28         8         2         8         1         1      2044
         2      2080         1         2        29         1         2         2         0         1      2292
         2      2080         1         2        30         2         2         9         0         1      4180
         2      2080         1         2        31         2         2         2         1         1      3385
         2      2080         1         2        32         3         2         3         1         1      1728
         2      2080         1         2        33         3         1         3         1         1      1797
         2      2080         1         2        34         5         1         5         1         1      1560
         2      2080         1         2        35         1         2         1         1         1      3621
         2      2080         1         2        36         1         1         2         0         1      8847
         2      2080         1         2        37         2         1         9         0         1      3290
         2      2080         1         2        38         5         2         5         1         1      1859
         2      2080         1         2        39         6         1         6         1         1      3909
         2      2080         1         2        40         6         2         6         1         1      2581
         2      2080         1         3         1         4         2         4         1         1     10855
         2      2080         1         3         2        10         1         0         1         1      1394
         2      2080         1         3         3         6         1         6         1         1      1510
         2      2080         1         3         4         4         2         4         1         1      2182
         2      2080         1         3         5         2         2         1         0         1      5195
         2      2080         1         3         6         9         2         9         1         1      1911
         2      2080         1         3         7         9         2         9         1         1      1719
         2      2080         1         3         8         5         2         5         1         1      1887
         2      2080         1         3         9         6         1         6         1         1      1423
         2      2080         1         3        10         5         1         5         1         1      1409
         2      2080         1         3        11         1         2         1         1         1      3379
         2      2080         1         3        12         8         1         8         1         1     11368
         2      2080         1         3        13         6         2         6         1         1      1886
         2      2080         1         3        14        10         2         0         1         1      1551
         2      2080         1         3        15         4         1         4         1         1      4493
         2      2080         1         3        16         7         1         7         1         1     12373
         2      2080         1         3        17         9         1         9         1         1      2868
         2      2080         1         3        18         8         2         8         1         1      1836
         2      2080         1         3        19         4         1         4         1         1      1934
         2      2080         1         3        20         5         2         5         1         1      1532
         2      2080         1         3        21         3         1         3         1         1      1852
         2      2080         1         3        22         8         1         8         1         1      2046
         2      2080         1         3        23         7         2         7         1         1      1721
         2      2080         1         3        24        10         2         0         1         1      1554
         2      2080         1         3        25         3         2         3         1         1      1936
         2      2080         1         3        26         2         2         2         1         1      3854
         2      2080         1         3        27         1         1         1         1         1      5455
         2      2080         1         3        28         6         2         6         1         1      1986
         2      2080         1         3        29         8         2         8         1         1      2143
         2      2080         1         3        30         1         1         1         1         1      1876
         2      2080         1         3        31        10         1         0         1         1      1126
         2      2080         1         3        32         2         1         2         1         1      4662
         2      2080         1         3        33         1         2         1         1         1      1334
         2      2080         1         3        34         3         2         3         1         1      1437
         2      2080         1         3        35         9         1         9         1         1      1728
         2      2080         1         3        36         7         1         7         1         1      2296
         2      2080         1         3        37         3         1         3         1         1      1400
         2      2080         1         3        38         7         2         7         1         1      1453
         2      2080         1         3        39         2         1         2         1         1      1215
         2      2080         1         3        40         5         1         5         1         1      2297
         2      2080         1         4         1         7         1         7         1         1      1331
         2      2080         1         4         2         3         1         3         1         1      1259
         2      2080         1         4         3         8         1         8         1         1      2485
         2      2080         1         4         4         9         2         9         1         1      3839
         2      2080         1         4         5         4         1         4         1         1      2353
         2      2080         1         4         6         2         2         2         1         1      1999
         2      2080         1         4         7         8         2         8         1         1      1643
         2      2080         1         4         8         6         2         6         1         1      1302
         2      2080         1         4         9         4         2         4         1         1      2606
         2      2080         1         4        10         5         1         5         1         1      1377
         2      2080         1         4        11        10         1         0         1         1      1223
         2      2080         1         4        12         2         2         2         1         1      1442
         2      2080         1         4        13        10         2         0         1         1      1318
         2      2080         1         4        14         7         1         7         1         1      1454
         2      2080         1         4        15         3         2         3         1         1      1440
         2      2080         1         4        16         2         1         2         1         1      1203
         2      2080         1         4        17         1         2         1         1         1      1230
         2      2080         1         4        18         7         2         7         1         1      1241
         2      2080         1         4        19        10         2         0         1         1      1284
         2      2080         1         4        20         9         1         9         1         1      1886
         2      2080         1         4        21         6         2         6         1         1      1086
         2      2080         1         4        22         9         2         9         1         1      1393
         2      2080         1         4        23         5         1         5         1         1      1092
         2      2080         1         4        24         3         2         3         1         1      1124
         2      2080         1         4        25         4         2         4         1         1      2197
         2      2080         1         4        26         3         1         3         1         1      1272
         2      2080         1         4        27         6         1         6         1         1      1282
         2      2080         1         4        28         9         1         9         1         1      1275
         2      2080         1         4        29         8         1         8         1         1      1476
         2      2080         1         4        30         7         2         7         1         1      1302
         2      2080         1         4        31         6         1         6         1         1      1262
         2      2080         1         4        32         2         1         2         1         1      1895
         2      2080         1         4        33         8         2         8         1         1      1174
         2      2080         1         4        34         1         1         1         1         1      1059
         2      2080         1         4        35         4         1         4         1         1      1397
         2      2080         1         4        36         5         2         5         1         1      1385
         2      2080         1         4        37         1         2         1         1         1      1149
         2      2080         1         4        38         1         1         1         1         1      1274
         2      2080         1         4        39         5         2         5         1         1      1139
         2      2080         1         4        40        10         1         0         1         1      1187
         2      2080         1         5         1         9         2         9         1         1      3137
         2      2080         1         5         2         2         1         2         1         1      1152
         2      2080         1         5         3         7         2         7         1         1      1134
         2      2080         1         5         4         8         2         8         1         1      1340
         2      2080         1         5         5         1         2         1         1         1      1073
         2      2080         1         5         6         7         2         7         1         1      1363
         2      2080         1         5         7         7         1         7         1         1      1577
         2      2080         1         5         8         8         1         8         1         1      1287
         2      2080         1         5         9         5         2         5         1         1      1263
         2      2080         1         5        10         5         1         5         1         1      1383
         2      2080         1         5        11         6         1         6         1         1      1228
         2      2080         1         5        12        10         2         0         1         1      1687
         2      2080         1         5        13         9         2         9         1         1      1681
         2      2080         1         5        14         1         1         1         1         1      1305
         2      2080         1         5        15         6         2         6         1         1      1281
         2      2080         1         5        16         3         2         3         1         1      1050
         2      2080         1         5        17         6         2         6         1         1      1517
         2      2080         1         5        18        10         1         0         1         1      1021
         2      2080         1         5        19        10         2         0         1         1      1169
         2      2080         1         5        20         1         1         1         1         1      1183
         2      2080         1         5        21         2         2         2         1         1      1147
         2      2080         1         5        22         1         2         1         1         1      1192
         2      2080         1         5        23         8         1         8         1         1      1253
         2      2080         1         5        24         6         1         6         1         1      1038
         2      2080         1         5        25         5         2         5         1         1      1121
         2      2080         1         5        26         4         2         4         1         1      2480
         2      2080         1         5        27         9         1         9         1         1      1241
         2      2080         1         5        28         2         1         2         1         1      1252
         2      2080         1         5        29         4         1         4         1         1      1438
         2      2080         1         5        30         7         1         7         1         1      1313
         2      2080         1         5        31        10         1         0         1         1      1289
         2      2080         1         5        32         8         2         8         1         1      1265
         2      2080         1         5        33         9         1         9         1         1      1275
         2      2080         1         5        34         3         1         3         1         1      1237
         2      2080         1         5        35         3         1         3         1         1      1904
         2      2080         1         5        36         5         1         5         1         1      1118
         2      2080         1         5        37         3         2         3         1         1      1117
         2      2080         1         5        38         2         2         2         1         1      1180
         2      2080         1         5        39         4         1         4         1         1      1353
         2      2080         1         5        40         4         2         4         1         1      1984
         2      2080         1         6         1         5         1         5         1         1      1409
         2      2080         1         6         2         8         2         8         1         1      1269
         2      2080         1         6         3         5         1         5         1         1      1949
         2      2080         1         6         4         2         1         2         1         1      1244
         2      2080         1         6         5         6         1         6         1         1       982
         2      2080         1         6         6         6         2         6         1         1      1244
         2      2080         1         6         7         3         1         3         1         1      1223
         2      2080         1         6         8         9         2         9         1         1      1314
         2      2080         1         6         9         3         2         3         1         1      1050
         2      2080         1         6        10         5         2         5         1         1      1036
         2      2080         1         6        11         7         1         7         1         1      1103
         2      2080         1         6        12         4         1         4         1         1      1135
         2      2080         1         6        13         6         1         6         1         1      1163
         2      2080         1         6        14         2         2         2         1         1      1081
         2      2080         1         6        15         4         1         4         1         1      1178
         2      2080         1         6        16         8         1         8         1         1      1207
         2      2080         1         6        17         9         1         9         1         1      1284
         2      2080         1         6        18         4         2         4         1         1      1245
         2      2080         1         6        19         2         2         2         1         1      1078
         2      2080         1         6        20         6         2         6         1         1      1015
         2      2080         1         6        21         1         1         1         1         1      1065
         2      2080         1         6        22         4         2         4         1         1      1147
         2      2080         1         6        23         8         2         8         1         1      1160
         2      2080         1         6        24         9         1         9         1         1      1143
         2      2080         1         6        25         2         1         2         1         1      1093
         2      2080         1         6        26        10         1         0         1         1      1079
         2      2080         1         6        27         7         2         7         1         1      1321
         2      2080         1         6        28         9         2         9         1         1      1169
         2      2080         1         6        29         3         2         3         1         1      1053
         2      2080         1         6        30         3         1         3         1         1       976
         2      2080         1         6        31        10         1         0         1         1      1142
         2      2080         1         6        32         8         1         8         1         1      1141
         2      2080         1         6        33         7         2         7         1         1      1077
         2      2080         1         6        34         7         1         7         1         1      1238
         2      2080         1         6        35        10         2         0         1         1      1265
         2      2080         1         6        36         1         2         1         1         1      1274
         2      2080         1         6        37        10         2         0         1         1      1188
         2      2080         1         6        38         1         1         1         1         1      1408
         2      2080         1         6        39         1         2         1         1         1      1124
         2      2080         1         6        40         5         2         5         1         1      1075
         2      2080         2         1         1         6         3         6         1         0      7558
         2      2080         2         1         2         5         1         5         1         1      1251
         2      2080         2         1         3         3         3         7         0         0      7917
         2      2080         2         1         4         4         2         4         1         0      2013
         2      2080         2         1         5         5         4         5         1         0     20536
         2      2080         2         1         6         2         2         2         1         0      1647
         2      2080         2         1         7         7         2         7         1         0      1642
         2      2080         2         1         8         4         3         4         1         0      5284
         2      2080         2         1         9         5         2         5         1         0      1213
         2      2080         2         1        10         9         3         9         1         0      2233
         2      2080         2         1        11         9         4         9         1         0      7323
         2      2080         2         1        12         1         1         1         1         1      1345
         2      2080         2         1        13         9         2         9         1         0      1447
         2      2080         2         1        14         4         1         4         1         1      1563
         2      2080         2         1        15         8         4         8         1         0      2632
         2      2080         2         1        16         4         4         2         0         0      4249
         2      2080         2         1        17        10         1         0         1         1      1276
         2      2080         2         1        18         8         2         8         1         0      1557
         2      2080         2         1        19         9         1         9         1         1      1779
         2      2080         2         1        20         2         1         2         1         1      1240
         2      2080         2         1        21         1         4         1         1         0      1187
         2      2080         2         1        22         6         4         6         1         0     10944
         2      2080         2         1        23         6         2         6         1         0      2071
         2      2080         2         1        24         7         4         7         1         0      3376
         2      2080         2         1        25         6         1         6         1         1      1397
         2      2080         2         1        26         3         4         3         1         0      2106
         2      2080         2         1        27         8         1         8         1         1      1474
         2      2080         2         1        28         2         4         2         1         0      1667
         2      2080         2         1        29         3         1         3         1         1      1181
         2      2080         2         1        30         3         2         3         1         0      1130
         2      2080         2         1        31        10         3         0         1         0      1721
         2      2080         2         1        32         1         3         9         0         0      4321
         2      2080         2         1        33         7         3         7         1         0     16049
         2      2080         2         1        34         8         3         8         1         0      1579
         2      2080         2         1        35        10         2         0         1         0      1432
         2      2080         2         1        36        10         4         0         1         0      1338
         2      2080         2         1        37         7         1         7         1         1      1570
         2      2080         2         1        38         2         3         2         1         0      1327
         2      2080         2         1        39         1         2         1         1         0      1157
         2      2080         2         1        40         5         3         5         1         0      2226
         2      2080         2         2         1         4         2         4         1         1      1430
         2      2080         2         2         2         8         4         8         1         0      1610
         2      2080         2         2         3         4         1         4         1         0      1190
         2      2080         2         2         4        10         3         0         1         0      3684
         2      2080         2         2         5         1         4         1         1         0      1181
         2      2080         2         2         6         2         1         2         1         0      1162
         2      2080         2         2         7         9         1         9         1         0      1639
         2      2080         2         2         8         8         3         8         1         0      1345
         2      2080         2         2         9         8         2         8         1         1      1127
         2      2080         2         2        10         4         4         2         0         0      1493
         2      2080         2         2        11         2         4         2         1         0      1221
         2      2080         2         2        12         7         4         7         1         0      2864
         2      2080         2         2        13         7         3         7         1         0      1658
         2      2080         2         2        14         4         3         4         1         0      4020
         2      2080         2         2        15         6         4         6         1         0      3839
         2      2080         2         2        16        10         2         0         1         1      1410
         2      2080         2         2        17         5         4         5         1         0      3366
         2      2080         2         2        18         9         4         2         0         0      2491
         2      2080         2         2        19         7         2         7         1         1      1556
         2      2080         2         2        20         6         1         6         1         0      1202
         2      2080         2         2        21        10         1         0         1         0      1087
         2      2080         2         2        22         5         2         5         1         1      1536
         2      2080         2         2        23         2         2         2         1         1      1503
         2      2080         2         2        24         5         3         5         1         0      1645
         2      2080         2         2        25         3         3         7         0         0      2473
         2      2080         2         2        26         9         2         9         1         1      1427
         2      2080         2         2        27         6         2         6         1         1      1303
         2      2080         2         2        28         1         3         9         0         0      2255
         2      2080         2         2        29         6         3         6         1         0      2081
         2      2080         2         2        30         8         1         8         1         0      1178
         2      2080         2         2        31         3         2         3         1         1      1222
         2      2080         2         2        32         1         2         1         1         1      1041
         2      2080         2         2        33         1         1         1         1         0       994
         2      2080         2         2        34        10         4         0         1         0      1319
         2      2080         2         2        35         5         1         5         1         0      1308
         2      2080         2         2        36         9         3         9         1         0      2052
         2      2080         2         2        37         2         3         2         1         0      1454
         2      2080         2         2        38         3         4         3         1         0      1473
         2      2080         2         2        39         7         1         7         1         0      1315
         2      2080         2         2        40         3         1         3         1         0      1130
         2      2080         2         3         1         6         3         6         1         0      8972
         2      2080         2         3         2         5         4         8         0         0      3761
         2      2080         2         3         3         6         2         6         1         0      1254
         2      2080         2         3         4         1         3         9         0         0      1410
         2      2080         2         3         5        10         4         0         1         0      1094
         2      2080         2         3         6         9         2         9         1         0      1415
         2      2080         2         3         7         8         1         8         1         1      1242
         2      2080         2         3         8         3         2         3         1         0      1124
         2      2080         2         3         9         2         4         2         1         0      1075
         2      2080         2         3        10         7         2         7         1         0      1077
         2      2080         2         3        11        10         1         0         1         1      1208
         2      2080         2         3        12         2         2         2         1         0      1124
         2      2080         2         3        13         4         4         2         0         0      3921
         2      2080         2         3        14         4         1         4         1         1      1136
         2      2080         2         3        15         9         4         2         0         0      1838
         2      2080         2         3        16         9         1         9         1         1      1633
         2      2080         2         3        17         2         3         2         1         0      1612
         2      2080         2         3        18         8         3         8         1         0      1494
         2      2080         2         3        19         7         4         7         1         0      1654
         2      2080         2         3        20         6         4         6         1         0      4127
         2      2080         2         3        21         7         1         7         1         1      1222
         2      2080         2         3        22         6         1         6         1         1      1121
         2      2080         2         3        23        10         3         0         1         0      2530
         2      2080         2         3        24         1         4         1         1         0      1289
         2      2080         2         3        25         2         1         2         1         1      1187
         2      2080         2         3        26         1         1         1         1         1      1117
         2      2080         2         3        27        10         2         0         1         0      1085
         2      2080         2         3        28         1         2         1         1         0      1101
         2      2080         2         3        29         8         2         8         1         0      1196
         2      2080         2         3        30         5         2         5         1         0      1159
         2      2080         2         3        31         8         4         8         1         0      1270
         2      2080         2         3        32         3         4         3         1         0      1120
         2      2080         2         3        33         4         3         4         1         0      2480
         2      2080         2         3        34         5         1         5         1         1      1063
         2      2080         2         3        35         5         3         5         1         0      1240
         2      2080         2         3        36         3         1         3         1         1      1715
         2      2080         2         3        37         4         2         4         1         0      1402
         2      2080         2         3        38         9         3         9         1         0      2190
         2      2080         2         3        39         3         3         7         0         0      1380
         2      2080         2         3        40         7         3         7         1         0      1864
         2      2080         2         4         1        10         4         0         1         0      1906
         2      2080         2         4         2         5         3         5         1         0      1121
         2      2080         2         4         3        10         2         0         1         1      1089
         2      2080         2         4         4         3         4         3         1         0       978
         2      2080         2         4         5         7         1         7         1         0      1160
         2      2080         2         4         6         9         3         9         1         0      1094
         2      2080         2         4         7         1         3         9         0         0      1207
         2      2080         2         4         8         5         4         5         1         0     16131
         2      2080         2         4         9         5         1         5         1         0      1256
         2      2080         2         4        10         2         1         2         1         0      1026
         2      2080         2         4        11         9         4         2         0         0      1237
         2      2080         2         4        12         2         2         2         1         1       928
         2      2080         2         4        13         7         3         7         1         0      2263
         2      2080         2         4        14         3         2         3         1         1      1000
         2      2080         2         4        15         8         4         8         1         0      1196
         2      2080         2         4        16         6         2         6         1         1      1977
         2      2080         2         4        17         1         1         1         1         0      1462
         2      2080         2         4        18         4         2         4         1         1      1366
         2      2080         2         4        19        10         3         0         1         0      1340
         2      2080         2         4        20         1         2         1         1         1      1137
         2      2080         2         4        21         6         3         6         1         0      2865
         2      2080         2         4        22         3         1         3         1         0       987
         2      2080         2         4        23         4         1         4         1         0      1056
         2      2080         2         4        24         9         2         9         1         1      1122
         2      2080         2         4        25         7         2         7         1         1      1170
         2      2080         2         4        26         6         4         6         1         0      1487
         2      2080         2         4        27         7         4         7         1         0      1408
         2      2080         2         4        28         2         3         2         1         0      1076
         2      2080         2         4        29         8         1         8         1         0      1141
         2      2080         2         4        30         8         3         8         1         0      1187
         2      2080         2         4        31         8         2         8         1         1       975
         2      2080         2         4        32        10         1         0         1         0      1046
         2      2080         2         4        33         4         3         4         1         0      1385
         2      2080         2         4        34         6         1         6         1         0      1053
         2      2080         2         4        35         9         1         9         1         0      1280
         2      2080         2         4        36         3         3         7         0         0      1050
         2      2080         2         4        37         5         2         5         1         1      1291
         2      2080         2         4        38         2         4         2         1         0      1012
         2      2080         2         4        39         1         4         1         1         0      1000
         2      2080         2         4        40         4         4         2         0         0      1242
