Rock1Type Rock2Type Rock1Token Rock2Token Rating
   16   23    2    4    2
   11   25    3    3    4
    4   19    2    1    8
   16   12    2    2    1
   26    1    3    3    1
    8   14    4    3    4
   26   27    1    4    1
   30   30    2    4    9
    1   19    2    1    7
   21   10    1    3    6
   13   17    2    1    8
   17   15    3    1    7
   12    5    2    3    3
   28    6    1    3    6
   13   24    4    1    1
    4    6    4    1    3
   29   16    2    4    1
    1    4    2    4    4
   22    8    3    2    4
   20   10    2    2    6
    7   18    1    1    4
    1   29    4    4    1
    5   25    3    3    1
    2   10    1    3    6
   16    8    3    3    2
   17   27    4    2    1
   23   11    1    3    1
   24    9    4    4    1
   13   13    1    3    5
    2    4    4    1    6
    6   29    3    1    1
   19   19    3    2    2
    1    5    2    3    8
   15   24    3    4    1
   13   12    3    1    1
   15   30    1    3    7
    9   23    3    1    1
   14   23    2    1    1
   30   24    4    4    1
   10   16    2    2    7
   16    5    3    4    7
   16   17    2    1    7
    5   19    4    3    6
   17   14    1    1    8
    4   17    1    3    8
   26   25    2    3    6
   25   18    3    2    7
    3   27    2    4    1
   12   25    2    1    6
    8   13    2    4    4
   13    7    4    3    2
   25   13    2    2    5
   10   11    4    3    8
    4   28    3    2    1
   28    7    4    3    4
   12   17    1    4    6
   15   11    2    4    4
   19   23    3    2    5
   23   15    1    3    1
    5   28    1    4    1
   21   23    2    3    7
    8   27    4    1    1
   22   22    1    4    3
   15    7    2    3    3
    4    4    2    4    8
   24    6    1    1    1
   17   23    4    3    3
   23    3    4    4    1
   14   30    4    3    8
   11   19    2    3    6
    8    8    4    3    8
   10   24    4    2    2
   26   23    1    4    1
   17    1    3    2    6
   13   10    1    4    8
    7    5    1    1    7
   20    2    4    4    1
    9   17    4    1    1
   10   15    4    1    3
   22   17    1    1    1
   20   25    4    4    2
   20   27    1    4    1
   24    5    3    3    6
   20    4    2    1    1
   18   17    3    3    6
   12    1    2    4    2
   30   25    1    4    6
   11   26    1    3    5
   13   28    2    2    1
   12   30    3    3    1
   25    3    3    2    1
   18   27    2    1    6
   30   16    1    4    4
   18   10    2    4    3
    2   28    2    3    1
    4   13    2    2    6
   14    7    4    1    4
   27    4    2    3    1
   19   16    3    2    8
   14    2    1    4    5
   24   14    3    1    4
   26   28    2    2    1
   22   25    3    1    1
   22   28    2    2    1
   20   15    1    2    3
    3    1    1    1    2
   25    1    2    2    1
    3    5    3    1    8
   18    4    3    2    4
   17    8    4    4    6
   30   18    1    3    6
   15   28    4    3    1
   17   10    1    3    1
   20   16    2    2    1
   16   27    3    3    1
   22   27    1    1    1
    3   24    1    3    4
    5   29    4    2    1
   15   16    3    2    2
   22   29    2    3    6
   27   14    2    1    1
   10   28    1    2    1
   11   12    2    4    2
   23   13    3    1    2
    8    7    1    1    1
   26   29    4    3    6
    1   27    2    4    1
   20   20    2    3    9
   23   22    2    4    5
    1   15    4    4    4
   19   20    2    1    2
   12    9    4    1    1
    9   25    1    2    1
    7   19    2    2    8
   19   15    1    3    7
   19    8    4    4    7
    2    9    1    3    6
   12   21    1    2    8
   21   16    4    2    5
   12    2    1    4    4
   16   11    3    2    4
   22    9    3    2    5
   14   12    3    1    1
    4   25    4    3    5
   29    8    3    2    5
    9    9    3    2    9
    8   12    2    4    1
   23   23    3    4    5
    6    1    4    3    2
   24   16    2    3    1
   10   22    3    1    8
    6   18    1    3    1
   15   15    4    2    9
    6   26    1    1    1
   17   25    2    3    5
   14   11    1    3    8
    4    3    2    2    4
   25    2    1    4    4
   10    7    4    2    6
   27   23    4    3    1
   22   15    3    4    4
   18   28    2    1    3
    4   22    4    3    5
   22    3    3    3    4
    3   16    1    4    4
    2   19    2    3    6
   10    3    3    1    7
   13   22    1    2    8
   12   12    3    2    9
   11   18    1    4    6
   13    5    4    4    5
   11   27    1    1    1
   26    5    2    1    1
   30   11    3    3    7
   17   28    3    4    1
   12    3    2    3    1
   18   15    1    4    8
   26   19    1    2    1
   12    6    2    1    9
   18   29    4    3    4
    8   25    4    3    4
   22   19    3    3    4
    6    7    3    1    1
   15   13    2    1    1
   20   22    4    4    1
   10    5    3    4    8
   22   26    4    4    1
    6   23    2    1    8
    4   30    1    1    6
   19   29    4    4    1
    4   23    3    2    1
    9   14    2    3    1
   11   28    3    1    1
   25   25    3    1    7
   30   28    2    3    1
   22   30    1    2    1
   29   11    3    4    6
    2   30    4    4    4
   19   21    3    2    4
   25   14    2    4    5
   29   13    4    3    5
   13   27    4    3    1
   11   21    2    1    3
   10   10    3    2    7
   16   16    2    3    8
   14   29    1    2    4
   19    3    4    1    1
   14   21    2    1    1
   21   29    1    1    1
    2    2    4    1    7
   24   19    4    2    1
   26   26    1    3    6
    7   16    2    1    7
    3    6    3    3    1
   16    1    4    1    7
   25   16    1    3    6
   24    8    2    2    4
    4   11    1    2    8
   19   13    2    1    1
   20    6    4    1    1
   20   12    3    3    1
   29   29    2    3    9
   14   10    4    1    7
   24   28    1    2    1
    3    2    4    4    1
   27   29    3    1    1
   20   28    1    1    1
    9    7    1    3    1
   17   21    4    2    3
   18   26    2    3    1
   20    5    3    4    1
   23   30    4    4    1
   20    7    3    4    1
   30    6    1    3    1
   27   27    3    1    9
   29   12    3    2    1
    1   10    4    3    9
   10   29    1    2    4
   17   11    3    1    6
    4   10    4    1    6
   17   26    1    4    5
   16    6    2    4    1
   22   16    3    1    1
   11    8    1    1    7
    7    7    3    2    7
    8    1    3    4    9
   17    3    2    1    1
    1   28    3    4    6
   20   14    2    1    1
   10    8    4    1    6
    5   17    1    2    1
   21   25    1    4    1
   25   23    3    4    1
   14    3    2    3    1
   17    2    2    3    2
    6    5    4    1    1
    4    9    1    3    4
   30    1    1    3    1
    2   23    2    1    1
   18   23    2    3    2
   24   12    1    2    2
    9   11    3    3    3
   13    1    3    4    1
   19   17    4    1    3
   20   29    1    1    1
    7    1    4    1    1
    6   14    1    3    5
   24   26    1    3    1
   30    9    2    2    1
   20   18    2    3    2
    3    9    4    2    1
   23    8    1    4    1
    2   24    4    4    1
   13   26    2    2    3
    3   13    3    4    5
   13   18    4    2    2
    2   22    4    2    7
   29   23    2    4    1
   21   18    2    1    1
   21   13    3    1    1
    4   14    1    2    1
   19   28    1    1    1
   15    5    2    4    5
    9   16    4    1    1
   19    6    1    3    2
    1   24    3    1    7
   21   22    1    1    1
   21    5    2    1    5
    2    1    3    3    2
   18    3    4    3    3
    6   27    4    4    8
   10   23    4    3    6
    5   11    2    2    8
    9    1    3    2    3
    5    8    1    4    5
   14   28    3    1    1
    7   17    3    1    2
    8    2    3    3    1
   24   11    1    3    1
   28   16    3    4    1
   29   28    1    4    1
   29    2    4    3    4
   10   19    1    2    1
   30   26    2    1    4
   21   28    3    3    3
   21   24    3    2    1
    3   26    3    2    1
   24   24    1    4    1
    6    9    4    3    1
   21    2    2    3    1
   18   14    3    1    3
   27   24    3    2    1
   26   20    3    3    6
   20   30    3    4    8
   15   14    1    4    7
   14   26    4    3    6
   29   30    4    4    4
   25   19    1    1    5
    2    7    4    1    4
    7   12    2    3    7
   19   18    4    3    4
   18   16    2    3    5
    7   26    3    1    3
   21   15    4    3    7
   28   28    1    2    9
   25   24    4    3    1
   18   24    4    4    1
   12   15    3    4    6
   16   14    1    2    5
   17   30    1    2    5
   21   30    3    4    8
    3    7    1    1    7
    8   28    3    1    7
   14   14    1    3    6
   21   27    3    4    6
    9   13    3    1    3
    3   21    3    2    1
    1   20    3    4    1
    8    3    2    3    7
   24   23    1    4    1
    6    2    1    4    1
    5    4    4    4    2
    9    5    3    2    1
   22    5    1    2    1
   18   22    1    1    1
    6   15    1    3    7
    1   21    3    4    5
    8   21    1    2    3
   28   12    2    2    4
    2   18    2    3    1
   27   19    4    1    1
   27   12    4    3    6
   25    7    3    1    4
   25    6    1    4    1
   27   30    2    1    1
   12   26    1    3    1
   11   20    1    1    1
    3   29    4    2    1
   30   13    3    4    4
   30    3    4    4    2
    1    1    4    3    7
   28    9    4    2    1
   24   20    1    2    1
    6   21    2    3    8
    1   14    4    1    1
   21    7    1    2    7
    6    6    2    4    9
   13    6    4    4    1
   11    6    3    2    1
   30    7    4    1    1
   30    8    4    4    5
   28   23    3    1    3
    2   16    1    1    6
    4   24    1    1    5
   24   29    3    4    4
    8    4    3    4    4
   10   27    2    4    1
    3    3    2    4    9
   12   22    1    2    3
   18   12    4    3    4
   25   15    4    4    9
   13    2    2    1    3
   20   21    3    4    5
   24   17    2    4    1
   27   28    4    4    9
    6   22    1    4    1
    4   21    2    3    3
   17   29    2    1    3
    7   23    1    3    1
   13   11    4    2    6
    4   26    4    4    6
    2   15    1    2    6
    1   18    1    4    6
   26    2    1    1    6
   29    7    3    3    1
    7   24    3    1    2
    8    9    1    3    1
   11   11    2    1    8
   15    9    3    1    1
   11    7    2    3    1
   22   14    3    3    1
   27   25    1    2    1
   13   20    2    4    1
    9   29    2    3    6
   17   17    1    4    9
    5    5    1    4    9
    1   22    1    1    7
   19    9    1    4    4
   22   11    1    4    3
    2    5    1    2    1
   27    7    1    2    6
   30   19    1    3    6
   14    5    1    1    4
    5   30    1    4    4
   25   29    2    1    3
   20    8    3    4    3
   15    3    4    1    2
   10    9    1    2    1
    8    6    3    2    3
   22   24    2    1    3
    4   15    3    1    2
    8   15    2    3    5
    9   21    4    2    1
    3   11    3    4    6
   18    8    4    3    5
   28    3    3    2    3
   10   12    3    2    3
    2   27    4    4    1
    1   23    1    4    1
   20    9    2    1    1
   15   29    3    2    1
    5   27    3    2    5
   27   15    3    2    5
   17   20    1    3    8
   18    9    1    1    2
   23   20    2    3    1
   18   18    1    3    9
    4    7    3    2    4
   11    1    2    3    7
   12   23    2    1    5
   10   26    1    1    3
   13   16    3    4    3
   18    5    4    3    7
    8   26    4    3    6
   12   19    1    4    9
    6   10    2    3    4
   13   14    4    1    7
   16   26    2    4    5
   30   10    2    3    4
   19   14    2    2    3
    4   29    4    4    7
   23    5    2    2    1
    7   22    2    2    5
   26   15    1    2    1
   20    3    3    1    1
   12    4    4    1    1
   17    6    3    2    4
   26    9    4    4    3
   26   21    3    4    2
   16    4    4    1    5
   10   25    2    3    5
   21   21    3    4    7
   28   25    2    4    1
    2   11    1    2    5
    9   27    3    1    1
