Rock1Type Rock2Type Rock1Token Rock2Token Rating
   28   30    4    2    3
    4    3    1    4    2
   28   26    2    3    2
    7   24    2    4    5
    4   13    2    3    8
   27    5    2    2    7
   24   10    2    1    8
    8    1    4    2    5
   26    7    2    4    4
   11   13    4    4    7
   10   25    3    3    6
   17    8    2    4    4
    5   26    1    2    4
    1   28    2    1    5
   17    4    4    3    4
   28   12    3    4    6
   21    7    4    3    4
    8   18    1    1    4
   27   27    1    4    7
   10   26    2    2    6
    6    1    2    2    4
   30   13    2    1    5
   22   25    2    1    4
    1   10    3    2    4
   16   14    2    2    3
   23   18    1    2    7
   23    2    3    4    7
   20   22    3    2    4
    8    2    3    4    4
   13    8    2    1    3
    8    7    4    1    5
   23   29    1    2    6
    4   14    1    1    5
   20   25    1    2    4
   28    4    1    1    6
   25   23    4    4    6
   11   16    4    3    4
   16   29    4    2    3
    6   25    2    1    4
   23   30    3    3    4
    1    5    1    3    6
   21   23    1    2    4
   18   29    2    2    4
   17   23    4    1    3
   30   30    3    2    7
    1   19    4    3    6
   20   14    3    2    9
    6   15    3    2    3
   24   11    2    3    6
    5    3    1    4    7
   29   15    1    1    7
   13   20    4    4    5
    9   27    4    2    1
   27   26    1    3    4
    3    7    3    2    6
   28   24    2    2    6
   24   18    1    2    7
   18    1    4    4    7
   15   28    1    4    6
    1   12    4    3    5
   17   19    2    1    4
   13   17    2    1    6
    3   11    2    4    6
    9   13    3    2    3
    9   20    2    2    2
   25   12    3    1    6
   15   16    4    3    2
    9    6    1    3    2
   14   26    4    3    5
   17   29    4    1    6
   16   16    1    2    6
    5   13    2    4    7
   22   11    4    1    4
    4   11    2    2    8
   29   26    2    1    6
    4    7    1    4    3
   27   14    4    4    6
   19   15    1    1    3
   15    2    4    1    2
   15    3    2    3    3
   10   19    1    3    6
    6    6    4    3    9
   21    8    1    4    3
   25   21    3    4    3
    1    3    1    3    4
   23    9    3    2    7
   28    2    4    4    3
    1   22    4    2    5
   27   25    1    2    3
   12   12    2    4    9
   20    8    2    4    6
   16   22    2    3    6
    9   19    1    1    5
    2   14    1    4    6
    8   26    2    1    5
   16    1    4    4    4
   13   22    1    2    5
   27    4    1    1    3
   24   14    1    3    3
    2   18    4    2    4
    6   30    1    3    4
   22    4    4    1    6
    9   17    2    3    5
    4    4    1    4    8
   22   23    3    2    7
   15   15    1    3    9
   14   22    2    4    6
   18   11    2    1    5
   15   21    3    4    3
    8   16    4    4    4
   17    3    2    2    5
   19   25    1    1    4
    6    3    2    4    4
    5   28    2    1    3
   19   28    4    4    7
   29   29    3    2    6
    6   10    1    2    3
   11   19    3    2    3
   22   22    3    4    7
   17   17    3    2    6
   29    7    1    1    5
   15   20    3    2    5
   29   25    4    2    4
   26   26    3    4    8
    4   29    4    2    6
   23    8    3    4    5
   26   19    1    4    4
   26   22    4    1    6
   29   10    1    3    6
   13   23    2    2    4
   23   23    3    2    5
    3   18    3    2    6
   25   16    4    3    3
   28   28    4    1    7
   27   11    4    4    5
    8   15    3    1    4
   23    1    1    3    3
   19   14    3    3    5
    1   15    3    3    4
   30   27    2    1    4
   30   17    1    3    8
   11    7    4    1    6
   13   26    2    4    4
   29    3    3    3    8
    4   21    2    2    7
   11   20    3    2    7
   15   12    1    3    3
    3   27    3    2    2
   23    6    3    3    8
   13   25    1    4    6
    2   16    3    1    4
   15   13    4    3    3
   14   18    2    4    5
    4   16    1    3    4
    3   30    3    2    6
   26    9    3    2    4
    8   12    3    1    3
   14    1    4    1    7
   28   29    1    3    2
    3    3    1    3    9
   12   19    4    4    9
   23   14    2    2    7
   15   30    1    3    6
    1   13    2    2    4
   11   29    2    3    5
   29   24    1    1    3
   19   24    4    4    5
   18    5    4    2    4
   28   22    1    3    3
    8    8    1    4    9
   15   14    1    3    8
   22   17    2    3    5
    9    5    3    4    3
   15    9    2    4    5
   27    2    3    1    2
   21   24    1    4    3
    9   30    4    3    2
    3    9    4    3    4
   19   18    1    3    6
   21   28    4    1    4
    4   24    2    1    4
   23    7    2    1    4
   29   30    1    3    4
   25   17    3    1    3
   17   15    3    4    3
   30   26    2    3    4
   13   14    3    1    6
   12   18    2    3    4
   22    2    2    2    7
    9   14    3    3    4
   29   27    4    2    3
    6    2    2    1    9
   27   28    4    4    8
   21    5    4    4    2
   25    5    2    1    2
   10    9    3    1    3
    8   27    2    3    3
   21   16    4    3    3
   28   16    1    4    3
    3   26    3    1    2
   25   15    3    3    5
   12   11    2    1    6
   20    4    3    4    4
    5   29    2    2    3
   29   19    3    4    4
    3   13    1    2    6
    6   19    2    1    5
   24   23    2    3    6
    2   11    2    4    6
   28   18    1    2    4
   22    6    2    1    4
   25   24    2    3    4
   25    3    4    2    3
   28    6    4    1    2
   18   26    1    3    6
   27   15    1    1    7
   15   22    4    1    6
   27   13    2    2    2
   12   14    3    3    7
    6   24    1    4    6
   26    1    4    2    4
   22   24    4    3    5
    3   14    1    2    5
   24   15    2    3    3
   30   16    3    1    7
   27   19    2    1    3
   18   18    3    2    7
   30   14    3    3    3
   18   13    1    3    4
   25   11    2    2    3
   13   21    2    2    4
    9    9    3    2    9
   11   23    1    3    7
   20   29    1    4    1
   17   20    1    4    6
   30   24    4    4    7
    6   27    3    2    5
   26   17    2    3    4
   22    3    1    4    4
   24   13    3    3    4
   30   25    1    4    6
    2    9    2    1    4
    2   20    3    4    6
    8   14    4    3    5
   30    4    3    2    6
   26    2    3    2    6
   13    6    1    1    6
   26   16    4    1    5
   25    1    1    3    4
   20   30    1    1    2
   18   27    3    3    6
   23   12    2    3    4
   21   26    3    4    3
    9    7    3    2    4
   19    5    3    2    4
   19   23    2    1    2
   12    7    4    4    7
   26   25    1    3    6
   21   10    2    2    4
    2    1    4    4    5
   17    6    4    1    7
    5    5    3    2    9
   24   26    1    3    2
   15   23    2    3    4
    1   20    3    3    5
    4   19    3    1    7
   24   20    2    4    8
   11   26    2    4    7
   17    5    4    4    8
   18    6    1    1    3
   12    5    4    1    3
    7    6    3    3    8
   14   11    4    3    7
   14   28    3    2    7
    8   19    2    1    7
    7   14    3    1    4
   24    8    3    2    4
    2   24    4    4    3
   21   29    1    3    2
   16   24    2    1    3
   10   17    4    1    4
   15    4    1    4    4
   27   20    2    3    4
   10    5    2    4    7
   12    3    2    3    5
   18    7    3    3    5
   18   15    4    4    4
   27   17    1    4    4
   19    3    4    2    4
   20   20    1    3    7
    2   19    1    3    6
   12    9    4    4    4
   10   14    3    3    4
   13   28    4    4    3
   29    9    2    2    3
   26    6    3    2    6
   20    5    2    1    6
   16   20    1    3    5
    7    7    2    3    4
   14    5    4    2    7
   20   26    4    2    8
    4    8    4    3    7
    1   17    4    2    7
   19   13    3    2    7
   21   11    1    3    7
   20   12    1    1    6
   24   24    3    2    6
    7   28    4    3    7
   16   23    1    3    5
    5    7    3    4    6
   22    8    1    1    6
   10   13    2    3    4
    1   11    4    4    5
    6   20    4    3    4
   10    7    2    2    4
    8    9    1    1    5
    9   16    1    4    4
   18   22    4    3    6
    6   12    1    1    7
   18   20    4    1    4
   13   13    3    1    5
   13    7    2    4    6
   16    5    4    3    7
    3   28    2    3    6
   26   23    4    2    7
    1   27    3    4    6
   25   18    1    3    8
   13   29    2    3    6
   17   21    3    2    8
   11   28    1    3    7
   17   12    2    3    8
   27   21    2    1    7
   14   14    4    1    8
   14   25    1    4    7
   12   30    1    3    6
   10   23    1    3    6
   16   17    4    4    5
    9    4    3    1    4
   21   12    4    3    6
   21    3    1    4    7
    6   29    3    4    5
    1    1    1    2    6
    2   17    1    3    4
    8   10    4    3    7
   22   12    3    4    6
   21    2    2    3    7
    9   21    4    1    5
    2    3    2    1    4
   12   29    2    4    4
    4    6    2    1    3
    1   29    3    3    6
   14    6    3    2    5
   13    2    1    1    7
    2    2    2    1    7
   30    7    4    4    5
   21    6    3    3    6
    2   30    4    3    4
   10    3    2    3    3
    7   20    1    3    3
   12   10    2    1    4
   16    6    4    3    7
    8   30    1    1    6
   20   21    1    4    3
   30   18    4    2    7
    9   22    4    3    7
    5   15    4    4    7
   15   26    3    2    3
   30   21    3    4    7
    5   23    1    2    4
   25    2    1    1    6
   24    1    2    1    3
   14   21    3    1    7
   29   22    1    1    7
    3   16    3    4    4
   20   10    1    2    3
    3   24    3    4    4
    7   16    3    4    5
    8    6    3    1    4
   30   19    4    1    7
   27   22    4    3    5
   22   21    4    3    4
   30   10    3    4    4
   26   12    4    1    7
    9   24    1    3    6
   23   27    4    2    6
    1    7    4    1    4
   30    1    3    2    8
   18   10    3    4    8
    3   23    1    2    7
   28    8    4    3    8
   10   11    1    4    6
   16   12    3    2    6
   21   19    3    1    4
   10    2    4    3    3
    1    9    1    3    6
    9   18    3    3    5
   21   18    1    1    5
   18   16    2    1    6
   30    5    4    4    7
   23   28    1    1    4
   12   27    1    2    5
    4    1    2    1    6
   10   10    4    2    4
   27   16    4    3    4
   10   22    4    3    5
    8    3    2    4    3
    7   25    1    4    6
   20    3    2    4    5
    2   12    4    2    3
   11   11    2    3    6
   12    4    3    3    4
    4   25    1    3    5
   12   24    2    1    3
    8    5    3    4    7
   10   15    1    3    5
   10   28    3    3    3
   20   23    3    4    6
   22    5    4    3    5
   25   28    4    2    3
   19   19    4    1    6
    5   24    1    2    5
    9   11    1    3    6
    2    4    3    3    4
   16   13    2    2    6
   19   22    4    2    3
   24   27    2    4    3
   11   17    2    2    6
   23    4    1    3    3
   21   21    1    2    8
    5    6    4    4    7
   14   17    1    1    7
    4   18    4    3    6
   15    7    3    3    3
    7   17    4    3    4
   19    7    3    4    3
    1   21    1    3    6
   14   29    4    1    5
   12   13    3    1    6
   29    8    1    3    3
   28    9    2    2    2
   17   24    3    3    4
    8   11    4    3    3
    2    7    1    1    4
    5   11    4    1    5
    5    4    2    2    3
    5    2    2    4    4
   29    2    3    3    3
   27   10    1    1    5
   22   30    3    4    3
    4   10    3    4    4
   27    7    1    1    5
   20   19    1    2    2
   28   17    3    3    3
   11   30    2    1    4
   17   18    4    2    3
   15   11    3    3    3
   28   20    1    1    2
   22    7    2    3    3
   25   25    1    3    4
   10   16    1    4    3
    6   11    4    1    5
   16   19    3    2    6
    9   25    2    3    7
    4   26    1    3    6
    8   25    3    1    6
