Rock1Type Rock2Type Rock1Token Rock2Token Rating
   23   14    4    4    6
    4   13    1    3    8
   27    8    4    2    1
    7    6    3    4    5
    4    7    4    4    3
   12   12    3    1    9
    4   20    2    2    1
   18   16    3    2    4
   11    2    4    1    8
   12    7    3    3    3
   28   27    4    1    6
   23    7    4    3    6
   20   25    3    3    5
   28   26    4    2    4
    6   18    3    3    1
    2   15    1    1    1
   10   17    3    3    3
    7    9    1    3    7
   15    3    3    1    2
   24   24    3    1    7
   30    8    2    1    3
   25    1    4    3    1
   30    9    4    4    1
   23   30    3    3    2
   13    6    1    1    3
    5   28    1    2    1
   19    2    1    3    8
   14   12    4    3    8
   24   10    4    3    4
    1   19    2    3    4
    2    5    2    3    2
    4    2    3    1    8
    2    9    3    3    5
   30   28    2    4    5
   18   17    3    1    6
   30   17    2    3    5
    9   28    3    1    1
   26   26    2    1    7
   22   14    4    3    2
   22   19    3    3    7
    8    3    1    1    4
   24   23    2    3    6
    5   20    4    2    4
   15   10    1    3    1
    8    8    2    3    8
    8   21    3    1    5
   17    1    2    1    4
    3   25    2    4    4
    5   27    4    2    1
   23   15    1    3    1
   14   18    3    3    6
   17   13    2    3    4
   22   20    3    4    5
    4   23    3    3    4
   18   21    3    4    3
   16   27    4    1    2
   27   29    1    2    1
    7   10    4    2    2
   11   16    4    2    8
   20   27    1    2    4
   19   27    2    3    3
   21   30    4    2    4
   28   13    3    2    1
    6   28    2    2    1
   14    5    1    1    5
   27   22    3    1    4
    5    9    3    3    2
   30   26    3    3    6
   22    9    3    2    4
   24    1    4    3    1
   21   29    1    3    1
   25   28    4    3    3
   16    5    1    4    9
   12    9    1    4    3
   13   20    4    2    3
   20   23    4    3    2
   25   18    1    3    9
    3    5    2    4    6
   26   13    4    3    5
   11   28    1    1    1
   22   18    1    4    6
   10    8    1    1    4
   14   14    2    3    9
    1    3    4    3    7
    6    6    1    2    9
    8   26    2    3    2
    9   11    4    1    4
    1    1    4    1    5
   29   16    3    4    2
   10   14    3    3    1
   18   29    4    3    2
    1   12    3    2    8
   13   21    2    4    1
   13    5    1    3    6
   16    1    3    4    7
    9    8    3    3    3
   28    8    3    3    1
   23   12    3    4    1
   22   17    2    2    5
   29   30    3    4    5
   12    4    2    3    2
   26   15    4    2    8
    7    1    4    4    4
    8   17    4    2    3
    7   19    4    1    2
   26   19    2    4    1
   23   11    2    4    1
    4    1    3    2    4
   29   22    3    2    4
   14   16    1    2    7
   30   25    4    1    8
   14   11    2    1    8
   17   15    2    4    2
   20   28    2    2    4
   20    7    2    2    1
   16    2    3    2    3
    9   21    1    1    1
   21   22    3    1    2
   10   29    4    2    6
   15    6    1    1    1
    1   14    2    3    3
    7    8    2    3    7
   10    4    2    1    3
   13   13    1    3    9
    2   25    1    1    6
    6   27    1    2    6
    9    1    4    3    4
   28   19    2    2    3
   12   27    4    1    8
   14    9    3    4    4
   12   29    3    3    1
   17    9    3    1    6
   13   29    3    4    4
   21    1    1    3    1
   13   12    2    2    2
   13   10    2    4    6
   11   19    3    3    7
   14   21    2    2    7
   21   15    4    4    1
   20    1    1    1    7
   17   26    1    4    9
   15   15    1    2    9
   26   29    3    4    9
   13   25    2    3    6
    7    7    2    4    6
    7   30    3    1    2
   19    3    1    3    7
    7   17    1    2    1
   24   22    2    2    1
   16   24    4    1    4
   17   17    2    1    2
    4   27    4    3    1
   20   16    3    1    2
   25    6    1    2    1
   25   24    4    3    1
    4   26    4    4    2
    9   15    2    2    8
    8    4    2    1    8
   14    8    1    2    5
   10   26    2    2    7
   27   11    2    4    1
   11   10    1    2    3
   18   19    4    4    4
   23   19    3    1    6
    4   14    3    1    6
    7   25    1    3    5
    1   10    4    4    3
   22   10    3    4    3
   25   14    3    4    6
   24   18    3    3    3
    1   22    1    2    6
   13    3    4    4    5
    9   29    2    4    9
   18    7    4    4    3
   28   23    2    3    2
   30    1    4    3    4
   14   29    1    3    1
    1   26    1    2    5
   11   11    1    4    9
   30    5    4    3    3
   24   29    4    3    6
    2   18    4    3    7
    5    1    2    4    9
   17   16    3    2    4
   24    9    1    4    2
    5   26    3    1    1
   18    4    1    2    6
    8   29    3    1    4
   10   19    1    1    4
   26   22    2    3    5
   10   30    3    1    3
   27   26    4    3    1
    2    7    4    4    2
    3    7    3    1    3
    3   11    3    2    9
   25   11    3    4    4
   28   21    1    2    7
   23   29    3    4    2
   18   11    2    4    3
    6   12    1    3    8
   16   10    4    2    2
    6    2    1    4    2
   27    1    4    3    4
    6    4    4    4    2
   12   18    3    3    1
   20   15    4    1    9
    5    8    1    4    4
    4   17    2    2    2
   28   14    1    4    1
    2   22    2    2    9
   11   13    2    3    5
   10    6    4    2    1
   27   21    3    4    6
    1   11    3    4    4
    3   18    3    4    8
   22   12    1    3    5
   15    8    4    4    4
    1   23    1    4    3
    5    7    2    1    4
    1   28    4    1    6
   30   20    2    1    9
   17   11    4    3    3
   16   21    1    3    6
    7   21    2    3    3
   30   12    1    1    3
   26   24    1    4    5
   23   21    3    1    7
   20    6    4    3    2
   22   28    1    2    7
    5   23    2    1    1
   29    7    3    1    2
   24   12    2    1    1
    6   21    4    2    9
    7   22    1    2    3
    5   22    2    3    2
    3   23    4    4    2
   14   17    4    4    7
    8   20    2    4    6
   26    2    1    4    3
   30   30    2    3    9
   27   27    3    1    9
   21   12    2    1    9
    2   10    1    2    5
   19    8    3    1    6
   20   14    3    1    7
   25   10    1    2    5
   20    2    1    2    2
   13   15    3    1    1
   30   24    1    4    3
   20   11    2    1    2
    6   14    1    4    1
    3   10    2    4    4
    7   14    4    1    4
   30    2    1    3    8
   25   16    4    2    5
   20   26    4    3    2
   13    9    2    4    3
    6    5    4    4    1
   23   13    4    1    7
   24    7    2    4    2
   21   21    2    4    9
   27   15    4    1    8
   19   15    4    4    1
   12   11    2    2    4
    3   12    1    1    2
   30   11    4    1    3
    8   16    1    1    3
    6   16    1    2    1
   11   22    4    4    2
   23    8    3    3    1
   30   13    4    3    3
   25    8    4    2    8
   10   10    2    1    5
   10    9    2    2    3
   28   18    2    2    2
   22    4    4    4    1
    4   11    3    3    6
   21   10    1    4    1
    9   18    3    1    7
   17   23    4    3    2
    7   13    1    2    1
   18   13    4    1    3
   19   25    4    3    2
   28   10    2    1    3
   20   19    2    2    5
    7   28    3    4    3
    6   11    1    3    2
   16   26    2    1    1
   29    4    4    4    7
   28   28    2    1    9
   13    1    1    3    2
   15   29    1    2    1
   22   22    4    1    1
   29   17    2    3    4
    1    2    1    3    7
   14   13    4    3    7
   12   17    4    4    2
   15   18    4    2    8
   10   20    4    2    3
   25   15    1    3    2
   15    4    1    4    2
   16    9    1    2    3
    8   12    4    1    4
    5   29    4    3    4
   26   11    1    1    1
   12   20    2    2    2
   14   19    4    3    4
   24   13    4    2    2
   24   11    1    3    1
    3   26    2    3    2
   24    8    2    3    2
    9   23    2    2    2
   30    4    2    3    2
   11    8    1    3    4
    6   23    2    2    7
   18   27    2    2    7
    3   16    4    3    5
   25   12    1    1    2
   22    3    3    1    6
   26    6    2    1    1
   11    7    2    1    2
   29   20    2    4    1
   19   21    4    1    6
   24    6    3    3    2
   16   22    4    3    1
   24   17    3    3    2
    9    9    4    3    9
   14   30    2    4    8
   20   18    1    2    4
   27   25    1    4    3
    2   24    3    2    1
   28   12    2    3    8
   25    4    3    4    4
    4    4    3    1    9
   24   14    1    3    4
    4   19    3    2    2
    9    4    2    2    8
   18   18    2    1    9
    4   16    1    4    7
   23   27    1    2    7
    6    8    4    1    2
   22   30    2    1    4
    3   21    4    1    3
   21   24    4    2    4
    8   13    2    1    7
    6    3    2    1    2
   16   16    3    2    9
   29   25    3    2    8
   26   12    4    2    4
    1    8    2    3    4
   19   30    2    2    3
   14   26    4    3    2
   22   15    4    4    3
    9   25    3    1    5
   24   28    1    4    2
   21    4    1    1    3
   30    3    3    2    1
   29   11    1    2    1
   22   25    3    4    2
   28    3    3    1    2
   26    7    1    2    1
   26   25    3    3    4
   13   19    4    2    1
   16   15    4    1    5
   22   23    4    2    6
   17    2    1    4    3
   15    1    1    2    2
   16   28    1    3    1
   24   27    3    3    1
   18    1    2    1    7
   18   30    1    2    7
   25    5    4    1    5
   14   27    4    1    1
   19   16    4    1    8
    9   26    4    4    3
   17   25    2    2    4
   18   26    3    1    4
   12    5    4    2    3
    8    2    2    1    7
    2   21    2    2    5
    4   28    4    4    2
    2   12    1    4    1
    2   28    1    4    1
   15   11    1    2    1
   21    5    4    4    1
   24   19    1    3    2
   23   10    3    4    2
    6    9    4    1    1
    7   27    3    2    7
    3   14    3    2    3
   13   16    3    4    4
   21   11    1    1    6
    2    2    3    4    9
    1   29    1    2    5
   26   23    4    2    4
   17   28    4    2    2
    5   11    2    3    2
   17   21    2    1    3
   19   12    1    1    5
   15   24    3    4    1
   24    5    1    1    1
   15   30    1    3    3
   24    4    1    2    3
   29   19    4    2    1
   15   14    3    4    2
    3   27    2    3    1
   16    7    4    4    1
   27   10    1    2    1
   25   25    4    2    9
   26   21    1    2    2
    5   15    1    3    5
   25   21    3    4    1
   18   10    1    2    9
   17    6    4    4    1
    2   13    4    2    7
   17   27    2    1    1
    6    1    4    1    1
   19    9    3    1    8
   23   23    2    1    8
    8   22    1    1    1
   29   29    3    1    8
    3   17    2    4    6
   17    5    2    1    1
   18    8    3    3    1
   16   12    2    2    2
    4    5    1    1    3
    3   29    1    2    3
    2   14    1    3    2
   12   10    1    1    1
   13   22    2    4    7
   21   20    2    3    2
    6   19    3    1    6
   23   18    4    2    1
    3    9    2    4    1
   15    7    3    4    2
    3   24    2    1    1
   22    6    1    2    7
    3    3    4    3    8
   23   25    3    1    5
    4    3    3    4    3
   17   20    4    2    6
   29   28    4    3    1
   20   20    3    1    9
   27   30    3    2    1
   24   20    2    1    1
    2   29    3    3    4
   19   17    1    4    3
    6   29    2    1    1
   19    5    1    2    1
   23   16    4    4    7
    9   20    2    1    2
   15   12    1    3    2
   30   16    3    3    4
   19   19    1    3    9
    5    5    1    2    2
   10    5    4    4    4
   27    9    2    3    1
   27   13    3    1    1
    5   18    1    2    4
   23    2    1    1    3
   30    6    2    1    1
   15   28    1    3    7
    2    3    2    2    1
    2   27    1    4    1
    3   20    1    3    3
