Rock1Type Rock2Type Rock1Token Rock2Token Rating
   16   29    2    3    5
    2   12    3    4    3
   25   25    3    1    7
   27    8    3    1    2
   25   12    2    1    2
   25    6    3    3    2
    3   19    3    1    8
   25   17    4    4    8
   14    4    3    1    7
    8   10    2    2    9
   14   14    3    4    4
    9   23    4    3    8
   22    8    1    2    6
   21    7    4    1    1
    6   13    2    3    1
   22   26    3    1    7
   21    9    3    2    4
   26   29    3    3    5
   10    2    4    2    6
   26    7    4    2    4
   13   22    4    4    4
   11   20    4    2    1
   10    4    2    2    4
    5   25    2    3    2
    7    5    1    1    6
   19    2    4    4    6
   29   14    3    2    3
   28   19    2    3    3
    8    1    4    4    7
   23   28    3    3    4
   29    5    1    2    3
   12   12    2    3    8
   25   20    3    1    3
    6    9    1    4    2
   13   17    1    3    8
   18   18    1    2    8
    8   26    2    3    9
   26   25    4    3    6
    7   12    2    4    8
   18   17    3    3    9
    7   10    1    4    8
   14   22    3    1    4
    3    5    1    1    8
    1   13    1    4    4
    9    1    3    1    4
   18    7    1    3    7
   23   14    4    1    8
    3   25    1    1    8
    5   16    4    2    8
    3   28    1    1    3
   12   22    1    4    4
   28    6    2    1    3
   25   27    1    2    9
   12   19    2    4    9
   21   13    3    1    7
   28    7    2    1    7
   16   17    3    2    8
   28   30    2    1    3
    2    8    3    3    3
    5    1    2    2    8
   21   21    2    3    9
   27   17    4    4    9
   29    2    3    4    8
   10   26    4    1    3
   11   14    1    4    7
   16    1    4    3    9
   27    5    2    1    3
   25    1    3    1    3
   18   12    2    3    8
   29   29    1    2    8
   27   28    4    2    9
   20   30    1    4    9
    3    3    4    2    9
   27    4    2    2    3
    2    1    3    2    4
   10   17    1    2    4
   15    5    4    1    7
    7   29    1    3    8
   22   30    1    4    3
    6   19    1    3    3
   10   30    4    3    9
    3    7    1    1    9
   15   29    2    3    8
   18   30    4    1    5
    9    5    1    3    3
   30   11    1    4    7
    6    1    1    1    3
   19   27    1    2    3
   24   29    2    4    9
    9   12    1    3    8
   10   14    2    4    9
   10   12    3    2    8
   17   30    2    2    9
   12   11    3    1    3
    8   18    2    2    8
   29    6    4    1    7
   19    4    1    3    8
   11   18    4    1    9
   26    5    3    4    5
   16   16    1    4    8
   20   20    1    4    8
    7   24    4    2    5
    1   26    3    4    7
   22    6    3    4    5
   23   19    2    3    8
   18   16    2    2    8
   15   21    3    4    5
   26    4    4    1    7
    4   28    2    2    5
   23   15    3    3    7
   23    4    4    2    7
    8   11    1    2    7
   16   10    3    4    8
    9   20    3    3    5
    4   25    1    2    5
    8   20    2    1    3
   28   22    4    1    9
    2   26    3    4    9
   24    2    1    2    3
   16   15    2    4    8
   25   28    4    4    3
    9   13    4    2    4
   20   24    1    4    3
    3   16    3    2    8
    2   28    3    1    3
   15   15    3    4    4
    8   25    3    3    3
   28   11    4    2    9
   28   15    1    4    8
   12   26    1    3    3
   17   12    3    3    9
   27    2    3    1    3
   14   30    2    2    8
   26   13    4    3    9
   13   14    3    2    3
   19   18    3    4    8
   17    3    4    2    9
    8   19    3    4    8
   12   30    1    4    7
   23    7    2    3    8
   20    1    1    3    8
   13   15    1    3    3
    4   16    2    3    4
   17   22    3    3    5
   19   21    3    1    3
   18   29    3    3    5
   15   22    1    4    3
    7    8    2    4    5
   28   20    2    4    7
    6   30    2    4    8
   15    8    3    2    3
   20   14    3    3    9
   11   22    4    2    9
    4   15    1    4    8
    9   15    1    4    7
    1    1    3    4    9
   10    5    4    3    8
   17    7    1    4    8
   20   26    3    1    7
   22   22    2    4    8
   18   15    2    2    9
    6    6    4    2    9
   21   26    3    1    7
   25   22    1    1    8
   15   10    3    4    8
    6    2    4    4    5
   19   14    2    3    8
   21   20    2    1    5
   13   10    2    2    7
   24   21    4    2    3
   10    3    4    2    8
   27    6    1    2    7
   14    8    2    1    5
    1   30    1    3    7
   17   11    4    3    5
    7   16    4    4    5
   17   17    2    4    7
   18   28    2    4    8
   29   30    2    4    5
   27   13    1    1    3
   28   16    1    4    7
   13   25    1    1    5
   14   25    4    1    7
    9    9    1    2    9
    7   15    4    4    8
   13    2    3    4    7
    5   22    3    1    8
    1   17    2    4    3
    7   22    1    2    7
    3   24    1    3    6
   18   26    1    4    8
   11   11    1    3    8
   18   20    3    1    9
    2   23    4    3    9
   16    6    1    2    7
   17   21    2    2    7
    4    3    1    4    6
   12   28    3    1    5
   27   26    4    1    3
    4    7    1    3    4
    5   24    4    2    6
   10   18    2    3    7
   20    5    1    4    8
    1   18    4    4    7
   13   19    3    2    2
   15    1    3    3    6
    6   18    4    3    1
   10   11    4    4    7
    8    8    2    4    8
   20   16    4    4    8
    2   16    3    2    4
   27   23    4    4    5
   27    3    3    2    2
   25   29    2    2    5
    3   21    1    3    1
    4    1    3    1    4
    3   13    3    1    7
    2    4    3    4    8
   10   19    3    4    8
    1   27    4    1    7
   28    5    4    2    5
    4   12    2    2    8
   19   30    1    3    7
   30    3    1    4    4
    3   29    4    3    1
   19   19    1    4    5
    5   30    1    3    2
    5   13    2    1    5
    6   15    2    2    1
   21    8    3    4    4
   20   23    2    3    3
   12    6    4    2    5
   24   22    3    4    5
   13   12    3    1    1
   10   29    3    3    8
   20    2    3    3    4
    2   21    2    2    6
   24   15    2    1    1
    3   15    1    2    1
   26   14    1    3    1
   14   15    1    3    3
   14   27    2    2    4
   21   18    3    4    3
   24   10    2    1    7
   23   13    2    2    7
    6   24    2    2    1
    1   12    4    1    7
   29   19    4    1    8
   17    6    2    4    2
   18    5    2    1    2
   21    6    1    1    7
    7   20    3    1    4
   24   17    3    1    1
   15   11    4    4    6
   16   24    3    1    7
   20   15    2    2    9
   23   18    1    1    2
    8    6    4    2    5
   21   27    4    3    4
   16   27    1    3    4
   21    4    1    4    7
   26   15    4    4    5
    6   26    3    2    6
   25   19    1    2    7
   13   24    4    3    8
    8    5    4    3    9
   23    5    1    1    1
    2   18    4    2    3
    4   13    4    2    4
   13   18    1    3    1
   21   10    2    1    1
    8   30    1    2    2
   17   26    4    1    6
   30   27    3    4    8
   21   11    2    1    4
    3   23    1    4    8
   23   23    4    1    1
   25   10    1    3    8
   14    6    3    2    1
   21    1    3    1    8
    5   11    2    4    8
   23   16    2    1    7
    6   10    3    2    6
   24   23    2    2    7
   26   30    3    3    4
    5    5    3    2    8
   27   27    2    3    9
   26    3    4    1    8
   28   28    4    1    5
   16    9    3    2    2
   27   22    1    1    1
   23   17    1    2    1
    5   12    4    4    4
    8   29    4    3    4
   22    4    3    2    7
   23    8    3    1    4
   17    4    3    2    3
    9    4    2    3    2
   30   30    2    3    9
    5    2    3    2    4
   22    3    1    4    6
   27    9    1    2    1
    3    9    1    2    6
   16   14    2    2    3
   19   17    2    2    8
    7    7    2    3    7
   23    6    2    2    7
   18   24    1    4    3
   22   21    1    1    4
    9   30    3    4    5
   24   27    2    4    1
    2   17    4    4    2
   24   28    4    3    7
   21   23    1    4    3
   11   27    4    3    3
   30   16    4    4    7
   13   16    3    4    1
   17   14    4    2    5
    4   24    3    3    7
   10   22    3    4    5
   19   16    1    2    7
    4    4    2    1    7
    3    1    4    2    8
   16   22    4    2    9
   15   27    4    4    8
   28   10    1    2    9
   25    9    1    1    6
   20    6    4    1    2
   10   10    1    3    8
   14    2    3    2    3
   26   11    4    1    6
    7   13    3    1    8
   12    3    4    2    2
    4    5    1    4    1
   29   28    2    4    1
   22   23    4    2    7
   19   24    1    1    3
   13   20    1    4    1
   26   24    2    1    1
    3    8    2    4    3
   26   26    4    1    5
   26   16    4    3    2
    8   28    3    2    6
   27   20    1    2    9
   29   27    3    1    1
   21   14    1    4    4
    9   14    2    3    1
   29    1    4    3    2
    8   24    4    1    3
   19    1    2    1    6
   17    5    4    1    5
   13   30    1    3    5
    6   11    3    1    5
   13   29    2    4    4
    7   14    3    1    3
    4   30    4    1    5
   18    3    3    1    1
   19   15    1    2    5
   14   24    3    4    3
   10   27    2    2    9
    4    8    2    1    7
    4    6    1    2    7
   11   29    2    4    3
    2    3    2    4    3
   23    1    2    4    1
   14   18    4    1    3
   23   30    3    1    7
   12   16    1    3    8
    9   19    4    1    9
    7   27    1    1    4
   24    9    1    2    1
    3    6    1    2    3
   14   28    4    1    1
    1   14    2    2    5
    4   29    2    4    4
    9    2    2    1    7
   12   20    1    2    3
   30   21    2    4    6
   11   16    4    1    7
   17    9    3    1    4
   28    1    2    4    6
   21   29    4    1    1
   25    7    3    4    1
   10    9    1    1    8
    1    7    3    1    4
   23   12    1    1    1
    8   16    1    3    8
   11   23    3    4    4
   23   29    4    3    4
   25   30    1    1    7
   24   24    3    2    1
   16   21    3    3    1
    7    2    2    4    2
   29   17    3    3    1
   24   11    3    3    5
   25    2    4    2    2
   25   11    1    3    4
   19    7    4    1    7
   15   30    3    4    4
    3   14    1    1    3
   19   20    1    4    1
    2   11    1    3    3
    5    6    4    4    1
    7   11    3    1    2
    2   30    2    1    6
   25   18    3    2    4
   20    4    3    4    5
   13   11    2    4    7
   12   14    1    3    4
   29    9    2    3    3
   29   12    3    4    3
    2    2    1    2    7
   12   15    2    2    7
    9    8    3    1    8
   12   27    3    4    5
   24    1    3    1    3
    4   11    4    1    8
   19   11    2    1    3
    2   15    1    2    5
    9   18    4    4    5
   20    3    4    4    3
   28   21    2    3    1
   22    1    3    1    2
   22    9    1    4    7
   24   12    2    2    5
    7    6    3    3    7
   22    2    4    1    6
   16   25    4    2    8
   21    5    2    2    2
   14    5    4    3    1
   21   25    2    4    6
    8   17    3    4    7
   23   10    4    2    5
   26   23    3    3    4
   10    1    3    2    7
   28   26    1    2    2
    3   11    4    4    7
   17   28    3    2    3
   21   12    2    2    8
    9   28    4    3    1
   10   20    4    2    7
   24   25    3    4    7
   22   18    4    2    3
    9   11    1    3    5
   20   29    3    3    2
    1   11    3    3    3
   26   19    2    4    5
   18    4    3    3    2
   15   17    2    4    8
   25   23    4    3    5
   25   15    3    4    9
   30   24    3    2    8
   20   17    2    4    9
    9    7    3    4    5
   27   18    4    3    3
   13   13    1    4    9
    5   19    2    1    5
   12    8    1    3    5
   28   13    1    4    2
   19   22    4    1    5
   29   22    4    3    8
   30    7    1    1    1
   13    8    3    3    1
   26    9    4    3    4
   20   22    4    2    3
