Rock1Type Rock2Type Rock1Token Rock2Token Rating
   27   20    2    2    3
   25    3    3    3    3
   18   15    2    4    3
   22   25    2    2    4
   15    7    3    2    4
    8    4    4    1    4
    2   13    2    3    5
   13    5    3    1    4
   20    8    1    2    3
   30   10    1    4    2
    8    9    2    3    3
   11   21    2    3    4
   16   11    4    3    4
   25   30    2    4    4
   11    4    2    3    4
   28   28    3    4    4
   18   13    1    2    4
   29    7    4    2    2
   17   30    2    1    3
   15   10    1    3    3
    7   19    2    3    3
   22   22    2    3    3
    3   22    4    4    2
    9   11    4    1    2
    1    4    1    4    2
   22    9    2    4    3
    4   25    2    3    2
   23   13    3    4    3
   25    9    3    2    3
   13   16    2    4    3
    9   10    1    2    3
    4   18    1    3    4
   10   18    3    2    4
    8   30    3    1    4
   15   30    4    3    5
   13   28    3    3    2
   20   28    3    2    2
   15   11    1    1    3
   26   26    3    1    6
   12   21    4    3    5
    7    3    4    4    6
    8   24    4    3    3
    6    4    1    4    6
   19   16    2    1    5
   22    2    3    2    4
   18   21    4    4    3
    3   24    4    4    4
    5    5    1    3    4
   13   27    1    2    3
    1   16    1    4    3
    1   12    1    2    3
    4    4    4    2    7
   10   27    1    4    3
   25   25    3    4    6
   25   28    4    3    2
   21    3    1    3    2
    4   22    2    3    5
   13   22    1    2    2
    8   25    1    1    5
    3   15    1    1    2
   28   14    1    3    1
   15   12    3    2    1
    6   15    3    3    1
   30    3    1    2    2
   17   17    1    2    6
   17   21    2    2    5
    7    2    4    2    3
   26   22    2    4    3
   12   12    1    3    7
   19   28    4    4    7
   26   28    1    3    2
    4    7    1    3    3
    1    9    1    4    4
   24   13    4    4    4
   14    2    1    1    7
   14   14    4    1    7
    6   23    1    1    2
   29    1    3    1    5
   22   12    2    4    5
   24   10    3    4    3
   23    4    3    1    4
   14   23    1    2    3
    7   17    4    1    3
    4   24    2    1    3
   24   24    3    2    3
   28    6    1    2    2
   24   28    3    1    2
    2   10    3    3    3
    6   29    4    3    4
   12   16    2    1    2
   18   12    1    1    2
   26   25    1    3    6
   11   12    1    1    5
    7   27    2    4    3
    7   16    1    4    3
   23   20    1    1    2
   10   12    2    2    3
   30    7    2    2    4
   12   27    1    4    3
   21   21    2    3    7
   26   17    4    2    4
   10    7    2    1    3
   16   10    3    4    3
    6    6    3    4    8
   12    2    3    1    4
    8    7    1    4    3
    1   22    4    3    5
   29   29    3    4    8
    2   21    4    3    4
   25    6    1    4    4
   22   24    1    3    3
    5    2    4    2    3
   23    2    3    3    5
   19   27    4    1    2
    3    9    1    1    2
   21    8    1    1    3
    7    9    3    1    2
   20   17    3    1    5
   10    6    4    2    3
   29   17    2    4    3
   15   28    2    4    4
   24   18    1    4    3
   15    4    4    4    1
    1   28    3    4    3
   16   16    1    2    2
   26    1    3    1    2
   30   27    1    2    2
   23   16    2    1    2
   14    3    3    1    3
    3    8    1    3    2
   25   24    2    4    2
   25   14    3    3    5
   21    7    2    2    2
   22   18    4    4    2
   11   22    1    2    5
   30   28    3    2    2
   17   23    4    4    2
   17   22    1    1    3
   25    5    1    3    2
    4   19    4    4    4
    8   28    4    2    2
    7    1    4    2    3
   16   20    3    1    3
   18   28    3    1    2
    8   16    1    3    2
   21   15    2    2    3
   27    2    2    3    2
   20   14    3    2    8
    1   18    4    1    2
   28   16    4    4    2
   19    1    3    2    3
   23   25    4    2    3
   14   15    2    1    2
   14    4    3    1    2
   27   15    2    2    3
   10   20    4    1    2
    5    1    2    2    4
   21   25    3    3    3
   19   11    3    3    2
   20   24    2    1    2
   28   12    3    1    2
   20   20    1    2    8
   29    8    4    2    3
    1    6    3    2    2
   26   29    4    4    8
   30   26    3    4    6
   19   25    2    2    2
   11   28    2    2    2
    1   21    3    4    2
   19    9    3    3    5
    3   11    1    2    3
   28   17    2    3    2
   25   20    2    3    4
    8    2    1    1    3
   15   26    4    4    2
   26   27    4    4    6
   29   16    4    2    2
   20   12    3    2    3
    8   13    4    2    2
    3   13    3    3    6
   17   14    2    1    5
   19   22    4    3    2
   29   19    3    4    3
    5   29    3    4    2
    3   28    2    4    2
   15   29    4    4    2
   26   11    2    1    5
    2   26    4    4    5
   11    1    4    4    4
   19   10    4    4    4
   21    5    3    3    3
   22    6    4    3    3
   26    6    4    4    3
    6   16    2    3    2
    6   18    3    2    1
    1   24    3    2    2
    3   16    1    3    2
   12   30    2    1    2
    3   19    4    3    2
    8   26    3    2    2
   11   18    3    2    3
   11    7    2    3    2
   25    1    2    2    2
   21   30    1    2    4
   22    5    1    4    2
   28    2    1    1    2
   27   11    2    4    1
   30   16    3    1    5
   20   11    1    4    3
    3   18    3    4    3
   30   20    1    1    3
    2    1    3    3    2
   24    5    3    4    2
   13   14    2    2    2
   15    9    1    3    2
   21   16    3    3    2
    5   16    1    3    1
   19   19    4    3    4
    2   16    3    4    4
   21   20    3    1    5
   14    1    3    4    3
    9   29    2    4    6
   17   18    2    3    3
    5   20    4    3    3
   17   27    1    1    2
    3   26    4    3    3
    6    8    4    3    2
   10   23    1    1    4
    9    2    1    4    3
   30   13    3    4    4
    8   14    3    3    3
   17   19    2    2    5
   24   11    3    1    3
    5   14    1    1    3
   17    9    2    2    3
   23   27    4    4    3
   30    6    4    2    4
   12    7    4    1    3
   26   21    3    4    3
   23    7    1    1    3
   14   12    3    3    2
   11   13    4    1    3
   26   23    4    3    5
   19   18    2    1    4
   15   20    4    1    3
    5    8    4    3    4
    2   19    4    3    3
   28   22    3    4    2
   10   26    3    1    2
    1    1    3    2    4
   20    9    4    1    1
   30   23    4    2    1
    9   13    2    2    1
   10   10    3    4    4
   23    1    2    2    2
    3   17    3    4    3
   18   16    1    3    5
    6    7    4    2    1
    3    6    2    4    1
   12   26    3    4    4
   16   26    4    4    4
   28    4    4    2    2
   21    4    4    4    6
   19   26    1    4    6
   24   15    4    4    3
    9   12    2    2    2
   23   23    4    2    3
   10   11    2    4    2
   22   27    1    4    4
   27    9    3    3    3
   19   15    1    3    3
   30    5    4    3    3
    1   20    2    1    2
   17    4    2    2    3
   18   18    1    3    4
    9    9    1    3    9
   15   16    2    3    5
   27    3    4    2    3
    2   25    4    3    5
   30   14    1    2    4
    9   24    1    3    3
    4   20    2    1    3
   25   15    2    2    4
   24   21    4    3    3
    5   19    4    4    3
    5    4    4    2    4
    9   18    2    4    3
   15    5    3    4    3
   27   21    4    2    2
   15   22    3    1    3
   30   22    3    4    3
   21   22    3    1    3
   24   14    2    3    2
   20   18    2    1    4
   17   10    4    2    4
   20    3    2    1    3
   10    3    1    2    4
   10    1    1    3    2
   20    6    1    2    4
    8   22    2    4    3
   14   26    4    1    2
    9    5    4    3    2
   24   19    1    4    2
   30   29    3    1    4
    3    3    3    2    3
   23   28    1    4    2
   29   27    4    4    2
   24   12    1    4    2
    9   23    4    2    2
    6    2    3    4    3
    1    3    1    3    2
    9   21    3    3    2
   27   27    4    1    9
   18   30    1    1    6
   30   30    4    2    7
   15    8    3    3    3
   12    3    4    4    3
    5   26    1    2    3
   22   14    2    3    3
   29    3    4    4    3
   28    7    4    4    3
    8   18    1    3    5
   18    2    1    3    6
   17   25    4    4    4
   29   25    3    2    5
   22   29    2    4    4
    5   10    1    3    3
   13   26    2    2    3
    1   13    4    4    3
   18   14    2    4    3
    8    8    2    3    3
    3    5    4    1    3
   17   13    1    4    4
    7   26    3    4    3
   18   25    1    2    6
    7   22    3    1    3
   12   17    2    3    6
    3   23    3    4    3
   14   19    2    3    4
    2   20    2    3    3
   16   27    1    4    3
   29    2    1    1    4
    8   12    1    2    4
   17   24    3    3    3
   15    1    1    3    2
   24    6    4    1    2
   10   28    3    4    3
   27    5    1    4    3
    7    7    1    2    3
   13   13    3    1    7
    4   27    1    2    2
   23   12    4    4    2
   22   16    1    1    2
    9   28    2    1    2
   13    6    2    2    3
   14   11    2    1    3
    8   17    1    1    3
    4   29    2    4    3
    6   17    4    2    3
    5   23    1    4    2
   27   18    1    4    2
   16   14    1    2    4
    2   30    3    1    5
   19   21    2    3    5
    6    5    3    1    2
   17    5    2    2    3
   25   27    3    3    2
    7   24    1    4    3
   23   29    2    1    2
   12    4    3    1    2
   10   21    2    4    5
   30   11    1    2    4
   29   18    4    1    6
   23   22    3    4    4
   21    6    1    1    5
   11   25    2    1    4
   16   25    4    3    3
   12    5    4    4    3
   27    6    3    1    2
   12   19    1    3    3
    4   13    2    2    2
   24   16    4    4    2
   12    6    4    3    4
   26   24    2    2    2
    3    2    2    1    2
   13   25    1    1    4
    1   27    2    2    1
    4   30    1    2    3
    5   18    1    2    1
    1    8    2    2    4
   14   29    4    4    3
   26    9    2    1    1
   13    7    3    3    3
    3    4    1    2    1
   13   19    3    2    4
    8   11    4    1    4
   27    8    4    3    1
   29   21    2    1    2
    4   16    3    4    3
    6    9    1    1    2
    4    2    4    2    8
   14   10    3    3    2
   30   19    2    1    4
   14   27    4    2    2
   24    2    2    4    2
    6   14    4    4    3
   15   15    1    2    8
   26    4    4    2    6
   17   15    4    3    4
   23    8    1    1    2
   15    2    2    1    4
   29   20    3    1    3
    8   19    3    4    2
   14   21    4    2    4
   29   10    2    2    3
   10    4    1    4    6
   30    1    4    3    2
   16    9    2    2    2
   15   13    4    3    2
   30    9    3    3    2
    5   28    3    3    2
   18   26    1    2    6
   12   13    2    1    3
   17    2    2    4    3
   14    7    4    1    3
   18   23    2    1    2
    9   14    4    3    2
   25    7    3    1    4
   24   23    3    2    3
   11   11    2    1    4
   11    5    2    1    3
   28   27    1    3    6
   12   29    3    3    3
   23   11    2    2    2
   20   13    1    2    3
   19    6    1    1    2
   29   28    3    3    2
   11   17    2    4    3
    5    7    2    1    2
   22   10    1    4    2
   20    7    4    1    3
   10    8    1    1    5
   30   24    3    2    2
   29   11    2    1    3
    7   18    4    3    2
   16   17    3    4    5
   13   29    3    3    5
   23   21    3    3    5
   20   22    3    2    4
   19   23    2    4    3
   15   23    1    1    2
   24   27    3    3    2
   28   21    2    3    2
   10   25    4    1    6
   12   25    3    4    5
   26   20    2    3    5
    1   17    1    1    5
    6   11    2    2    6
    9    4    1    2    3
   10   13    2    3    3
    2    2    4    3    6
   19   20    3    1    5
    2   11    1    1    7
   24   29    3    1    3
   13   21    4    1    2
