Rock1Type Rock2Type Rock1Token Rock2Token Rating
   21   15    3    3    6
   27    8    2    2    2
   23   23    2    3    8
    4   26    2    3    6
   22   22    2    4    5
    8   25    4    4    2
   14    3    1    1    5
    3    6    3    1    3
   15   28    2    1    7
   10   23    4    2    7
    3    3    3    2    6
   11   24    1    1    4
   24   19    3    3    2
   13    4    1    2    6
   23   28    2    3    6
    5    2    2    1    6
    4    7    1    2    6
   28    1    3    2    4
   18   27    4    4    2
   13    6    3    1    3
   26   18    4    3    5
    9   26    1    1    8
   29   29    2    4    9
   22   12    4    1    6
   20   14    1    4    3
   22   29    2    4    6
   30   26    2    4    7
    6   19    2    2    6
   14   16    1    1    8
   29    2    4    3    7
   19   23    3    3    8
    6   14    4    1    3
   29   18    3    1    8
   13   12    1    2    7
   21   13    2    1    4
    2   24    3    2    6
    2   23    2    3    7
   25    5    2    3    4
   17   29    2    1    6
   16   20    1    3    6
   20    6    2    3    5
   11   14    4    1    7
    3   13    4    1    7
    4   21    3    1    6
   23   25    1    1    2
   12   28    2    3    3
    7   18    4    4    4
   26   15    3    3    2
   29   25    1    3    6
    6   29    1    1    3
   21   21    2    3    9
   30   27    1    4    3
   21   27    4    1    6
   27    6    4    3    6
   30   15    2    4    6
    5   10    3    1    3
    3   25    4    2    4
   26    6    2    1    3
   19    7    4    1    2
   19   30    1    2    3
    8   12    2    3    2
    7   20    1    1    2
   12   19    1    2    9
   17   22    4    3    6
   12   20    1    3    7
    1   18    3    4    6
   12   25    4    1    3
    9    7    2    1    6
    6   15    1    1    4
   24   20    1    1    1
    8    4    4    2    6
   11   27    1    4    2
    2    8    1    1    1
    1    1    1    4    7
   30   13    3    4    6
   25   22    2    4    2
   16   16    2    1    2
   13   22    2    3    3
    6    6    3    4    9
   24    8    4    1    3
   23   26    1    4    5
   15    2    4    2    3
   14   25    1    3    3
   17    8    3    3    6
   26   26    2    4    9
   27   15    4    1    8
   21   12    4    3    9
   11   17    4    3    7
   20   28    3    3    6
   28   21    1    1    7
   16    6    1    4    4
    2   14    3    4    5
    1   25    2    3    4
    3   17    1    4    3
   17   19    3    2    7
   18   22    1    4    3
   28   16    3    4    2
    3   29    1    3    7
   10    4    1    3    3
   11   11    2    3    7
   30   14    1    1    6
   20   20    1    4    9
    9    3    3    3    7
   25   21    1    3    6
   29   16    1    1    4
    5   21    1    1    5
   16   24    3    3    4
   21   26    1    2    2
    1   27    3    3    1
    2   13    3    3    3
   15   20    2    4    3
   10    6    2    3    2
   23   29    3    2    6
   28    7    2    1    5
   28   26    3    1    2
   26   13    3    1    4
    5   28    3    3    5
   13   19    1    4    6
    8   30    4    4    6
   23    3    4    2    3
   30    4    1    3    5
   27    3    4    2    4
    6   22    2    3    4
    4    1    4    4    4
   17   12    4    2    4
   30    2    4    4    6
   10   10    3    1    5
   20   23    4    2    1
    7   26    1    2    3
   30   25    3    3    6
    5    6    4    4    3
   22   14    1    1    4
   22    5    1    3    2
   13   20    4    4    3
   25   16    4    4    5
   19   16    3    1    3
   26   24    2    3    6
    7   25    4    4    2
   13   10    4    4    5
    5   20    3    4    7
   22   30    1    4    1
   15    9    1    2    1
   30   30    4    3    7
   26    2    4    1    8
   24   13    4    2    5
   17   18    4    2    4
    1   10    2    4    8
   23   15    1    4    3
    5   14    4    4    8
   11    3    4    2    4
   21   16    1    2    3
   22    9    3    3    6
    2    1    2    3    5
   10   25    1    2    3
   15   24    4    2    2
   10   15    1    1    3
    7    7    4    1    7
   30   29    4    1    7
   21    9    4    2    5
    5   12    4    2    8
   26    8    4    3    2
   19   21    4    2    5
   10   14    1    1    4
   25   15    1    2    7
    8   21    1    2    4
   21    3    4    1    5
    7   29    1    4    5
    9   12    3    4    4
   15   14    4    1    7
    5   23    1    3    9
   26   12    1    1    7
   27   26    4    1    3
   17   25    1    1    8
   14    7    2    2    7
    6   25    4    1    4
   29   26    2    3    8
    1    9    3    4    3
   24   25    1    3    6
   29   14    2    1    2
   27   16    1    2    2
   27    5    1    2    6
    1    3    1    4    6
    6   18    1    2    2
   17   13    2    3    7
    4   19    1    4    8
    7    2    3    4    5
    3    2    4    4    4
    1    5    2    3    8
   16    2    1    1    3
    8    8    4    3    8
    4   22    1    4    6
   15   12    4    3    6
    4   11    1    3    8
   21   10    2    3    4
   29   15    4    3    1
   19    1    1    3    3
   28   13    1    4    2
    9   23    1    1    4
    3   28    2    4    6
    9    6    3    2    4
    9   18    2    2    3
    1   12    2    1    6
   11   13    3    1    7
    1   11    1    1    6
   25   19    4    1    7
   26   25    4    1    8
   29    1    4    2    6
   16    5    1    3    7
    8    5    4    4    4
    4    5    4    2    3
   16   22    4    3    2
   15   22    1    2    1
   30   20    3    3    8
    6    8    2    2    4
    9   11    2    4    7
   24    5    3    3    2
   20   22    2    4    2
   18   21    2    1    3
   26   22    3    3    7
   23   18    2    3    6
   13   13    1    3    8
   29   19    2    1    6
   14    9    3    4    1
   27   29    2    1    2
   14   14    4    3    6
    8   15    4    3    1
    4   25    3    3    3
   25   25    3    4    8
   27   27    3    4    7
   12   14    1    2    7
   29   21    4    2    6
   14    8    2    1    4
   12    3    1    3    4
   19    9    1    2    7
    7   22    3    2    2
   20   25    1    3    3
   21   17    1    4    4
   28   30    3    2    2
   10   17    2    3    2
   12    4    1    4    6
   24    3    1    2    6
   27   13    4    2    2
    2    4    1    1    6
    9   30    2    4    4
   17    7    3    3    2
   28   25    4    1    2
   19   15    4    1    3
   24   22    1    3    6
   15    3    2    2    6
    9   25    1    3    7
   16   30    3    4    6
   19    8    1    1    4
   24   21    2    3    2
    6   30    2    4    6
   14   18    1    2    4
   12   16    3    2    3
   17   26    4    4    4
   28    8    4    2    5
   17    6    2    4    7
   27    4    2    1    4
   26   11    3    2    5
   23   22    1    2    2
    6   28    4    1    7
   26    1    2    1    4
   11   15    4    2    6
    9    5    3    3    3
   17   17    4    2    8
   11   21    1    3    7
    9   20    2    4    3
   20   27    2    3    6
   27   22    2    3    2
    4    4    4    1    6
   13   29    4    4    8
    7   24    4    2    5
   13    9    3    2    3
   11   19    3    1    7
   22   11    2    3    8
   18   20    1    3    7
    9   29    4    4    8
    8    1    4    4    4
   17   15    3    4    6
   24   12    4    3    3
    4   20    2    4    2
   28   11    2    2    1
   26    5    3    4    3
   27   14    4    3    2
   21   23    2    1    3
   22    2    3    4    7
   18   25    2    3    7
    2   11    3    4    6
   17   14    1    2    6
   23   16    1    1    4
    9   16    1    4    2
   27   19    2    3    3
   12   30    4    3    6
   23    1    2    3    4
   23    7    4    4    7
   21    7    4    1    6
   15    7    3    4    6
   12    6    1    3    8
   15   15    4    3    9
   10   12    4    3    6
   12   11    4    1    7
    3   19    2    1    6
   15    5    1    1    7
    5   13    3    4    4
    7   27    3    1    4
   23   14    2    2    3
   13   15    2    1    5
   19    2    4    4    6
    9    9    3    1    9
    8   18    4    2    4
   11   30    4    4    5
   10   11    2    2    6
   16   15    1    4    6
   16   17    3    4    7
    6    7    1    1    4
    5    5    1    2    7
    1   22    2    3    7
   28    2    2    4    2
    2    2    2    3    8
   29    8    2    1    4
   12   29    2    4    1
    2   18    1    1    3
   13   14    2    4    7
   12   18    2    4    4
   13    1    1    1    1
   16   26    3    4    2
   25    2    3    1    5
    9   27    1    4    3
   13   23    1    1    2
   10   26    4    2    5
   29    5    2    3    3
   23   17    2    3    4
   18   28    1    1    2
    6   23    2    2    7
    7   13    1    2    3
   21   14    1    4    8
    8    7    3    4    4
   18    4    1    4    7
    1   14    3    4    8
   12   27    1    2    6
   26   19    3    3    8
   20   21    3    2    7
   30    7    2    4    3
    1   20    1    4    6
   28    4    2    2    2
   10   27    4    4    3
   12   23    3    3    4
    1   24    4    2    6
   30   17    1    2    3
   30    3    1    4    4
   19   18    1    2    3
   27    2    3    1    3
   24    6    2    1    1
    2    6    4    1    4
   15    4    1    3    3
   13   16    1    2    7
   24   23    2    2    6
    2   17    3    4    5
    8    3    3    2    6
   19   19    3    4    9
   10   28    3    2    7
   28   28    3    2    9
   18   15    2    4    7
   20    2    3    3    5
   20    3    4    2    3
   27   25    3    1    4
   10   24    2    4    3
   14    4    2    1    4
   10    3    4    3    6
   18   18    1    4    8
   10   19    1    1    4
   17    4    3    3    6
   11   23    1    2    6
   23    4    2    2    6
    8   13    3    3    4
    3    4    3    3    8
   29   28    4    2    2
   20   11    1    1    3
    5   17    4    1    7
   10    2    4    1    5
   18   13    1    4    6
   16    3    4    1    4
   23    8    3    3    2
   22    8    4    1    6
    5    7    4    4    6
   11    7    1    1    6
   20    8    2    3    4
   16    1    2    2    3
   10    8    3    3    7
    1   15    2    1    7
    7   12    3    4    7
   10   22    2    2    7
    7   16    4    1    4
   25   13    3    2    5
   10   16    4    4    3
    7    1    3    2    2
    2   21    4    2    4
   25   11    3    3    3
    5   30    1    3    2
   11    8    2    4    5
   11    5    4    1    4
   18   30    4    4    2
   24    9    1    3    4
    7   10    3    4    6
   24   29    4    1    7
   24   18    3    1    5
    1   30    2    4    3
   22   21    4    3    4
   27   24    1    2    2
    4   16    3    2    4
   14   24    4    2    1
   22   19    3    4    3
   11    6    3    2    7
   14   28    3    2    2
   20   10    3    1    3
    4   29    4    3    7
   29   11    3    4    8
   28   22    4    2    5
   10   18    2    1    7
   12    2    4    1    7
   24   30    4    2    2
    5    3    2    3    6
    1    6    3    2    6
   17    1    3    1    5
   14   26    1    4    7
    9   10    2    1    6
   29   10    4    1    4
   18    3    2    3    4
    8   16    2    4    5
   23   27    1    2    7
   17   20    1    1    8
   28    9    3    3    2
    1   21    3    4    6
   27   17    2    4    4
   20   29    4    1    3
   12   12    2    3    9
   28   24    3    4    5
   21    6    1    2    8
   19    5    1    2    4
    9   17    3    2    3
    2    9    2    4    8
   14   19    1    4    7
   18    5    2    2    5
    4    9    2    1    6
    6    4    1    2    6
   20   19    1    4    5
   16   11    1    2    4
    4   24    1    1    3
   18   16    4    2    7
    3   26    4    4    6
   28   19    4    1    4
   17   28    2    4    6
   30   10    3    3    4
   30   23    1    4    6
   26   20    1    2    6
    7    3    4    2    6
    3   22    3    2    5
   24   24    3    1    7
   28   27    1    2    8
   21   30    1    4    8
   11   18    3    4    7
    9    8    1    4    4
   17   24    3    4    2
