Rock1Type Rock2Type Rock1Token Rock2Token Rating
   18   20    1    2    2
   24   19    4    3    5
    5   15    4    3    4
   14   14    4    3    6
    3   29    3    4    6
   14   12    4    4    5
   29   20    1    2    2
   12    1    4    4    4
   16    4    1    2    6
    3   27    4    3    1
   18    6    3    1    2
   12   12    2    4    3
    5    2    1    1    5
   29   15    2    1    4
   15   11    4    1    2
   30   15    2    1    3
   24   26    1    4    1
   11   19    2    1    6
   27   14    2    1    2
   17   16    2    2    2
   22   24    4    4    7
   10    2    4    3    6
   14    9    2    1    2
   24   16    3    2    4
   22    1    4    4    3
   19   28    4    2    5
   29   23    4    4    2
   27   24    1    3    1
    7    3    3    3    3
    6    6    3    1    2
   16   18    3    2    1
   25   19    4    3    3
   12    7    4    2    5
   20    8    1    3    2
   19    9    4    2    4
   28   16    1    4    3
   24   24    4    3    2
   25    4    4    2    1
    1   20    2    1    3
   15   19    2    1    3
   26   28    1    2    2
    5   12    1    3    5
    6    8    1    4    6
   11   29    1    4    5
   15   21    1    4    3
    8   24    4    1    2
   17    9    4    1    2
   23   23    2    3    7
    1    5    4    2    8
    4   21    4    2    6
   19    1    3    1    4
   29   27    3    4    4
    4   27    2    4    2
    8   26    4    2    1
   10   14    4    4    2
    8   25    2    2    3
   26   27    1    2    1
   19   26    1    3    3
   30   19    4    2    2
   26   22    3    4    3
   30   30    2    4    7
    5    6    2    4    4
    1   30    3    4    3
   14   21    2    2    3
    4   17    4    4    2
   16   25    2    1    5
    5   16    4    1    4
    2   21    4    3    2
   21   21    2    3    8
   19    6    4    1    6
   16    7    2    1    4
   17    8    1    1    4
   27   21    1    2    4
   11    6    1    1    3
    9   16    1    3    3
   22   21    2    2    3
   12    9    3    4    2
   14   23    3    2    2
   23    1    1    3    1
   29    2    1    2    3
    4   30    2    4    4
   17   18    3    1    4
   14   29    1    4    3
   28    4    1    1    1
   21   17    1    2    2
    8   29    3    4    2
    6    3    2    1    3
   28   27    1    3    4
    5    7    1    3    4
    9   29    3    2    6
   21    3    4    4    4
   28   15    3    2    7
   18   21    2    2    3
   30   16    3    2    4
   17   26    1    1    2
    3   22    3    3    4
   16   26    4    3    4
    6   23    2    1    3
   30   13    2    2    3
   18   23    2    4    3
   10    7    2    4    3
   24    3    1    1    4
    6   29    4    1    3
   15   16    3    3    5
    1   18    2    4    7
   26    1    1    2    3
    4    4    3    4    8
   27   12    3    3    4
    3   15    3    4    7
   16   14    2    3    3
   29    1    3    4    3
   16   22    1    1    5
   28   28    2    1    8
   10    5    2    3    4
    9    4    3    1    3
    3    3    1    4    7
   26   15    2    3    4
   17   24    1    4    3
   14    1    4    4    6
    4   20    2    2    4
   30   22    1    1    3
   18   12    4    4    2
   17   19    2    1    7
   30   23    1    4    4
   18   25    1    1    8
   15   15    1    2    8
   26    3    3    1    7
   19   22    3    3    8
   29    5    3    4    3
    7   18    3    1    3
   22    2    1    4    4
    2   15    3    1    4
    3   14    4    1    6
   27   22    2    2    3
   18    3    3    3    4
   12   10    1    4    4
   28   18    4    4    4
    4    7    4    2    8
   11   11    3    4    5
   15    6    4    4    4
   10   20    2    1    4
   27   19    4    1    3
   12   19    3    4    8
    4   14    2    2    4
   21   24    4    2    2
    2    6    3    2    5
   11   16    4    3    4
   18    8    3    4    5
   30   21    3    2    5
   14   17    2    2    4
    2   13    1    2    4
    5   13    2    1    4
   25    1    3    4    3
   12   25    4    3    3
    7    6    1    2    3
    1    9    4    2    3
    8   13    3    4    3
    9    9    3    2    7
   19    2    3    4    7
   10    1    1    3    7
   29   16    1    1    6
    8   14    3    1    4
    3   20    2    4    4
   23   16    1    2    3
    2    2    3    2    7
   12   21    2    1    8
   20    2    4    1    4
   25   20    1    4    4
    9    6    4    4    4
    3   16    3    1    4
    6   30    2    1    4
   22   25    4    3    4
   25   30    2    4    7
   29   30    3    1    7
    2   17    3    4    4
   24    7    3    3    4
   24    6    2    2    4
   20   17    1    4    4
   20   12    3    3    7
    5   22    4    1    7
   14   13    1    2    4
    2   28    3    4    5
   13   16    2    4    4
   21   19    1    4    8
   18   10    3    3    4
   15   18    3    2    4
   11    7    1    2    4
    6   26    1    2    4
    1   11    4    4    5
   16    8    4    2    4
    4   24    1    1    4
   25   28    4    3    4
   24   11    1    4    4
    8   27    3    2    6
   15   24    3    4    4
    4   23    4    3    4
   21   26    1    3    4
   16   27    1    4    4
   20   20    4    2    7
    6   28    4    1    4
   17   15    2    1    4
   23   17    1    1    4
   28   21    1    2    4
   21   11    1    2    4
    1   24    1    4    4
    5    4    1    3    5
   25   14    1    3    6
   26   18    3    1    6
    4   15    4    2    6
   14   28    1    1    4
   14    7    2    4    4
   27    5    2    3    4
   16   12    3    4    6
   19   18    4    4    5
   12    6    1    1    8
   26   12    3    2    4
   21    7    2    2    7
   15   12    1    3    4
   23   26    3    3    4
   23    2    4    3    4
   15   10    3    3    4
   17   28    2    1    3
    4   22    4    1    4
   13   29    3    1    7
    6   17    1    4    4
    3    9    2    2    4
   27   20    1    1    5
   15    9    2    1    4
   23   19    2    4    6
    7   29    3    4    4
    1    3    4    4    6
    5   14    4    3    4
    8   11    2    1    4
   12   11    4    4    4
    9   18    4    2    4
    8    3    4    1    7
   14    6    1    2    7
   10   22    1    4    4
   18   18    1    4    8
   14    2    4    2    4
   13    1    4    1    4
   11   22    1    4    4
   22   28    3    3    6
   21    6    3    4    7
   23   20    3    3    4
   16    6    3    3    4
   25   24    3    3    3
    7   26    1    4    4
    9   10    1    3    5
   30   11    1    2    4
   12   13    1    3    4
   22   20    3    4    4
   20    9    2    4    4
   21   23    1    3    6
   25    6    2    1    4
   14   15    2    2    6
   30   26    3    1    5
    6   13    3    2    3
   29   28    3    4    4
   24    9    3    3    4
   20   13    3    3    6
    2    8    2    1    4
   19   19    4    1    6
   22   22    1    4    7
    1   21    3    2    5
   10   10    2    1    7
   16   19    2    1    6
   19    4    2    3    3
   13   24    3    3    3
   27   10    1    2    3
   14   19    3    3    4
    9   22    1    1    3
   28   12    3    3    3
    5   23    1    4    3
    9   30    1    3    3
   13   28    1    2    4
    4   26    2    4    5
    4   29    1    2    4
   25   29    2    1    5
   25    3    4    3    4
   27   15    4    1    5
    9   21    4    4    4
    2   26    3    1    4
    2   30    4    3    5
   24   30    1    3    4
   17   12    3    1    4
   28    9    4    4    4
    9    2    1    3    4
    4   10    2    1    4
   17   13    2    3    6
   13   23    1    1    4
   12    8    3    3    4
   20   16    4    4    4
   18   30    2    2    4
   22    8    2    3    4
   25   13    1    4    4
   18   11    4    2    5
   27   18    4    1    4
    7   20    1    3    3
   24    5    3    4    3
   27   17    3    2    4
   26   14    2    4    4
   26   10    4    1    4
   26   11    4    2    3
   26    5    3    3    4
   13    4    2    4    4
   25   26    4    2    4
   20    5    4    3    5
   25    2    2    1    4
   30   14    4    1    4
   23   27    2    2    4
   20   11    2    4    4
   21   13    3    4    4
   20   30    1    4    7
   24   20    3    4    4
   10   24    1    2    6
    6   22    3    4    6
    5   28    3    3    6
    8   23    4    1    4
   20   28    2    1    4
    9   23    3    4    5
   13   27    1    3    3
   28    1    2    3    4
    6   20    2    2    4
   28   24    3    1    4
   29   29    4    2    7
   19    8    3    4    7
   10   25    4    2    6
    9    7    4    1    4
    3   23    2    2    4
   28   11    4    4    5
   13   26    2    2    6
    3    2    3    3    4
   18    2    4    4    5
    3   11    4    2    7
   13   18    3    2    4
   22   13    2    3    8
    9   25    1    1    4
   17   10    4    1    4
   11   25    1    4    5
   27    9    4    3    3
   13   13    2    1    4
   23   15    2    2    4
   14   18    1    4    4
    5    3    1    1    5
   13    7    4    3    5
   11   23    4    3    5
   12   29    2    4    3
    8   28    4    4    4
    1   27    4    4    4
   13    9    4    1    4
   15   20    1    3    4
    3   17    2    3    5
    8   30    1    2    4
   17   22    2    3    5
    9   11    1    2    4
   26   26    1    3    6
   17   25    4    1    5
    4    1    2    4    5
   25   25    4    3    7
   13   11    3    2    4
   15    1    3    4    4
    5   25    4    3    4
   17   17    4    3    6
   27   27    3    4    8
    8    8    4    1    8
   10    6    2    2    6
    1    2    3    2    4
    2   11    3    2    6
   14   11    2    4    4
   27   11    4    4    4
   30   28    2    1    4
   15   13    1    3    4
   23   22    2    4    6
   10   29    3    3    5
   10   11    1    3    5
   29   24    1    2    5
    7   25    4    3    5
    3   28    1    4    5
   15    7    1    4    7
   11    4    2    2    7
   12   30    2    3    6
   18    4    2    2    5
   25   15    1    2    4
   10   13    1    3    6
   29   26    4    1    4
    8    5    4    4    6
   21   25    2    1    4
    5   19    1    3    4
    5   30    3    1    4
   17    5    3    4    5
    8    7    1    1    4
   21   29    1    4    4
    7   27    3    3    3
    1    6    3    2    4
   23   10    1    4    4
   20   26    3    1    7
   13   19    4    4    6
   23   28    2    4    6
   21   20    3    2    6
   23   12    4    1    7
   24    2    4    1    4
   24   18    4    3    4
   27   25    2    3    4
    8    9    3    1    4
   27   30    2    3    4
   20   14    2    1    7
    3   30    1    4    4
    1   16    2    4    4
   17    1    4    4    7
   29   18    3    4    6
   22   15    4    2    3
   17   11    1    1    4
    5    9    4    4    4
   19    7    3    4    3
   24   14    2    2    3
    5    5    2    3    8
   21   10    4    3    4
   19   20    3    2    4
   30   17    3    3    8
   28   10    1    1    4
   21   16    2    2    3
    3   13    1    2    4
   17   29    3    1    4
   14   22    2    4    4
    7    2    3    4    4
    7   30    1    4    5
   25   23    1    2    4
    5   18    2    4    7
   19   29    3    1    7
   22    7    1    4    7
    3   19    2    3    4
   21    8    3    2    5
    1    8    4    4    5
   22   18    1    1    4
    8   10    3    3    4
   16   16    2    3    4
    7    7    4    3    4
   10   30    1    1    5
   10   16    4    3    5
    7    1    4    4    5
   22   12    3    4    4
   12   24    3    3    5
    2    4    4    2    6
    5   21    3    2    4
   16    2    2    3    5
    2   12    1    1    6
   24   23    2    1    6
    4    3    3    2    5
    6   27    3    3    4
   29   22    2    3    5
    9   26    3    4    4
    3   10    4    1    5
    7   28    2    2    6
   27    2    4    2    4
    4    6    3    3    4
   17    7    2    3    4
    8    4    2    4    4
   19   10    4    2    4
    8   15    1    1    4
   12    3    1    1    4
    4   12    4    4    4
    1    1    2    3    5
    7   23    4    4    4
    5   11    3    2    6
