Rock1Type Rock2Type Rock1Token Rock2Token Rating
   15   28    3    1    5
   18   24    2    4    2
   21   21    1    3    8
   13   22    1    2    7
   30   30    2    4    4
   18   10    1    2    8
    8   27    3    2    1
   11    3    1    3    5
    3   22    1    1    1
   11   18    2    3    3
    5    3    4    1    2
    7    7    2    1    6
   21    1    1    4    1
    6   29    1    3    1
   10   11    2    3    2
   27   19    1    2    1
    4    6    2    1    4
   25   20    2    2    1
   18    2    3    2    1
   12    3    4    2    1
    9   19    3    2    1
    1   25    4    4    1
    5    9    1    4    3
   28   24    2    2    6
   30    3    2    1    1
    1   16    1    2    1
   16   22    3    3    1
   21   24    2    1    1
   19   19    2    3    6
   26   19    2    4    5
   24   10    1    3    7
   24   23    3    2    1
   27    7    3    2    2
   10    3    2    4    1
    7   10    3    4    1
   19   23    1    1    4
   28   11    2    1    1
   13    1    1    2    2
   23   12    1    1    2
   24   14    1    3    1
   25   16    2    3    1
   29   11    2    1    3
    1   29    3    1    1
    2    6    2    1    6
    7   15    3    4    4
   24    1    4    4    1
    9   26    1    2    5
   29   10    2    2    5
    9   24    2    3    3
    8    4    1    3    2
   28    2    2    2    3
    8   14    1    2    3
    3   17    1    4    1
   25   19    3    4    1
   28    6    3    1    1
    7   19    4    3    1
    2   29    1    4    1
   28   10    3    2    6
    6   22    4    2    7
   30   20    4    3    9
   12    6    4    4    8
   19   30    3    1    7
    2   14    3    4    3
   18   19    2    3    2
   16   16    4    2    7
   14   13    4    2    3
    4   12    4    1    1
    6   17    2    2    8
    7    8    2    1    2
   20    4    4    4    1
    4   11    1    4    9
   16    2    2    4    1
   28    8    2    3    6
   22   21    3    1    1
    8   15    1    4    5
   24   13    4    4    6
   24   11    3    4    5
   23    2    2    3    1
    5    4    3    4    1
   26   27    2    3    1
   10    1    3    1    5
   13   10    3    2    1
    9   28    3    4    2
   12   15    3    2    1
   24   15    1    4    2
   11   26    4    4    1
   14   20    2    1    8
   11   27    3    1    2
   30   26    3    4    9
    5    7    4    1    1
    5   16    2    3    7
   11   30    1    1    6
   10   14    4    3    6
    1   19    4    2    8
   27   13    1    4    2
    1   11    2    4    5
   21    5    3    2    1
   25   13    2    4    6
   30   10    4    4    6
    8   26    1    3    2
   26   17    2    1    6
   23    1    1    4    1
    3    9    4    2    2
   15   18    1    1    8
   26   10    4    1    8
   27   18    4    1    8
    4   27    2    2    1
   20   19    2    1    1
   12   12    3    1    9
    8   16    1    2    2
   20   29    1    4    1
   28   30    3    3    5
    5   20    1    2    1
   25   10    1    4    9
    1    9    2    1    2
    2   25    2    4    1
   30    9    2    2    1
   10    9    1    2    5
   28   22    3    1    4
   11   21    1    3    7
   17   10    2    2    3
    3    2    1    1    1
    4   10    3    4    2
   30    6    1    1    1
    5   18    3    1    2
    1   26    1    3    1
   30   12    3    2    5
   26   21    4    2    6
    6   26    2    1    7
   13   13    2    1    8
   17    2    2    2    9
   25   27    1    4    1
   25   25    2    4    9
    4   18    3    2    1
   24   25    1    4    1
   10   10    2    4    8
    4    1    4    2    2
   13   19    2    4    4
   19    2    3    3    8
   15   26    4    3    8
   30   18    3    3    7
    6   11    1    3    9
   11   14    1    4    9
   21   27    3    4    1
   24   26    4    1    3
   18    6    2    4    2
    9   17    2    3    1
    9   22    2    3    3
   16   15    2    3    7
   23   26    2    2    6
    3    1    2    1    2
   26   18    4    2    7
    8    1    4    2    1
   29    7    3    4    1
   16   26    1    1    1
   13    6    3    4    2
   15   13    3    3    1
   26    7    4    1    1
   28   20    1    4    3
    3   20    2    1    1
   20    1    2    1    2
    7   18    1    4    6
    8   25    4    4    1
    2   21    4    2    2
    6   15    4    3    1
    3    4    1    3    7
   26    5    1    4    2
    6    6    3    2    9
   16   18    2    3    6
   16    7    4    3    3
    9   13    4    1    3
   22   17    1    1    1
   29    4    4    1    7
   28   25    1    4    1
   12   14    1    3    1
   30   16    1    1    1
   12   28    1    3    1
    6   27    4    3    1
   27   27    3    1    9
   27   15    2    2    9
   22   22    4    2    7
   12   25    1    1    1
    7    9    2    2    2
   16   12    3    4    9
   15   23    2    2    6
   27    2    4    1    5
   20    9    1    4    1
    7    1    2    2    3
   21    3    2    3    5
   14    3    4    3    2
    9   16    1    1    1
   14    9    1    1    1
   17    5    1    1    3
   16   13    2    2    7
   19    8    1    4    8
   23    6    4    2    9
   14    1    2    4    7
   17    1    1    4    7
    6   21    4    2    9
   28   21    4    1    7
   18   12    2    2    2
    9   11    4    3    1
   20   16    2    3    8
   25    4    4    3    2
   17   25    4    3    9
   13    7    3    2    2
   18    8    3    1    5
   28   14    1    4    1
    3   24    1    4    8
    4    4    1    2    9
    3   18    4    2    1
   20   20    3    2    9
   30    4    3    1    2
   15   29    1    3    6
   24   30    2    1    1
   19   10    2    3    1
   11   25    4    1    8
   19    4    3    2    1
   30   14    3    1    9
   30   25    3    1    8
   20   10    4    2    5
    2    8    1    2    2
    1    1    4    3    9
   18   14    3    3    2
   22   12    2    2    1
   23   30    4    3    1
   19   16    4    4    5
   16    3    3    4    6
   17   11    1    1    2
   20   27    4    3    1
    2   10    4    1    1
   27   28    2    4    9
   13    4    1    4    1
   17   13    2    1    1
   19    5    1    2    6
   15   11    3    4    1
    2   24    3    1    1
    5    1    3    1    1
    4   28    3    4    3
    3   29    2    3    1
   18   28    1    4    3
   25    6    4    4    1
    7   22    2    4    5
   11    8    4    1    1
   24    8    3    4    1
    9   21    2    3    1
    8   12    2    2    1
   21   19    3    4    1
   22    4    4    1    3
   17   14    4    4    3
   17   23    3    4    1
    7    2    3    4    1
   26   25    4    1    8
   19   14    2    3    9
   30   22    4    3    2
   30   27    1    4    1
   22   20    2    2    1
   21   20    3    2    3
   23    3    4    1    3
   27   22    4    1    5
   27    3    3    1    1
   22   24    1    1    8
   21   16    1    3    2
   27   12    1    1    2
    9    8    1    1    4
   17   17    1    3    8
    7   11    3    4    1
   22   11    2    3    7
   19   22    3    3    3
   19   11    3    2    5
    8   20    2    1    1
    3    3    3    4    3
   22    5    2    1    6
   13   26    4    2    5
   13   21    4    3    1
   29   13    2    1    7
    9   15    4    3    1
   17   30    1    4    1
    1   12    4    2    1
    8   30    4    1    1
    7    6    1    4    1
    1   18    1    2    1
    6   16    3    2    1
   24    4    3    2    3
   14   26    4    3    1
   20   17    2    4    9
    6   20    4    2    1
   25   21    3    4    1
    8   22    2    3    3
   18   20    1    4    8
   29   24    1    3    1
   29   22    3    3    3
    8   23    3    1    1
   28    5    3    4    6
   28   26    2    1    3
    4   14    4    2    2
    2   13    3    3    6
   30    2    3    2    2
   29   17    2    1    2
    3   19    3    1    5
   12   26    4    1    1
   20   12    2    4    1
    4   16    1    4    6
    7   24    2    4    2
    9    4    2    1    5
   18   23    3    3    6
   11   11    4    1    9
   22   15    1    3    2
   15   17    2    4    6
   17   18    2    2    1
   29   12    2    3    1
    1    6    2    1    1
    7   21    3    4    1
   22    2    3    2    2
   21    8    1    4    6
    6   14    4    4    2
   20   26    1    2    7
   26    3    4    4    6
   13    8    4    1    2
   12    7    3    4    2
    7   17    3    4    1
    3    8    2    1    1
   28   16    3    4    3
   19   24    1    3    5
    2   12    1    3    9
   23   28    1    1    1
   18   13    2    1    1
    7   20    2    4    1
   19    6    2    4    9
   29   21    4    2    2
   17   19    4    1    6
   26   26    2    1    9
   22   10    1    3    2
   22   26    3    3    7
    9   18    2    4    5
   21   30    1    3    5
    5   10    1    4    7
    2    2    1    4    7
    5   29    2    1    1
   27    5    2    1    1
   28   29    1    1    1
   12   10    4    1    2
    2   26    3    2    7
   24    6    1    1    1
    2    1    3    1    5
   22   25    4    1    1
    5    5    2    1    8
   16   14    1    3    1
   14   22    1    1    5
    4    2    2    1    8
   14   29    2    1    2
   19   15    4    1    2
   19   28    4    3    4
   25    3    1    1    1
   25   23    1    3    2
   20   24    3    1    1
    9    2    2    4    5
   15    1    2    3    6
   14    7    4    2    1
   17   27    4    3    1
   13    5    2    2    8
   14   14    3    2    9
   24   12    2    1    1
   12    5    1    4    2
    2   11    2    2    6
   13   30    3    2    2
   13   11    2    3    2
   28   28    3    1    9
   13    3    3    3    6
    5   24    1    2    5
   28    7    1    3    1
    5   15    2    4    2
   14   15    2    3    2
   15   25    4    1    6
   11   23    2    3    1
   21   18    3    3    1
    4   26    1    1    2
    5   23    4    4    3
    5   11    4    1    6
   23   10    4    4    1
   28    3    4    1    1
   27    1    3    1    1
    8    5    3    3    6
   23    7    3    1    2
   27   23    1    2    8
   29   25    3    4    8
   28   17    3    1    6
   21   12    4    3    9
    4    7    3    2    2
    9    9    4    2    9
   23    4    3    3    6
   17   12    4    1    5
   25   14    3    2    6
    1   30    4    4    3
   11   20    2    2    1
    6    3    3    3    1
    4   21    4    1    7
   23   23    2    3    7
   24   17    2    2    1
   21   14    1    3    2
   20   23    1    3    1
    9    6    4    3    1
    5   30    3    2    1
    1   28    3    1    1
    9   12    2    2    1
    2   15    3    3    6
   17    4    1    3    5
   29   27    1    1    1
   10   21    1    1    1
   17   16    4    1    7
   17    8    4    4    6
   15   21    1    1    1
   20   15    3    2    2
    5   14    2    1    1
   10   16    4    2    1
   18   29    3    2    1
   27   14    3    2    2
   26   29    3    3    6
   28   13    2    1    6
   18   22    2    4    2
    1   22    2    1    1
   21   17    1    3    9
   27   10    3    3    1
   30   15    2    4    2
   25    9    2    1    3
   18   25    3    4    6
   11   16    1    2    1
   29   19    2    4    1
   14   23    4    2    1
    5   25    4    2    6
    7   30    3    4    1
   27    9    4    4    1
   21   23    2    4    9
    6    8    3    1    1
   23    9    2    4    1
    5    2    3    1    2
    8    8    4    2    2
   20   13    4    4    1
   18   18    2    1    6
   24   27    4    1    1
   25    7    2    3    2
    5    6    3    2    2
    7    3    2    2    1
   16   27    3    4    7
   15    4    2    1    1
   11   12    3    4    1
   29   29    4    2    7
   29   30    3    3    2
   16   24    4    3    2
    9   29    1    3    7
   23   29    2    2    2
   29    8    4    4    1
   23   16    1    3    1
   10   15    4    4    8
   15   15    4    2    8
   20    2    1    1    1
   12   13    4    4    1
    3   15    4    1    6
   10    6    1    4    1
   13   23    1    2    1
   22   23    3    2    2
   12   19    1    4    9
   29   16    2    2    1
   24   24    3    4    4
    8   10    4    3    1
