Rock1Type Rock2Type Rock1Token Rock2Token Rating
    3    9    4    4    2
   29   21    1    3    2
   27    2    3    4    2
   23   10    4    1    7
    5   29    4    3    4
    1    9    1    1    2
   12   10    4    4    5
   15   29    3    1    2
   29   17    3    3    2
   29   25    2    3    6
   19    9    4    3    5
   12   26    2    2    5
   13   15    3    1    2
   15   30    2    3    9
   15   20    1    3    7
   13    5    1    4    5
    5    8    2    2    8
   29   28    1    4    5
   13    4    3    1    8
   26    5    4    2    3
   30   25    1    1    7
   14   14    3    1    8
   22   15    2    2    5
    1   13    4    4    7
   16    9    2    4    4
    5   17    4    1    9
   19   19    3    2    7
   17   13    3    3    4
    7   15    1    3    2
    7   12    3    1    8
   11   27    1    4    2
   16   19    1    3    2
   28   16    1    4    4
    2    2    4    2    8
   26   25    4    4    6
   17    6    4    3    2
   21    8    4    4    7
    2   16    4    4    4
    1    1    2    1    7
    4    4    3    4    8
   23   13    1    2    6
    5    2    4    2    2
   21    5    3    4    7
   10   11    2    1    4
   28    6    4    2    4
   20    3    4    1    4
    9   21    3    3    3
    2   19    1    2    6
   11   17    4    2    1
   12   17    4    3    7
   28   20    4    4    5
    6   14    3    2    2
   29   10    4    1    2
   24   26    1    4    2
   16   30    3    3    8
    8   17    1    4    8
   23   17    1    1    3
   10    9    3    1    6
   14   19    4    4    7
    2   15    3    4    4
   20   13    3    1    2
   12    9    1    2    2
    1   11    2    2    2
    8    2    4    1    2
    8   18    1    1    2
    7    7    4    3    4
    5   23    2    1    2
   23   25    2    4    8
   27   26    3    2    2
    1    6    2    3    2
   22    1    3    4    6
    9   20    1    4    2
   15    8    2    3    7
   14   27    2    2    3
    6   11    1    4    6
   21    1    4    3    2
   12    5    2    1    6
   19    5    4    4    5
   10    3    4    2    2
   23    9    2    2    8
   23    2    1    4    2
    4   27    1    4    2
   21   10    1    2    2
   15   25    4    3    9
    2   24    3    1    2
   13   29    2    4    2
   24   21    4    2    2
    7    8    1    3    8
   12   23    3    1    7
   11    5    1    1    7
   22   26    2    1    5
   15   10    1    2    8
   24    9    2    3    8
   13    7    3    1    8
   12   18    2    4    8
   21   14    3    4    7
    6   26    4    4    5
   26   23    4    2    5
    2   26    3    3    5
   26   15    2    1    7
   12    8    3    1    6
   28   28    3    4    8
    8    1    3    2    7
   15   19    1    1    3
    5    7    3    2    3
   21   21    2    4    7
    6   24    4    1    2
    4    1    1    2    9
    1   14    2    2    7
   29   12    3    1    2
    3   12    3    4    1
   29   23    3    3    1
   30   14    1    4    5
    3    2    4    1    5
    7    3    3    3    5
   18   18    2    3    8
   12    4    1    2    3
    5   25    1    3    3
   21   30    3    3    3
   19   28    2    1    9
   20    7    4    2    8
   27   27    3    1    9
   15   21    1    3    7
    9   18    4    1    1
   17    9    3    3    1
   22   13    4    4    1
   13   25    1    2    1
   21   16    3    2    1
   15   14    4    1    8
   28   23    1    3    8
   18   30    2    2    5
   23   24    2    4    3
   18   22    4    4    3
   29   16    2    4    2
   15    4    2    3    2
   13   16    4    2    8
    4   29    2    1    5
    1   16    3    3    5
   27    6    3    1    1
   27   13    3    1    1
   24   27    4    4    1
   28   12    3    4    9
   28   15    1    4    5
   10   14    2    1    3
   14   12    3    1    1
    3   30    4    1    5
   19   23    3    2    1
    9    8    4    2    1
   17    2    3    3    1
   10    4    2    4    7
   14   29    4    2    1
    2   30    2    2    6
   19   11    3    4    8
   21    6    4    2    7
    3   25    3    3    6
   14   18    1    4    6
   18   17    3    4    6
    7   27    3    4    6
    8   26    4    3    1
   14   17    1    4    8
    8   14    4    2    2
   20    2    4    1    8
   18   13    1    2    8
    6   29    4    1    4
    9    5    4    2    2
   25    7    2    2    1
   16   12    4    4    1
   15   16    1    1    6
   26    3    1    3    1
   20   16    1    1    4
   27   30    3    4    1
   16   16    3    4    9
   14   20    2    2    9
   22   11    1    2    3
    6   13    2    1    3
   28    9    2    2    1
   13   26    1    1    1
   25    8    3    1    1
   21   13    3    1    1
   13    8    4    3    1
   20    6    3    3    1
    4    6    3    2    1
   11    8    4    2    1
    5   30    3    3    8
   28    4    2    2    1
   20   12    3    2    1
    3    3    4    2    9
    4    7    2    2    7
   19    3    1    1    6
    3   18    1    1    7
   24   24    2    4    9
    9   14    3    2    4
    2   21    2    1    3
   28   25    2    2    1
    5    1    2    4    9
   14    5    3    3    5
   24    5    1    4    9
   22   19    2    1    9
   29   26    3    2    7
   23   21    3    2    9
   30   10    3    3    1
   19   20    2    3    3
   11    7    1    4    1
   22   17    1    2    6
    5    5    3    4    9
   30   23    1    4    1
    5   16    4    1    7
   10   13    3    2    5
   16   18    3    4    4
    7   23    2    2    8
   29   11    2    4    1
   21    3    4    2    7
    3    5    3    4    5
   22    6    4    2    3
    1   15    4    3    8
    7   14    4    2    5
    8    8    3    4    6
    9   25    4    4    1
    2   22    1    1    1
   13   14    2    1    7
    4   22    1    2    7
    4   17    4    4    1
   11   12    1    3    1
   11    2    4    1    8
    1   10    3    3    8
   16   23    1    2    1
   16    4    3    3    6
   13   11    2    3    3
    6    3    4    4    2
   18    4    2    1    1
    7   22    2    1    9
   14   16    4    4    2
   19   24    3    1    2
   25    2    4    3    7
   23   23    2    4    9
   11   24    4    1    2
    8   30    2    3    2
   30   30    3    1    9
    9    6    2    2    1
   16    6    2    4    1
   20   20    2    4    9
   30    7    2    3    1
   28   11    1    1    1
   22    3    4    1    7
   24    1    1    3    7
    2   18    2    1    6
   21   26    2    4    1
   19   18    2    1    1
   24   12    4    2    7
   19   21    4    4    8
    2    1    1    1    3
   22   30    1    2    1
   17   24    3    3    1
   28   18    2    2    1
   10   18    4    4    5
    4    5    3    4    6
   21    7    4    3    6
   10   20    3    2    1
    6   10    3    1    1
   25   20    3    3    8
   19   13    4    2    1
   20   23    1    2    1
   21   22    2    4    6
   29   24    4    2    1
   12   27    3    4    9
   18   15    2    4    8
    8   29    3    1    1
   17   10    4    4    5
    8   16    3    4    1
   19   12    1    2    9
   28   21    1    2    9
    6   25    2    3    6
   20   22    1    3    1
   20    4    1    1    1
   24   16    4    1    1
   29    7    1    3    5
   14   11    1    4    3
   14   23    2    1    1
    6   18    3    4    1
    3   11    4    4    1
   28   22    1    4    1
   11   11    3    1    8
    5   10    3    3    1
   21   27    2    3    9
    6   19    3    1    3
   26   26    4    1    9
   20   18    4    1    7
    3   16    3    3    1
   26   18    3    2    1
    6    8    2    3    8
   14   24    3    2    1
   20   11    2    4    1
    3    8    3    2    7
   27   16    3    4    1
   17   20    2    1    8
    9    4    3    2    1
    8   19    1    2    1
   11   25    1    1    1
   12   25    4    3    1
   29   20    1    4    1
   11   16    4    4    1
   22   14    4    4    1
   23    3    1    1    1
   21    4    4    1    1
   19   30    2    2    6
   28   13    2    2    1
   26   11    3    2    1
   24   13    4    3    1
    6    6    1    2    9
    7   24    4    2    9
   13   13    4    1    9
   14   25    3    3    8
    2   29    1    3    8
   29   18    1    4    1
    3   15    2    4    6
   22   24    3    1    1
   20   27    4    1    6
   10   25    4    3    8
    7   26    1    3    1
   24   28    2    3    9
   28   30    1    2    1
    3   24    3    4    1
    9   22    1    4    6
   11   23    2    1    1
   26    1    1    3    1
   27    5    3    3    1
   29   27    4    4    1
   22    5    4    3    7
   20    1    2    3    7
   27   28    4    4    9
    9   27    2    4    1
    6    5    4    2    1
   28    2    2    3    1
    4   23    1    4    8
   24   25    1    4    1
   28    1    2    4    1
    9   30    3    4    5
    1   17    4    1    5
   19   29    2    2    1
   27   19    4    3    1
   18   24    3    2    1
   27   17    3    2    1
   22   22    4    3    9
   24    4    4    3    7
   22   25    1    4    1
   20   30    1    3    8
   29   22    3    4    1
   12    1    4    4    8
   13    9    1    2    6
    1   25    3    3    1
   30   11    3    2    6
   20    5    4    1    1
    2   12    4    1    1
   30   17    2    4    1
   10    2    2    1    7
   12   15    4    1    1
   23   15    1    1    1
   26   14    2    4    5
   16   17    4    4    5
   10    8    4    2    1
   10   10    3    4    1
   28   14    3    1    1
   26    4    2    4    3
   30    4    2    4    3
    4   19    3    4    3
   30   12    1    4    1
    3   28    2    3    7
    9    2    3    3    9
    5   28    1    4    7
    2   13    3    2    1
    3   29    1    2    1
   26   10    2    4    1
   24   20    4    1    3
   10   19    3    3    6
   19   25    4    1    3
   15   24    4    1    2
   14    2    1    1    7
   27   15    3    3    7
   25   27    4    4    3
   11   18    2    1    8
   27   18    2    1    1
   18    1    3    3    1
    6   15    2    4    1
    9   26    2    2    1
   18    7    4    3    1
    1   19    1    2    1
   12   22    1    1    7
    3   13    2    1    1
    1    7    2    4    8
   16    7    4    2    1
    8   20    3    1    1
   15   15    3    1    9
   14    4    1    4    9
   10   27    4    4    1
   23   27    2    1    9
    9   29    2    1    8
   10   16    1    2    8
   17    3    1    3    1
    6   23    3    1    1
   26   28    4    3    9
    3   14    1    4    1
    8   23    2    2    7
   13   30    3    3    1
   28   17    3    1    5
    3    4    3    4    1
    9    9    3    2    9
    4   25    3    3    1
   28    7    2    3    8
    3   27    2    1    7
   17   17    3    1    9
   18    5    3    1    5
   12   12    2    1    9
   29   29    3    2    8
   27    1    3    4    1
   26   16    1    3    1
   15    9    3    2    1
   26   19    2    3    7
   26   30    4    4    7
   11    9    3    1    1
   12   13    1    3    1
   22   27    4    1    1
   25   25    1    2    8
   21   11    2    2    1
    2    6    4    4    1
    3    1    2    2    6
   22   16    2    3    1
   17   26    1    1    1
    8   28    2    2    7
    7   17    3    4    1
   29    1    3    2    5
   23   22    3    1    8
    5   15    2    3    7
   21   17    3    2    8
    8   22    4    2    1
   30   24    1    4    1
   25   21    2    2    6
   20   21    1    4    1
    6   12    1    3    9
   21   12    1    2    9
   25   17    2    1    7
   22   10    2    1    1
    7    2    4    1    1
   17   15    1    3    1
    8    4    4    1    6
    7    9    4    4    1
   16   25    4    2    1
   23    1    2    4    1
   19   17    2    2    9
   28   10    4    3    9
   23   18    3    4    9
   10    7    3    3    7
   18   25    3    1    8
   29   30    4    4    1
   26   20    3    2    1
   24    8    1    3    1
   11    4    3    4    7
    6    7    3    2    8
   10   24    2    4    1
   30    1    1    1    1
    4    2    2    1    7
   18   21    1    3    1
    8   27    3    3    1
   30    6    1    3    1
   15   11    2    2    1
   19    7    4    2    9
