Rock1Type Rock2Type Rock1Token Rock2Token Rating
   23   15    4    4    1
    2   30    1    3    7
   14   16    4    3    5
    1   11    1    4    2
    4   25    1    1    2
   11    9    2    3    1
   29   14    4    4    1
   25   17    3    2    4
   25   22    3    4    5
   23   12    3    2    5
   25   21    4    3    1
   17   13    4    3    2
   14   11    4    1    5
   15   28    3    1    1
   15   14    3    2    1
   16    8    2    1    1
   23   30    3    2    1
   22   12    1    2    1
   28   30    1    2    1
    5   15    1    3    1
   23   29    1    2    5
   20    1    4    1    6
    7   26    2    3    1
   12   10    4    2    1
    7   23    1    4    4
   14   10    3    2    4
    3   15    4    4    3
   17    7    2    3    5
   30    1    1    3    1
   11   24    2    2    1
    9    3    2    1    5
    6   10    4    4    1
   10   30    2    1    4
   26   12    1    1    1
    6   17    4    1    1
   19   16    2    3    5
    3   22    4    4    1
   19    7    3    4    1
   27   13    2    4    1
   20   29    2    4    4
   11   10    3    3    4
   10   27    2    4    1
   16    6    1    1    4
    7   29    2    2    1
   27   30    3    4    1
   11    4    1    2    9
   26   27    1    3    3
   13   26    3    3    4
   14    5    3    3    2
    7    7    3    1    3
   16   13    2    4    4
   12    8    1    2    1
    2   12    3    1    2
   16   10    1    1    3
   20   22    1    2    1
   22    8    4    2    4
   18   12    2    4    1
    8    4    2    4    2
    6   21    1    1    3
    5    3    2    3    3
   12   12    2    1    9
    6   28    2    4    4
   28   28    1    3    9
    5   26    1    1    1
   12   21    2    3    9
   24   14    3    4    4
   23   28    2    3    2
   16    1    1    3    4
    9   28    3    2    1
   25   25    2    3    9
   17   28    4    2    1
    2   27    4    3    8
    6    7    4    2    4
   18   28    4    3    1
    9   15    3    3    1
    2    2    3    1    9
   25   14    2    1    7
    1    7    1    1    3
   10   29    2    4    4
   11   27    4    2    1
    6   20    3    3    1
    4   16    4    1    3
    7   15    4    4    1
   18   26    1    2    1
   23    3    4    1    7
   12    1    4    4    3
    8   24    1    1    1
    5    5    1    4    9
   30   21    4    3    9
   20    3    3    2    2
   27   18    2    2    2
   18   17    2    3    3
   10   23    1    1    4
    2   11    4    2    2
   18   18    1    2    1
   26   20    3    4    3
    6   29    1    2    1
    2   10    3    3    1
   10   25    1    4    1
   13    3    3    2    1
   27    8    2    2    1
   27    1    2    2    1
    1    2    3    4    1
   17   27    2    1    2
   30   24    2    2    1
   19   10    4    1    4
   24    6    3    1    1
    2   29    1    2    1
   17   29    2    2    1
   30    7    1    2    4
   13   28    4    3    1
   26    8    2    4    7
   15    1    4    4    7
   21   22    3    2    1
   11   25    3    3    2
    1    5    4    4    9
   10    8    2    1    1
   12    9    3    3    1
   21    9    1    4    1
   17    3    1    1    1
   29   11    3    4    1
    6    9    4    2    1
    4   17    2    3    2
   21   21    4    3    4
   10    1    4    4    2
   16   22    4    2    3
   29   18    2    2    2
   22   18    3    1    3
    3   30    2    3    3
   15    2    4    1    1
    5   16    4    1    9
   20   19    2    4    2
    2    7    4    3    1
   30   19    3    3    5
   19    2    2    3    4
   26    6    4    1    1
   18   10    1    3    5
   14    3    2    4    1
   22   19    2    2    1
    4   15    3    3    1
   13   12    2    4    1
   21   29    4    1    1
   20   18    1    1    5
   28   26    3    4    5
    4   20    4    1    1
    3    8    2    3    1
    3    1    2    1    1
    8   18    2    2    3
   25   15    2    4    8
   24    2    2    3    1
    3   25    1    4    3
    5   24    3    1    7
   13    9    3    1    1
   30   30    2    1    9
   13   10    2    2    9
   19   21    3    4    2
   19   29    2    3    2
   29   12    4    2    3
   15   13    1    3    1
    3    3    4    1    7
   15   17    1    4    1
   15   21    4    2    3
   15   27    3    3    2
   17    1    4    3    4
    6   12    1    1    9
   11   21    3    2    7
    8   25    2    1    5
    1   18    4    4    3
   22   27    2    1    1
   14   19    4    2    9
   28   27    2    1    1
    8    1    1    2    7
   26   24    4    4    1
   14    7    2    1    7
    7    8    3    3    1
   14    1    2    4    5
   28   16    4    3    7
   29   22    3    1    1
   21    1    4    1    5
   29   30    4    2    3
   30   12    1    2    1
   24   21    1    2    1
    7   22    1    2    8
   21    5    2    4    3
   11   16    3    1    5
   12   28    4    3    1
   16   27    3    3    1
   25   30    1    2    2
   19    5    3    1    1
   13    6    2    1    1
    9    4    3    2    1
   10   24    3    1    1
   11   30    4    4    1
   16   23    2    1    5
   30   22    4    1    4
   15   30    3    3    3
    2    4    3    4    9
   22   26    2    2    7
   24    9    4    3    3
    3   27    4    3    1
   10    7    1    4    1
   16   17    3    4    8
   15   20    2    3    7
   16   30    3    3    6
    8    6    4    1    2
   17   24    1    4    1
    3    2    2    2    1
   22    1    3    2    1
   23   26    2    2    2
   27    6    2    1    1
   27    9    4    2    1
    7    9    1    2    3
   14   26    3    3    3
    8    9    4    3    1
   23    2    3    2    3
   17    8    1    1    1
   19   27    4    2    2
    5   28    1    2    1
   26    4    3    2    2
   14   22    3    3    1
   10    9    1    4    4
   18    7    4    4    1
    4   30    2    2    2
    4    1    2    2    2
    5   25    2    3    1
   21   23    3    4    9
   19   28    4    3    8
   30   20    1    2    3
   26    1    3    3    2
   16   25    2    2    1
    9    5    1    2    1
   20   16    2    3    7
    7   16    3    4    2
    5   10    4    2    4
   12    5    1    4    4
   24   20    3    2    1
   21   26    1    1    7
   17    5    4    4    2
   18   19    4    3    3
    4    5    1    2    3
   13    1    1    2    2
    3   29    1    1    2
   13   14    2    3    3
    9    1    3    4    3
   18   24    4    3    5
    3    4    4    3    9
    2    6    1    1    7
    5    8    1    2    2
   16   18    3    4    3
    4   24    4    1    4
   11   12    3    4    2
   29   16    4    2    6
   13    2    1    2    6
   18   15    4    3    2
   29   29    2    1    9
   14   14    1    3    5
   10   10    4    2    8
   24   24    3    2    1
   17   19    4    4    2
   18   30    2    1    4
    3   26    3    1    6
   11   18    1    1    3
   25    6    1    2    2
   29    9    2    3    4
   24    7    4    3    1
   20    8    1    2    1
   15   12    2    1    2
   17   14    4    2    5
   13   11    3    2    4
   27   12    3    1    1
   11   11    1    3    9
    9    9    4    2    9
   17    2    2    2    6
    9   18    3    3    2
   19   23    4    3    4
   15   15    2    1    9
    7    3    2    2    3
   14    4    4    3    5
   11   23    4    3    2
   11    3    4    3    8
   17   12    2    4    6
   20   14    1    1    1
   27   20    1    4    2
    7   21    3    3    1
   11   28    2    3    2
   13   20    3    4    1
    9   20    4    1    1
    2   25    1    4    2
   18    3    3    2    1
   13    4    2    2    3
   15   29    3    3    2
   19    3    1    2    3
    5   29    3    3    1
   27   27    2    3    9
   23    1    2    4    5
   11   15    3    4    5
   28    8    3    4    1
   24   19    3    3    2
   27    5    2    3    1
    8   23    2    1    1
   25   23    4    3    2
   16   15    1    2    1
   21    2    3    3    7
   10   28    3    2    6
   18   21    1    4    2
   11   19    4    2    3
   23   14    4    3    1
   26   11    1    4    1
   19   15    2    4    7
   18   13    1    3    4
    5    6    2    3    2
   24    3    4    4    3
    3   12    3    2    3
   25   18    4    3    7
   11   20    2    2    6
   24   16    1    2    3
   17   22    2    2    7
   20   28    3    2    1
   16   12    2    2    1
   25   19    2    3    3
    6   30    4    2    1
   22   15    3    3    6
    3    6    1    3    2
    9   16    2    2    6
   22   22    3    1    8
   12    7    1    2    8
   28   29    2    2    1
   14   21    2    2    5
   20   23    2    4    1
   14   12    2    4    5
    1    1    4    1    8
   11    6    2    3    6
   23   22    1    2    1
   30   14    2    1    3
   19    8    3    3    1
   11    5    2    1    9
   14   28    1    1    1
    8   15    4    1    7
   10    4    4    4    5
    5   13    1    4    4
   13   23    2    1    1
   20   21    3    1    1
   19   19    2    1    2
   24   23    1    4    3
   22    4    1    2    6
    2   20    1    3    1
   26   16    2    1    3
   19   12    1    4    1
    6   14    3    1    3
   17   11    2    1    4
   17   21    3    3    9
    2   14    4    3    4
    4   19    2    1    9
    7   20    2    3    2
   13   19    4    2    3
   25   29    3    3    4
   11    7    3    3    1
    6   23    1    2    2
   26   10    1    2    8
   14   18    4    3    6
    3   16    1    4    2
   12   20    2    2    1
   13   30    4    4    1
   27   25    4    3    2
    2    8    2    3    1
   10   22    3    3    7
   26    9    4    3    7
   12   25    4    3    1
   22   28    3    4    1
    6   18    2    2    2
   17    9    1    2    1
   23   18    3    2    2
   17   26    4    2    1
   27   29    2    3    2
    2    9    1    1    1
   27   21    1    4    1
    9   30    4    4    2
   15   10    1    3    1
   26   15    2    4    4
   19   26    2    3    1
   13   24    2    4    1
    9   14    3    1    4
   28   25    2    4    1
    6    6    3    4    9
    7   13    3    4    2
   13   29    1    3    8
   24   27    1    2    1
   13    8    4    3    1
   28    4    3    3    1
    2   28    2    4    9
    4   12    2    4    7
   24   15    4    2    1
   23   23    2    1    9
   19    9    4    4    5
   18    4    1    3    5
    1   28    4    4    3
   26   25    3    4    9
    2   26    3    2    8
    4   23    2    3    4
    2   16    3    2    1
    3   28    3    4    2
   24   22    2    1    6
    4   21    4    1    7
   12   24    2    3    1
   16   16    2    4    1
    3   21    2    4    2
   22   13    4    2    4
   17   17    2    4    4
   13   25    4    2    3
   24   29    3    2    3
   20   17    1    1    7
    6   22    1    4    1
   20   20    3    1    9
    8   11    2    2    2
    4    4    2    1    9
   29    8    2    4    4
   26   30    4    3    9
   29    1    3    4    1
    1   19    1    2    1
   21   16    3    1    1
    6    4    1    3    3
   25    7    3    1    1
   14   27    4    1    9
   10   17    3    2    4
   28    7    4    4    4
   19    6    2    4    5
    6    1    2    4    2
   21   28    2    4    2
   29    4    1    4    5
    5   22    3    4    1
   28   24    4    3    1
   24    1    3    4    1
   14    8    4    1    2
    5   30    3    4    1
   20    5    2    2    1
   23   27    1    2    4
   25   24    3    1    1
   27    7    4    4    3
   30   17    2    1    2
   23   17    4    1    4
    4   27    2    3    1
    5   18    4    1    6
    5    7    4    4    4
    8    8    1    4    9
   23    5    1    4    1
   30    8    4    4    4
   21   10    4    2    1
    6   15    1    3    1
    5    2    4    4    1
   22    2    3    2    5
   11   22    2    2    6
    9   23    1    3    1
   13   13    4    2    9
   29   26    4    3    7
   18    2    3    1    4
   22    9    3    4    3
   25    1    1    1    1
   13   21    4    3    3
    7    4    3    1    1
   25    9    1    4    1
   21    8    4    3    1
    3   10    3    1    6
   20   10    4    3    6
   26   26    4    1    9
   20   25    3    4    7
