Rock1Type Rock2Type Rock1Token Rock2Token Rating
   10   15    3    2    4
   17   29    3    3    4
    8    8    3    2    7
    1   23    3    3    5
   26   26    2    3    8
   25   10    3    3    4
   17   17    4    1    8
   24    9    2    3    4
    5   13    1    2    9
   15   18    1    1    3
    1    6    4    3    2
   23   19    2    4    6
   22   18    4    3    1
   19   28    3    2    5
   22   10    4    4    4
    2   13    1    4    8
   23   11    2    2    4
   19   30    2    3    7
   21   11    3    2    4
   27    5    1    2    5
   17   15    2    1    2
    5   17    2    3    3
    8   24    1    2    1
   17   12    4    4    3
   13   27    1    2    1
    2   16    2    1    4
   29    8    4    3    2
   20   12    2    1    7
    4   23    2    1    4
    1   29    1    4    2
    7    2    1    2    4
   16    3    1    4    5
    4   27    2    2    2
   19   25    2    3    3
   18   30    3    3    7
   10    2    4    2    5
   21   12    3    1    8
   14   13    3    1    4
    7   20    3    1    2
   19    1    1    4    4
   15   29    2    3    3
   26    7    3    2    5
    5    5    1    2    4
   10   28    1    4    6
   20   19    1    4    6
   18    5    1    4    7
   11   27    3    2    4
   28   18    3    3    4
   23   26    3    1    5
   20   20    1    4    7
   27   24    1    1    4
   10    7    2    1    3
    2   18    1    1    4
   14   22    3    4    2
    6   21    4    1    8
    9   15    2    3    3
   13   22    3    3    8
    3    9    4    3    4
    5    7    1    4    2
    9    5    4    3    1
   10   18    2    1    9
   24   10    2    2    2
   13   25    2    1    7
   20   21    2    1    4
   15    1    4    4    6
   25    3    4    4    5
    7   13    2    1    5
   13    6    1    2    3
   20   13    2    1    2
   12   12    2    4    7
    5   29    1    1    5
    6   12    3    3    8
    5   15    4    1    4
   12   27    1    3    3
    7    7    3    2    6
    2   11    2    2    8
   21   21    1    4    9
   10    4    4    1    3
    3   10    3    1    5
    4    9    2    4    6
    1   20    2    2    4
   10   23    2    2    3
   14   18    1    1    2
   24    5    1    3    8
    2   21    1    4    9
   28    7    4    1    7
   13   19    3    2    5
   16   19    1    2    6
   12   25    1    4    4
   27    6    1    1    3
   27   28    1    1    6
   11   14    3    2    5
    6    5    4    1    7
    6    4    1    2    3
   21   24    4    2    1
   23   30    2    2    4
   25   21    2    4    3
   10   11    2    2    1
   26   21    3    2    5
   12   10    3    1    4
    3   14    3    4    7
   11   24    4    1    5
   29   22    2    3    8
    4   18    1    1    6
   17    6    3    4    6
   15   16    3    2    4
   26   15    4    1    5
    7    6    2    3    7
    8   15    2    3    4
   28   12    1    1    3
   16   24    3    1    6
    3    3    4    2    9
    8    7    2    3    8
   10   17    4    3    6
   13    1    3    1    4
   22   12    4    1    1
   25   15    2    2    6
    1   25    1    3    4
    3   28    4    2    3
    9   25    3    3    6
   19   27    3    1    4
   30    9    3    1    3
   23   25    3    4    2
    9   13    4    1    4
   13   10    4    2    3
   27   27    2    1    8
   18   23    4    2    6
   23   29    4    1    4
   24   23    4    4    3
   26   28    4    3    2
    1   14    1    2    8
   22    4    2    3    9
    2   15    4    1    3
    3    4    4    4    1
   20   25    1    4    4
   23   23    1    4    4
    8   10    1    3    4
    2   27    3    2    2
   12   26    4    4    1
    7   27    2    1    4
   23   14    4    3    6
   20    5    1    1    2
   26    6    4    1    1
   18   17    4    2    1
   24   28    2    2    1
   16   26    4    1    2
   30    3    3    2    4
   26   30    1    3    5
   26   20    1    4    5
   18   18    3    4    9
   21   19    4    1    2
   29   29    3    2    8
   27   23    2    1    4
   14   14    1    3    7
   29   25    4    2    6
   15   15    2    3    6
   17   16    2    1    7
   30    7    3    3    4
   30   30    1    4    8
    5   21    4    3    8
    8   16    4    3    4
   11   17    2    3    8
   17    9    4    4    6
   24    2    3    2    4
   13   12    2    1    6
   19   14    3    2    3
   24   24    1    2    1
   24   26    4    4    6
   28   11    3    1    1
   27   29    1    2    1
   14   15    4    1    3
   13   17    4    1    4
   22   20    2    3    2
    4   25    4    1    5
   22    9    4    3    6
   19    8    4    4    5
   19   29    3    1    6
   13   18    4    3    3
   28   16    3    4    2
   19   26    4    4    4
   13    3    2    4    7
   10    5    2    3    8
   23   13    3    3    9
    8   30    1    4    7
   29   13    2    3    8
    3   23    2    1    2
   19    4    2    1    4
    4   29    3    3    2
    4   11    2    2    7
   20   17    3    4    6
   20   28    3    4    4
   27   30    3    1    2
   20   11    4    1    3
   14   12    2    2    8
    2   28    3    4    7
   24    4    1    2    3
    3   21    4    4    2
   29   10    1    1    2
    6   23    3    4    6
   22    1    4    3    4
   13   21    2    1    4
   12   23    3    2    2
    5   16    1    1    7
   21    9    3    4    1
    7   24    1    4    5
    7   21    4    1    3
   24   15    1    2    2
   19   19    3    4    8
    2    2    1    2    9
   29   18    1    2    6
    7   29    4    2    3
   22   23    4    1    2
   18   11    2    2    3
   18   16    2    3    5
   22   17    1    1    3
   29   14    2    2    1
   21   22    2    1    3
   13   11    3    2    5
    8   25    2    2    7
   22   30    3    1    4
    6    9    3    2    3
    4   12    4    3    7
   30   29    3    3    3
   12   19    2    3    6
   17   14    2    4    6
   20   30    3    2    7
    3   20    2    1    3
    5   26    1    1    2
    5   28    2    2    3
   16    1    4    1    6
    3   12    1    1    2
   11   29    4    4    5
   12    5    4    3    4
   16   14    1    3    7
    7    9    3    1    3
   28    8    3    2    2
   20    6    1    1    5
    8   11    2    2    3
   26   18    1    4    2
   30   14    4    4    2
   27   21    2    3    2
   14    8    3    3    5
    2   26    1    1    3
   11   30    4    3    5
   18   12    1    3    4
   28   25    1    1    2
    5   22    1    2    3
   30    1    4    4    6
    3   29    2    4    1
   10   21    3    4    2
   29   12    4    2    1
   22   16    2    4    5
    2    4    2    4    7
    8    4    3    4    1
   23    5    3    4    5
    1   10    2    2    4
   29    2    1    2    5
   25   24    1    4    3
   28   28    4    3    6
   17    3    4    4    5
   10   20    1    2    2
    1    1    2    1    8
   21   16    3    1    5
   10    6    4    1    2
   18    9    4    3    4
   20   15    4    4    5
    8   21    3    4    2
    3    1    1    2    4
   11   25    1    3    4
    5   19    4    4    7
    1   28    4    1    4
   14   27    2    4    5
   30   12    4    4    6
    2   14    4    1    6
   14   26    4    4    6
   17   21    4    3    3
    6   14    3    4    8
    4   14    2    2    6
    6    6    3    1    8
    5   14    1    3    6
   22   24    4    2    6
    1    8    3    2    4
   10   16    1    3    6
   15    3    2    4    6
    6   19    2    1    8
   23    8    4    2    4
    8   20    2    4    2
    9    9    2    3    9
   16   11    2    2    4
    5    2    3    3    3
   23   21    1    4    3
    1    2    3    1    4
    7   16    1    3    3
   20   29    1    4    2
   30   13    3    2    6
   26   25    3    4    7
   15   19    4    4    6
   21    1    4    2    2
    3   24    1    3    2
   25    5    3    2    4
    8   18    3    4    3
    3   18    2    4    2
   11    7    3    3    5
   19   11    4    3    6
    2   23    2    2    4
    9   10    4    2    2
    9    8    2    4    1
   30   16    1    2    3
   15   27    4    4    4
   17   28    4    3    6
    2   22    4    2    7
    6   29    3    1    6
   15   23    3    1    6
   15   28    3    2    5
   24   30    1    4    7
   18   27    1    2    6
    4    1    2    4    2
   22    6    4    1    3
    7    3    3    4    5
    4   17    4    4    7
   24   14    3    4    3
   16    6    1    4    3
   12    2    3    1    7
   12   11    1    3    3
    4    4    2    4    8
    8    6    1    3    3
   24   17    3    3    3
    9   11    2    1    8
   30    5    4    4    3
   24   13    1    1    3
    2   25    3    4    5
   25   16    1    2    6
   11   11    2    4    8
   23    9    3    1    3
    6   15    2    1    1
   26    3    2    3    7
   22   19    4    3    6
   28   29    2    1    5
    8   13    2    1    3
   30   15    2    3    4
   24   18    2    2    7
   14   10    1    3    8
   15   12    2    3    3
   17   23    2    4    8
   20   16    4    3    7
   13   28    1    4    6
    6   25    3    4    6
    3   11    2    2    4
   30    6    3    1    6
    7   17    4    4    5
    5    4    3    1    6
    7    4    3    3    6
    8   22    3    2    5
   26   11    4    4    8
   25   18    1    3    9
   15   21    2    4    1
    3   19    3    4    5
    9   19    3    1    4
   28   14    3    1    4
    7   23    4    3    3
   24   29    1    3    4
   16   23    3    3    3
    7   18    1    4    7
   15   13    4    3    4
    5    3    2    3    3
    3    2    4    1    3
   12   24    1    4    4
   17   27    1    4    6
    5   11    1    4    5
   21   30    1    4    8
   19    7    4    1    3
    9   27    1    3    2
   18    6    2    2    3
   28   23    2    2    2
   19   10    4    4    3
    9   12    3    2    2
    4   30    3    3    3
    8    5    2    4    2
   20    4    1    3    1
   17   30    3    1    2
   17    2    2    2    8
   22   28    1    1    3
    8    2    2    2    4
   13    4    1    2    8
   28    6    2    4    4
    2   19    1    2    5
   21   29    1    1    4
   11    6    1    2    7
   16   29    2    4    6
    2   30    1    2    5
   22   26    2    1    6
    8    3    3    1    7
    9   20    3    1    3
    3    6    3    4    2
   13   13    4    3    6
   10   30    1    2    4
   18   20    1    4    3
   20   23    3    2    2
   16   16    4    1    8
   25   27    1    1    6
   22   22    2    3    8
    4   15    2    2    3
   16   12    2    2    3
    2    9    1    3    3
   22   27    2    2    2
   18   19    1    4    3
   27   16    4    1    7
   21    4    4    4    9
   11    1    2    1    4
   22   11    2    2    3
   14   21    3    2    5
   14   20    2    2    8
   16    9    3    2    2
   18    1    2    4    3
   10   26    3    4    6
   22   25    4    2    3
   12    7    4    1    2
   26   17    4    2    3
   26    4    2    3    1
    8   12    2    3    3
    9   29    1    1    8
   20    2    1    1    5
   27   26    3    3    3
   15    7    2    1    1
   25   17    2    3    2
   25   14    3    4    1
   30   25    1    4    3
   10   10    1    4    5
   19   24    1    3    4
   19   17    2    1    6
    9   26    4    1    4
    1    9    2    2    1
   28   30    2    3    6
   15   11    2    3    5
    5    1    4    1    5
    4   28    4    1    4
   21   18    1    2    3
   15   22    1    3    3
   10   27    3    4    4
   24    1    1    3    2
   20   27    3    1    8
   28    9    2    2    3
   27    1    4    2    5
    8   17    2    2    6
   17    1    2    3    3
   14    9    4    4    2
   22    7    1    4    3
   16   13    2    1    7
    1   12    4    1    6
   26   13    2    3    7
    8   26    2    1    6
   14    7    2    4    4
    4   16    1    2    3
    1    7    1    4    5
   20   24    1    3    3
   21   28    1    1    3
   26   29    2    1    7
   27    3    2    2    4
    2    6    2    3    8
   25   25    4    3    7
   27    8    1    4    3
   26    1    2    4    3
    3   22    2    4    4
    6   24    1    4    2
    7   25    3    3    6
