Rock1Type Rock2Type Rock1Token Rock2Token Rating
   20   30    3    3    8
    8    8    4    3    8
   10   16    4    2    8
   26   22    3    4    8
   27    3    4    2    8
   29    4    2    1    8
    4   24    1    3    8
   14   22    1    4    6
    4   23    4    2    7
    3    2    2    3    5
    8   12    2    4    5
    3   23    1    4    4
   11   30    1    3    7
    2   19    3    1    7
    2   10    2    1    5
    5    4    1    2    5
    5   25    3    2    6
   28   11    2    2    4
   23   29    4    2    2
    1   24    4    3    3
    9   21    4    1    3
   13   30    1    3    4
    8    4    4    1    2
   19   10    3    1    2
   28   21    1    1    4
    8   23    3    3    4
   25   26    4    3    5
   15    3    2    2    6
   29   18    2    3    2
    1   10    2    1    2
   15   13    1    1    2
   19   29    3    4    7
    2   27    1    3    2
    1   11    1    1    8
   22   27    4    2    5
   22    8    2    4    6
   22   30    4    4    3
   21   12    4    3    8
   14   13    4    3    3
   24   18    1    3    3
   17    6    2    2    4
    1   30    1    3    6
   18   17    3    1    6
    9    5    2    1    5
    6    6    1    3    7
   26   23    4    2    7
   10   20    3    3    4
    6   21    2    1    7
    2    4    1    1    8
   28    3    3    3    3
   21   17    1    2    5
   28   16    3    4    3
   25   14    2    3    8
   23   14    3    4    5
   20   18    3    4    5
    2    6    1    1    8
   14   17    4    1    6
   14   16    1    1    9
   21   27    4    2    1
   13    7    4    4    2
   26   18    1    4    2
   13   26    3    3    7
   18   11    3    3    4
   15   15    3    4    8
   13   27    1    4    6
    6    5    4    3    5
   18   18    4    1    7
   15   26    2    2    5
    4   21    3    4    6
   11   23    4    1    2
   17   24    2    3    2
    8   25    2    1    4
   29   13    4    4    9
    9   18    3    3    3
    5   15    2    1    7
   19   24    2    3    3
    6   24    4    2    1
   12   14    3    2    7
   20    6    1    1    2
   13    4    4    1    9
   26   28    3    1    1
   26    1    2    4    2
   18    4    4    3    3
   15   16    2    3    7
   24    8    1    1    4
   15    7    2    2    7
   25    2    2    1    8
   28   30    4    1    7
    7   27    4    1    4
   28   10    2    3    5
    4   10    1    2    5
   18    6    3    4    3
   28   13    4    2    7
   18   25    2    1    9
   28   18    1    2    4
   12    3    1    4    7
   19   28    4    3    2
   13   12    1    4    1
    7   18    3    3    1
    3   18    2    4    2
   27   27    4    3    7
   25   20    1    1    2
   11   21    3    2    8
    4   14    3    1    9
   17   23    1    3    3
   11   11    2    3    4
   18    8    4    4    2
   14   29    4    3    1
    3    9    4    3    1
   29   30    3    1    5
   13   13    1    4    9
    3    6    2    2    1
   20    3    2    4    2
    1   19    4    2    3
   29    1    2    1    1
   19    9    1    2    8
   29   24    3    3    5
   21   24    3    2    1
   19   21    2    1    8
    5   28    4    4    9
   24   24    1    4    4
   14    6    2    3    3
    1    1    1    2    8
   29    9    2    2    8
   24    2    1    3    3
   23    1    1    2    1
   10   10    4    2    6
   10   12    2    1    4
   26    4    1    4    5
   13   20    1    2    3
    2   26    2    4    9
    2    2    1    4    9
   25   16    2    2    4
    2   12    2    1    7
    8    3    4    4    5
    8    7    4    4    1
   15   27    3    2    3
   10   26    4    4    5
   12    5    4    3    4
   28   25    2    2    3
    7   25    4    1    3
    9   24    2    3    4
    6   15    4    2    2
   23   24    3    1    1
    1   18    4    1    3
   15   28    3    2    4
   26   14    3    3    5
    1    2    4    3    3
    4   30    2    2    3
   23   21    4    4    8
   21   21    2    1    9
    9   11    1    2    5
   22    1    3    3    6
    7   26    4    4    3
   20    8    1    4    1
    7   30    2    4    7
   27   17    4    2    4
   11    4    4    3    9
    6   30    3    1    8
   15   17    4    3    9
   19    7    1    4    4
   25    1    3    4    6
    6   19    2    1    7
    1   16    2    3    8
    9   13    4    2    6
   29    5    1    3    1
   29   21    1    2    1
   17   10    1    2    3
    2   16    3    3    3
   30   10    3    2    5
   19   20    2    1    6
   14   21    1    2    8
   28   28    2    4    9
   22   18    4    1    8
    3    3    2    3    6
    8   19    3    1    7
   17    9    3    4    4
    7   20    2    1    3
   11   13    2    2    9
   16   11    2    4    4
   24   25    2    3    3
   11   24    3    2    5
   18   30    3    3    9
    5   26    4    1    3
   13   16    2    1    6
   12   27    4    2    1
   18    5    3    1    4
    4   25    4    2    8
   26    9    4    2    8
   12   29    2    2    2
   21    8    3    2    1
    8    9    4    3    2
   21    5    4    1    3
   25   13    1    4    4
   26   29    2    4    7
    1    5    3    1    8
    5    8    4    1    9
    6   26    2    1    9
    9   12    1    4    6
   19    4    2    3    7
   11   10    1    3    9
   10   23    1    3    9
   24   15    3    1    1
    1   15    2    2    9
    6    1    3    4    6
   11    5    3    1    7
   24   12    1    2    4
    4    3    1    1    9
   11    6    4    4    6
   14   14    2    4    9
   25   30    4    4    8
   19   11    1    4    9
   18   19    3    3    3
   18   15    4    3    3
   24   10    3    2    4
   24   26    2    4    3
    4    4    4    1    9
   24    5    3    2    1
    1   27    4    1    3
   28   22    1    4    2
   15   29    4    2    5
   12   15    3    2    7
    5   14    1    2    5
    3   25    3    4    8
   23    5    3    4    8
   24    3    3    3    6
   24   22    4    2    8
   11   15    4    3    4
   30    9    2    1    3
    9   25    3    2    3
   13   23    3    1    5
   14   19    2    3    3
    7   28    4    4    3
    1   28    3    1    8
   22   10    3    2    9
    9   28    1    4    9
   18   23    4    3    9
    7    4    1    4    8
    5    2    4    1    9
    8   13    4    4    6
   16   20    3    1    4
   27   19    4    4    7
   12   12    4    2    9
   26   20    2    2    9
   16   12    1    2    9
    8   10    1    1    5
   29   22    4    3    9
   11    3    4    2    8
   21   25    4    4    3
   14    8    2    3    3
    7   14    2    3    2
   25   10    1    4    8
   14   15    2    2    8
   14    9    3    1    3
   23   28    2    4    6
   26    3    2    4    4
   19   12    2    2    7
    7   22    4    2    5
   23   22    1    1    4
    7    5    1    3    4
    9   15    3    1    3
   20   28    1    1    1
   22   20    1    4    1
    3   19    1    3    7
   25   17    4    2    7
   18   13    1    3    5
   17    8    4    2    7
   27    4    4    2    1
   27   20    3    2    3
   30   19    2    4    3
   16    7    3    1    4
   20    2    3    1    5
   28    6    3    3    1
   28    4    2    4    2
   17    1    3    4    8
    6   13    4    3    6
   29    2    3    4    9
    1   12    2    3    9
   10   14    2    4    5
   28    2    1    4    1
   18   16    2    1    2
    8   27    3    1    1
   26   26    4    1    6
   12   22    2    2    8
   28   29    2    1    4
   10   29    1    3    8
   15   25    3    4    5
   28    8    1    4    2
   17   12    3    1    8
   21   15    4    4    6
   23   15    4    3    3
    7   24    4    1    2
   20   20    3    1    4
   19   26    3    3    7
   30   24    1    1    4
    9   23    3    1    2
    7    6    1    2    1
   16   16    1    4    8
    2   21    1    2    9
    7   23    4    1    2
    5   19    3    4    3
   14   28    4    3    1
   21   26    2    4    4
   29   29    3    1    8
    2   30    4    4    9
   20   12    2    2    7
   14    3    3    2    6
    7    7    2    1    7
   18   12    2    3    5
    9    7    2    3    5
    3   21    3    1    5
   27    5    1    2    6
    4    6    4    1    9
   21   20    2    3    8
   23   23    2    1    8
    1    7    2    2    9
    2   14    1    1    9
   26   17    1    2    3
    1    9    3    4    2
    7   12    2    2    8
   25   11    1    4    6
   17   11    1    4    7
   26   16    4    4    8
   17   16    2    3    6
   16   23    4    2    7
    1   21    3    3    9
   15    8    1    3    3
   14   27    3    4    6
   21   22    2    1    5
    5   16    3    1    8
   13   10    3    3    6
    9    9    2    4    9
    1    3    2    2    8
    5    3    1    4    6
   16   22    1    3    8
   21   13    1    1    3
   29   25    3    1    5
    5    5    1    3    6
   11    8    4    2    5
    2    8    3    2    3
    1    4    1    2    7
   13    5    4    3    2
   12   28    3    1    2
   30    3    2    1    3
   19   19    1    2    3
   26   30    1    3    5
   27   30    3    4    1
    2   13    4    3    4
   10   18    3    1    6
   30   21    1    3    7
   27    6    4    1    4
    7   21    4    4    2
   24   28    1    1    1
   30   30    3    1    9
   30   12    4    3    9
   18   27    3    2    8
   10    5    2    4    8
   23   20    1    3    5
   27   29    1    1    3
   27   26    3    4    3
   15   20    4    4    4
    2   17    3    4    2
   14   18    3    2    2
   15   19    2    2    4
   27   23    4    3    2
   22    3    4    2    3
   11   26    1    3    5
   19   25    2    1    7
   17   19    1    4    8
    4   16    3    1    4
    7   10    1    4    8
   30   17    3    2    5
   27    9    3    2    1
    8   16    1    1    3
    5   22    2    3    2
    6    9    3    2    3
    9   22    2    3    8
   21   18    2    1    4
   17   20    3    2    8
    7    2    3    1    6
   23    2    1    2    2
   20   29    3    1    1
   24   16    3    2    5
   24   14    1    1    6
   10   21    3    4    8
    3   13    2    2    3
   28   27    3    1    2
   25   22    2    1    2
    4   12    4    4    7
    6   12    1    3    9
    7    3    3    4    7
    5   20    1    2    1
   10   27    1    3    1
    4    9    1    3    6
   16   27    3    3    2
    8   29    2    3    8
    6   23    4    1    2
    1    8    2    4    4
    2    9    3    1    8
   11   12    3    4    5
   24   13    3    4    3
   17   13    4    2    8
   16    3    4    1    8
   13   22    4    4    6
   25   25    1    4    7
    9   10    3    1    9
    6   29    1    4    5
    8   30    4    1    4
   17    5    1    3    6
   22   11    3    4    8
   30   15    4    4    7
   22   15    3    3    1
   16   30    2    3    2
   15    4    2    3    2
   22    6    4    1    1
   26   12    2    1    2
   30    5    4    1    1
   16   21    2    4    1
   14   30    1    2    4
   16    6    2    2    3
   23   25    1    4    7
   29   11    4    4    9
    8   26    1    2    3
   27   11    2    2    2
   17   28    2    2    3
    4   20    1    4    1
   23   19    3    4    9
   30   23    3    4    8
    1   14    4    2    9
   22   22    2    4    6
   15   10    1    2    6
   17    3    3    3    4
    7   11    1    2    4
   20    9    1    2    2
    1   20    4    1    3
    3   10    3    1    6
   22   17    1    4    1
   22   19    2    3    3
   27   25    4    1    5
   13    1    1    4    2
   23   12    3    2    9
   11   14    3    3    6
    2   11    2    2    3
   29    3    4    3    8
    7   17    4    3    3
   24   20    4    4    1
   17   17    2    4    2
    2   22    1    4    4
   13   19    3    2    5
    8    6    3    4    1
   16    9    4    1    2
    7   29    3    1    2
   16   19    2    3    5
    2   15    3    1    3
   20   14    2    3    9
    6   25    3    2    7
   18    2    1    2    8
   27   24    2    4    1
   16   29    3    1    3
   17    4    2    1    7
    4   22    2    3    8
   11   20    3    4    4
   12   25    1    4    3
   29   17    3    1    2
    6   10    3    2    4
