Rock1Type Rock2Type Rock1Token Rock2Token Rating
   24    4    1    2    1
   11   17    2    3    6
   18   27    1    2    4
   12   25    3    1    3
   11    6    1    3    4
   14    3    1    4    4
    8    8    2    1    7
   18   18    2    4    7
   10   25    1    3    4
   28    4    3    3    2
   21   28    3    2    2
   23   19    1    3    3
   29   29    2    3    7
    5   12    2    1    6
    8   26    2    1    6
   23   21    4    4    4
   26    2    2    1    5
    5   27    4    1    5
    5   11    3    4    4
    8   10    1    3    2
   18   29    4    3    3
   20   27    2    3    6
    2   25    2    3    4
   27   10    1    4    4
   21   29    2    2    2
    2   11    1    4    8
   22    1    1    1    4
   23    7    4    3    5
   23   20    2    3    2
   12   26    2    1    4
   30   21    2    2    3
    2   14    4    3    4
   11   15    2    3    2
   25    5    4    4    2
    7    6    3    3    6
   10   17    4    2    4
   17   16    4    3    5
    7   25    2    2    3
   20   25    1    4    4
   10    3    1    4    4
   17   24    1    2    1
   17    6    4    3    3
   17    1    1    4    6
   14    7    2    3    1
   10   30    4    1    5
   28   17    4    2    3
   10   16    2    2    4
   12   15    3    3    1
   29    2    3    2    2
   18    3    2    1    6
   11   12    1    1    4
    2    9    1    4    4
    9   11    1    1    3
   26   22    3    3    3
   17   14    1    2    5
   10    7    3    1    4
    8   23    1    3    1
    2    3    3    2    3
   17   20    1    4    4
   15   18    4    2    5
    5    3    1    1    7
   24   21    3    1    2
   25   18    1    3    7
   24   23    4    3    2
   19    9    4    2    2
   29   15    4    3    1
    9   20    4    2    1
   16   26    4    4    2
    1   24    3    4    2
    7    3    3    3    2
   22   22    3    1    6
   23   29    3    1    4
    7    1    3    3    4
    7   15    2    3    2
   16    3    3    1    4
   15   15    4    2    8
    6   29    1    1    2
    5    5    4    3    7
   18   21    3    1    4
   17    7    3    3    3
    9   14    2    4    2
   26   26    3    4    8
   28   30    2    2    1
   30   13    4    2    4
   29    4    1    1    4
   21    8    4    1    1
    8   29    3    1    1
    9   15    2    4    3
   10   14    1    3    2
   29    5    2    2    1
   14    6    4    3    3
    3   20    2    3    4
   24   15    4    4    1
    2   13    1    4    8
    1   23    1    4    6
   14   27    2    1    4
    8    2    1    4    2
   20   30    3    3    4
   26    9    3    3    6
   18    4    3    3    4
   15   23    4    2    2
   20    4    2    4    5
    6   19    2    1    6
   11   21    2    1    6
    7    4    1    3    4
   18   22    3    4    1
   30   12    2    2    5
   29    3    4    2    2
    5    7    1    2    4
   15   16    1    4    4
   14    4    2    1    3
   30    7    2    2    3
   19   11    1    2    6
    3   12    3    1    3
    5    8    2    4    6
   13   16    1    3    5
    6    8    1    4    6
    4    1    3    4    5
   24    9    3    3    4
   19   18    2    3    3
    7   13    3    4    4
   22   24    3    2    3
    3   28    4    1    1
    3    9    4    4    2
   20   18    2    2    4
   30    6    3    3    3
   21   17    2    1    4
    3   30    4    1    2
   29   26    2    2    4
   11   25    4    1    3
   11   28    2    2    1
    8   15    2    2    3
   19    5    4    2    1
   21   15    2    3    4
    7   18    2    2    2
    8   16    3    4    3
   16   29    4    2    1
   11   10    3    3    5
    2   23    4    3    6
    9   18    4    3    3
   20    1    3    1    5
   27   12    4    4    3
   22   12    2    3    3
    1   25    1    4    4
    3   15    2    4    4
   25   25    2    4    9
   12   20    1    1    3
    9    8    2    3    4
   27   19    1    4    1
    4   30    1    4    4
    4   21    1    4    4
   14   24    2    1    4
    2   15    3    1    4
   11   27    4    4    2
   25   27    4    3    2
   16   22    1    1    3
    9    9    2    1    8
   29   13    2    1    5
   17    8    4    3    1
   30   16    1    1    3
   23   30    2    2    4
   10   10    1    2    6
   11   16    4    3    5
   30   17    1    3    4
    4   13    2    2    4
   26   14    2    1    2
   22   20    2    4    1
   29   20    4    1    1
   23    5    1    1    1
   13    8    2    3    4
   22   29    1    3    3
    6   23    3    4    7
   12   29    2    3    3
   26   18    2    2    3
   20    8    1    2    3
   14    5    1    2    3
   11    8    4    4    6
   18    5    2    4    5
   13    1    1    1    3
    6   20    3    3    2
    6   26    3    3    2
    4   11    1    2    7
   14    8    4    3    1
   29   24    4    3    5
   28    7    2    2    5
    1   14    3    2    6
   18   14    1    1    2
   22   10    2    2    2
    4   27    4    1    1
   25   13    3    2    3
   29   25    2    4    2
   29    7    3    4    1
   30   11    1    1    3
   10    1    1    1    4
   12   19    2    3    5
   27   16    1    4    1
   12    6    3    2    6
    7    9    2    4    1
   25   16    3    1    2
    8   18    1    2    1
   19   25    3    1    5
   30    1    2    1    3
   25   14    4    4    2
   27   21    2    3    1
    1   11    2    2    3
   25   30    4    2    3
    7   22    3    4    3
   13   21    1    1    2
   30   30    1    2    5
   21   21    2    4    6
   16   21    3    3    4
   24   24    3    2    4
   15    4    1    2    3
   22    2    2    1    6
    4   25    1    3    4
    8   25    1    3    2
    9    5    3    1    4
   29   19    4    2    2
    8   22    3    3    4
   25   26    3    1    6
   11   13    1    2    5
   21    3    3    2    5
   11   14    1    3    5
   24   13    2    4    2
   22   14    4    2    2
   11    3    4    2    5
    5    1    1    3    6
   10   23    4    3    5
    9    4    3    2    5
   12   23    4    2    4
   13    9    2    3    2
   21    5    1    1    4
   17    2    4    2    2
   17   26    3    1    2
   12    2    4    4    2
   28    1    3    2    1
    4   12    2    1    2
   15   10    1    4    2
   19   15    3    3    2
   24    2    1    4    2
    2    7    3    3    3
   28   26    1    1    1
   14   16    2    4    5
   22    9    1    3    2
    1   21    3    4    5
    2   27    2    2    1
   29   10    2    3    3
   19    7    4    4    2
   26    1    2    4    2
   28   23    3    2    2
   12   12    2    4    8
    8   30    3    1    3
   30   29    3    3    3
    2   16    2    3    4
   14   23    4    4    5
   30   22    1    2    3
   28   19    3    1    2
   17   27    1    4    3
   20   19    4    1    2
    8    3    4    1    4
   21   25    4    1    3
   22    5    4    3    2
   24    5    3    3    2
    7   16    4    1    2
   25    6    4    2    2
    4   23    1    2    1
   27   23    1    2    2
   29   28    1    4    1
    3   26    4    2    2
    8   28    2    2    1
   12    8    1    4    1
    6   10    1    2    1
    4    4    1    4    6
    7    7    3    1    3
   30    2    4    4    3
   17   15    3    2    5
   27    1    2    4    1
   12    7    4    2    5
   13   23    2    1    2
   28    5    2    1    1
   11    7    1    1    2
   20    2    4    3    2
    1    2    3    4    3
   25   15    1    1    2
   23   11    2    1    2
   17   13    2    1    2
   23    9    3    1    3
   19   19    1    2    2
   28   10    1    2    1
   14   19    4    1    4
   21    7    1    3    3
   25    9    3    1    5
   21   14    1    1    6
   13   12    2    3    3
   30    9    3    2    2
   11   11    3    2    4
   18    2    3    2    2
    9    6    4    1    2
   21    2    4    3    2
   23    3    2    4    1
    2    2    2    3    7
   30   27    3    3    1
   24    6    2    4    1
    5   16    1    1    3
   13   13    3    2    3
   16   23    2    2    1
    9    1    1    4    2
    3    3    2    3    4
   27   28    1    1    2
   13   26    4    3    4
   15   30    1    2    3
   27   27    1    4    3
   12   18    1    4    4
   19    2    2    1    3
    4    2    2    1    6
   24   12    3    2    2
   15   28    4    4    2
   15   14    2    2    4
   25    3    1    1    2
    3    6    3    4    2
   10   21    1    1    2
   19    1    3    1    2
   27   26    2    1    3
    7   26    2    4    3
    6   15    2    3    1
   14   30    3    4    5
   11   29    4    3    4
   17    5    4    2    3
   29   14    2    4    3
    1   18    2    4    4
    4   16    1    4    2
   17    3    4    4    4
   18   28    1    4    3
   17   23    2    4    1
    2    6    1    1    7
   20   24    3    2    1
   12   14    3    4    6
   26   11    1    2    5
   13   15    4    4    2
   22   23    1    4    4
   11   18    3    1    4
   20   14    3    3    7
    8   24    1    1    1
    5    6    3    4    2
    6   13    2    1    2
   13    5    2    2    2
   10   20    4    2    4
    8   27    2    2    1
   16    9    4    4    1
    5   30    2    4    2
    8    1    4    3    1
   28   14    4    1    2
   12    9    4    3    1
   28   28    1    2    4
    6   16    1    3    2
    6   18    3    4    1
   28   13    1    1    1
   19   16    1    3    3
    6   21    4    1    7
   16   20    1    3    3
   22   27    2    2    1
    4    6    1    4    2
    3   19    3    3    5
   15   26    2    2    3
    3   22    4    2    3
   12   17    2    4    2
   22   11    1    1    2
   11   20    1    2    1
   14   14    2    4    3
   19    4    3    1    6
   23   26    4    2    2
   16   28    3    4    2
    1   29    2    1    2
    1   15    1    2    2
   18   13    2    2    2
   18   24    1    3    1
   25   24    3    3    1
   12   16    3    2    1
   10    4    1    3    2
   18   10    4    2    4
   19   24    2    2    1
    8    4    3    2    1
   26    5    2    2    1
    9   17    2    4    2
   19   22    4    1    1
    1    1    3    2    5
   10   24    4    4    2
    3   27    2    4    1
   17   18    1    4    2
   20   13    1    2    1
   14   13    2    2    1
   22   17    2    4    1
   28   24    4    2    1
   23   18    2    1    1
    6   22    2    3    2
   20   20    1    4    6
    5    4    3    1    4
    2   28    1    2    1
   27    6    1    3    2
   15   22    1    3    1
   13    3    4    1    7
   25   17    3    3    2
   24   27    4    2    1
   20   26    2    1    2
   24    3    4    2    1
   24   30    2    1    1
   10    2    1    4    2
   22   25    1    2    2
   26   10    3    2    4
   29   17    4    2    2
   21   20    2    2    5
   15   20    2    4    2
    9   28    3    2    1
   26   30    1    4    5
   17    4    3    4    5
    6    6    3    4    8
    3    1    4    1    4
   25   28    2    1    1
    5   10    3    1    3
   16   16    1    4    5
   19   10    2    3    2
   19   17    2    2    1
    4    3    2    1    6
   24    7    3    1    5
   11   24    4    4    1
   29   27    2    3    1
    9   27    1    2    1
    5   20    4    4    4
   26   24    3    2    4
    9   29    3    3    3
   23   23    4    3    3
   20   28    1    1    1
   27   13    4    3    1
   17   17    4    2    2
   28   12    2    1    1
   30   19    3    1    2
    9   21    3    2    1
    8   19    1    1    1
   12    1    1    4    2
   16   24    1    3    2
   16    1    3    2    5
   15   27    1    3    1
   28   22    4    3    1
   26   21    3    1    1
   22   13    1    2    2
   19   21    3    3    1
   22   21    4    4    1
   26   19    1    3    1
   30   18    2    3    2
   21   12    1    3    7
   20    7    3    4    1
   27    7    4    2    2
    5   15    2    4    2
   19   13    2    4    2
   10   13    1    2    4
    4   22    3    3    5
    6    1    4    1    1
    7    8    3    4    2
    5    2    4    3    3
   26    4    3    3    3
    9   10    1    3    2
   16   18    4    4    2
   12   10    4    3    2
    6   28    4    1    1
   23   25    1    3    1
