Rock1Type Rock2Type Rock1Token Rock2Token Rating
   19    8    3    1    9
    5   14    1    3    7
   17   19    1    3    3
    1    2    4    1    3
   25   17    3    1    3
   20   10    4    4    3
   14    2    2    1    9
   30   13    1    2    9
   16   26    1    3    3
    2   25    1    3    4
   23   17    2    4    4
    6    8    4    3    9
   26   19    2    2    8
   29   18    3    1    6
    4   10    3    2    7
   25   30    2    4    8
   23   25    1    4    7
   12   14    1    1    6
   21   13    2    1    6
    2   12    1    1    6
    6    3    2    2    6
   12    6    2    4    6
   11   16    4    3    5
   13   10    4    2    9
   15   16    3    4    9
    9    1    3    4    1
   13   11    4    2    1
   20   25    3    4    6
   19   20    1    2    2
   29   29    1    3    1
   21   15    1    1    1
    8    2    1    1    2
    9   16    1    1    2
   23   13    1    2    2
   24   18    3    3    9
    5   20    2    2    4
    4   28    1    1    3
    3   16    1    3    4
   29    1    3    1    7
    7   11    1    3    8
    6   20    3    1    1
   26   20    2    4    9
    3    2    1    3    3
   14   29    4    3    9
   28    6    2    3    9
   27    3    2    1    9
   22   13    2    4    4
   25   15    3    3    5
    8   28    1    2    5
    2   15    3    4    8
   20   27    2    1    3
   21   26    4    1    4
   12    1    2    4    3
   29   17    2    3    3
   20   16    2    2    4
   22   27    4    1    8
   25    4    3    4    9
   22   12    1    1    3
   18   27    3    2    3
   25    6    4    3    3
   23    7    3    1    9
   14   28    4    1    9
   10    8    1    2    4
    1   28    4    4    8
   16    5    3    1    8
    2   24    3    1    2
   10   28    1    4    7
   24   23    2    4    8
    5   24    1    2    8
   22   30    1    3    8
   20   18    1    4    9
   25   14    2    4    3
   29   12    4    3    8
   17    1    2    4    8
   15   15    3    1    9
   22    5    2    2    9
   13   26    1    2    9
   23   27    3    2    2
   30   18    3    4    2
   20   17    1    1    9
    4   23    2    1    3
   17   27    4    1    2
    9   20    1    1    2
   21   30    1    3    2
   27   29    3    2    2
    5    1    3    1    9
    7    9    4    3    3
   25   25    1    2    9
   19   12    2    3    3
   21    3    2    1    4
   13   13    1    3    9
    4   21    3    2    2
   18    3    3    3    2
    8   14    1    1    2
    4   15    3    3    9
   25   26    1    1    2
   22   19    3    4    3
    8   23    1    1    9
   14    1    3    3    8
    7   15    4    2    3
   14   11    1    4    9
   20   12    3    3    3
    4   18    3    1    8
    4    7    4    1    4
   13    7    1    4    9
    3    1    1    3    2
    5   21    1    3    9
    6    5    4    3    8
    7    5    1    4    3
   10   12    1    1    9
   26    7    3    2    2
   18   22    3    1    4
    3   13    1    3    2
   13   16    3    2    3
   20   20    2    4    9
    2   30    4    1    8
    8    8    2    3    3
   14   10    2    1    9
    2   18    4    1    2
   12   18    1    4    3
   10   22    3    1    9
   16   16    3    2    3
   25   12    3    1    8
    4   13    1    1    9
   21    2    1    4    2
   26   14    3    1    2
   23    9    1    1    2
   29    5    2    1    2
   30   14    2    4    9
   24   16    4    2    9
    8    3    4    3    2
    7    3    4    1    9
   19   24    1    2    3
   17    7    4    4    2
    7   20    1    1    2
   17   28    4    1    2
   12   13    2    4    2
   22    9    3    1    2
    4   30    1    3    2
   24    7    4    2    2
   29    2    3    3    2
   23   10    2    2    2
   29    8    1    4    2
   19   18    3    3    2
   14    7    4    4    2
   17    9    3    4    2
   20    1    2    1    2
    2   23    1    2    2
    3   22    3    3    2
    2   22    4    2    2
   11   28    3    1    2
   10   27    4    1    2
   30    9    1    4    2
    4    5    4    4    2
   17   17    1    4    2
   30    1    1    2    2
   30   10    3    4    3
   23   29    3    3    8
    8   24    2    3    9
    3   14    2    1    9
   20   30    4    3    9
   14   13    1    2    9
   15   26    1    3    2
   11    6    4    3    3
   26    9    2    4    9
   30   11    1    3    9
    5    8    4    2    9
   15   20    1    4    9
   28   28    2    4    9
   16   23    2    2    9
    4   27    3    3    2
   19    6    1    4    9
   24   12    1    1    1
   18   14    1    2    8
    7   19    4    2    9
   17    2    1    1    2
   23   14    1    1    2
    9   14    4    2    2
    6   15    3    2    9
   18   26    2    3    2
   26    3    4    3    2
   16    2    1    4    2
    8   12    4    1    9
   16    4    3    4    2
   16   30    2    2    8
   22   24    1    4    1
   21    9    3    4    1
    9    2    2    1    2
   10   24    1    1    3
   11    4    2    4    2
    5   19    3    3    8
   26   12    4    3    8
    5    5    1    4    2
    4    6    3    3    8
    3    3    3    2    2
    1   15    3    1    3
   30   19    1    2    8
    6   13    4    2    3
   12   27    3    1    7
   15   19    2    2    7
   18   13    4    2    3
   15   24    4    3    9
    4   26    2    4    8
    2    6    2    3    3
    7   27    2    3    7
   11   26    3    4    7
    4   22    3    4    9
    1   21    2    2    9
   30   23    2    1    1
   23   22    2    2    1
   19   19    2    3    1
   17    3    2    3    1
    5   18    2    1    9
    2   28    3    1    2
   19   27    3    1    9
   13    1    4    1    9
   25   16    4    3    8
   13   17    4    4    2
    5   25    3    3    9
    7   30    1    3    3
   30   27    2    4    2
   13   20    2    2    9
    9   11    2    3    2
   25    9    1    3    1
   23   15    2    2    1
   10   16    4    3    4
   25    3    3    4    1
   27   24    2    3    7
    4   20    2    4    8
   18    8    4    4    9
   21    6    2    2    3
   20   21    3    2    4
    7   12    2    2    9
    1   24    3    3    9
   17   18    3    3    9
   15   12    1    1    3
    8    7    4    4    7
    5   27    2    1    8
   10    9    2    2    9
   21   19    4    2    3
   29   21    4    4    3
   29   25    2    3    3
   10   10    2    1    9
   24    9    3    2    3
   16   27    1    2    2
   13   28    3    2    2
   17   30    4    3    9
   21   14    4    4    4
   19   23    2    3    3
   22   22    1    3    9
   16    8    3    1    3
   16   22    1    4    3
   10    3    4    3    3
   29   19    3    2    3
   15   18    3    1    9
   11   11    2    1    9
    2   19    1    4    9
    1   25    1    3    3
   27   26    4    2    3
   28   22    3    1    9
   19   25    2    3    8
   19   13    2    2    8
   14   20    3    4    9
   24   26    2    3    2
   29   15    1    1    9
    1   10    3    4    2
   19    9    3    3    9
   23   28    4    4    8
    1    7    1    2    8
   18   28    4    3    8
    8   22    1    1    2
   29   16    3    1    8
    2   27    2    2    7
   28   24    3    1    9
   17    5    2    3    3
    6   24    3    3    9
   20    2    4    3    8
   21   24    3    4    2
   21   12    4    1    9
   24   20    3    1    2
    3   19    3    4    9
    5   28    4    4    2
    7   21    3    1    3
   11   21    3    4    3
    7   28    4    4    8
   16   21    3    4    3
   18   23    3    3    5
   18   18    3    1    5
   13   29    4    3    4
   23    5    4    2    4
    8   25    2    3    4
    7   29    1    1    4
    8   15    3    4    8
   29    3    4    3    7
   26   23    3    2    7
    1   27    4    3    4
   30   30    1    3    4
   24    3    3    2    9
   17    8    3    2    8
   11   20    3    1    2
   19   14    1    1    3
   11    3    4    3    9
   27   27    4    1    9
   20   29    4    3    8
   10   29    4    3    9
   12   16    1    3    2
   12    5    4    4    9
   15   22    4    3    3
   13    9    4    1    9
   29   26    4    1    3
   10    5    4    3    8
   28   12    1    1    3
   11    1    2    1    9
   20   28    3    2    2
   23    3    3    3    8
   23   23    1    3    4
   12   11    1    4    8
    2    2    1    3    9
   10   15    3    2    9
   11   25    4    3    9
   13   15    2    2    9
   22   26    2    3    9
   28   30    1    2    9
    7   22    4    1    9
    9    6    3    4    9
   11   18    3    4    9
    9   28    3    3    2
   21   21    3    2    9
   26   26    2    1    2
   15   27    2    2    9
   17    4    4    1    8
   28   25    2    1    2
   22   11    2    3    9
   17   15    2    1    9
   17   22    2    2    3
   27   28    3    2    9
   16   17    2    3    9
   26    5    3    3    9
   20    8    1    2    2
   14    6    3    4    2
   26   17    1    4    2
   14   24    3    1    3
   17   14    3    2    9
   24   24    1    3    9
   30    8    3    4    9
   15    3    1    1    3
    4    3    2    1    9
   25   27    4    1    3
    2   11    4    3    9
   13    5    2    4    4
   23    1    3    2    9
    7   16    3    2    8
   12   23    3    4    2
    6    1    4    1    9
   25   22    1    2    4
    9   15    3    2    2
   22    6    4    2    2
   17   12    3    1    9
    8   13    3    2    2
   11   19    4    2    2
    5    3    1    3    2
   21   18    1    2    9
   30   24    1    1    9
   24   13    2    2    9
   21   22    1    2    9
    1    1    2    3    9
   29   28    3    3    3
   21    8    1    3    9
   22   20    4    3    9
    1   16    4    4    9
   26   28    1    1    3
   25   24    4    1    8
   26    1    2    1    2
    1    4    1    3    9
    9   27    2    4    3
   10    6    3    4    9
    2   13    3    2    2
    2    5    4    3    8
   24    4    2    2    3
   10   18    3    3    2
   18    1    1    1    2
   26    2    1    4    8
    8   27    3    2    9
   22   14    3    2    2
   17   11    1    3    9
   29    4    3    4    9
   29   30    3    1    9
    5   30    3    4    9
    9    8    3    2    9
   19    4    4    1    2
    6    7    2    1    9
   21   23    1    1    9
   18    6    2    1    3
   20    3    3    3    9
   26    6    3    2    2
   10   21    4    3    2
   28   16    2    2    9
   14   14    4    2    9
   28   15    2    3    9
   10   17    3    2    9
   11   15    4    1    3
   30   15    1    2    9
   18   16    3    1    3
   25   21    1    3    9
   10   26    2    4    9
    1   22    2    4    9
    6   17    1    2    9
    2    4    3    4    3
    9    5    3    1    9
   24   29    4    3    2
    7    7    1    4    9
   28   21    3    4    2
   27   13    3    2    2
    7   10    3    2    2
    7   25    2    4    2
   11    5    4    2    9
   20   23    3    1    2
    6   29    4    2    2
   18    9    1    4    2
    3   30    3    3    2
   15   14    4    3    2
   16    6    1    2    2
    9   29    2    3    2
    6   30    4    1    2
   10   11    4    2    2
   25   13    4    3    2
   28    3    2    1    9
   11   27    1    1    5
   30   12    3    2    7
    4   14    1    3    7
   11   23    2    4    8
    9    9    2    1    2
   29   11    2    3    2
    8    1    4    1    2
    4    4    2    4    9
   19   10    1    3    9
    4    9    3    1    2
   10   25    4    3    3
   30   26    1    3    9
   18    7    1    2    2
    8    4    3    2    8
   21   17    1    1    7
   11    8    4    1    6
   29   22    3    1    5
    2   10    4    3    5
    7    2    2    2    5
   24   11    2    4    2
   19   28    4    2    5
   27   14    1    4    2
   12    4    4    3    5
    6   27    1    2    9
   18   25    3    3    8
    6    6    3    2    5
   16   14    2    1    3
    3    9    4    4    9
   12    3    2    4    5
   24   17    3    2    2
   12    9    4    3    5
    5   15    1    3    2
   16   19    2    3    2
    8   26    4    3    2
   19    1    4    3    2
   23    6    3    4    2
   12   12    2    3    2
   21   27    1    2    9
