Rock1Type Rock2Type Rock1Token Rock2Token Rating
    2    8    2    1    1
   29   16    3    3    1
   16   24    1    4    4
   29    4    2    1    4
   17   20    2    2    5
   18   13    4    4    5
   20   20    1    4    6
   30    3    3    2    3
   19   12    2    2    5
   12    6    2    2    5
   30   15    1    3    1
   24   24    4    1    1
    6    1    4    4    1
   12    8    4    2    2
   26   26    1    2    7
   23   10    1    3    3
   12   12    3    2    7
   16    3    3    3    2
    4   19    4    1    4
   22   14    3    3    1
   19    3    4    1    3
   16   26    1    2    3
   20   29    3    2    5
   23   25    2    3    4
   29   10    2    4    3
   22    6    1    3    1
    3   14    1    2    4
   22   29    1    3    1
    3    8    2    2    5
   21   16    3    2    3
   26   15    1    1    2
   13    1    1    4    3
   30   28    4    4    2
   21   11    3    1    3
   22    8    1    2    1
   27   15    4    3    1
   26   25    3    3    5
    5   12    1    2    3
   12   29    1    1    1
   13   17    4    1    4
   21   20    4    3    1
   26    2    4    4    7
   11    5    4    1    5
   30    5    3    2    4
    1   26    1    2    1
   23   29    2    2    1
    4   13    3    3    5
   23   28    4    2    4
   30   27    4    2    2
   24   21    1    1    1
   12    4    1    2    4
   27   21    4    1    1
    6   26    2    1    6
   24   30    4    1    1
   26   29    1    3    6
   27   18    1    3    3
   18   10    2    3    3
   13   23    4    4    2
   10   24    3    3    1
   22   18    1    1    2
   28   15    2    2    1
    3    1    2    2    6
   17    5    3    3    2
   23   20    2    4    1
    3    6    3    1    1
   13   30    2    2    1
    5    8    3    2    4
   11    7    4    3    5
   25   24    1    2    1
   20   16    2    1    3
   14    1    2    3    4
   24    4    1    3    1
   20   13    4    3    1
   26   27    1    4    1
    1   22    2    4    3
    3   18    3    4    4
    7   23    4    1    1
    6   19    4    2    6
   28   12    3    1    6
    9   17    1    2    1
    2   23    1    2    1
   18   30    3    3    6
    1   28    1    1    1
   14   16    2    2    1
   28   16    3    1    1
   30   20    2    4    3
   16    2    3    2    3
   11   24    1    2    1
    9    3    1    1    4
   13    9    2    1    3
   11    8    1    3    2
   25    7    2    2    1
   21   18    2    4    3
   14   14    2    4    5
   27   10    3    4    4
   12   24    2    1    3
   18   12    1    1    2
   25   30    1    4    6
   22    3    2    1    5
   17   25    1    3    6
   18   24    2    3    3
    7   24    1    4    4
    5    9    2    2    3
   22   11    2    1    5
    4    6    2    1    3
   30   30    4    2    6
   24   29    1    1    2
    1    9    2    3    2
    6   21    1    2    7
   29    7    1    1    2
   27    8    4    2    1
   28   14    1    2    3
   27   28    3    1    6
   10    4    3    2    7
   27    6    1    1    3
    7    7    2    1    2
    5   24    3    2    1
   24   26    1    1    1
   15   24    4    1    3
   23    9    4    4    2
   26   20    2    4    5
   13    2    3    1    5
    2    9    1    2    5
   26   28    1    4    2
   18    6    2    1    3
    5    3    2    1    8
   19   20    2    2    7
   24   14    4    3    1
   12   25    3    4    4
   28   24    4    3    3
    6   30    1    1    3
    2    7    2    3    2
    7   12    2    3    6
   28    5    1    2    4
   13   22    4    2    5
   24   22    1    4    1
    1   15    3    4    3
   14   17    1    3    7
    8   16    1    3    2
    4   18    3    4    2
    6   28    1    1    2
   14    6    3    1    2
   14   15    3    3    1
    7   20    1    2    1
   10    7    1    4    1
   11   17    2    4    3
   27    3    3    4    1
    1   10    2    1    2
   30   21    2    3    4
   23   23    2    3    4
   18   23    4    1    2
   27    5    1    3    1
   29   21    4    3    1
   15    9    2    4    1
   30   22    1    3    1
   21    4    1    1    2
   23    1    1    4    1
   17   18    4    3    4
    3   28    1    1    1
   18   15    1    4    5
   17   22    4    3    3
   20    1    3    3    2
   25    6    3    4    2
   27   13    2    3    1
   19    7    4    3    5
    2   27    1    1    1
   12   13    1    3    1
   25    9    2    2    2
   26   30    3    2    2
   21   28    3    2    2
    9   26    3    3    3
   17    1    4    4    5
   29   11    4    3    5
   12    2    3    2    2
   21   21    1    2    6
    6    6    3    1    6
   13    6    1    1    3
    2   22    2    1    5
   28   19    2    2    3
   11    6    2    3    3
   16   17    4    3    4
   30    1    2    2    3
   16   19    3    1    4
    5    2    4    3    5
    9   28    3    1    1
   19   29    1    3    4
    7   15    3    3    5
   16   10    1    2    4
   19   26    3    1    3
   16   16    3    4    6
   20   25    2    4    5
   24   20    3    3    2
    4   26    2    3    3
    6   15    4    1    2
    8   28    1    3    1
   25   25    2    1    3
   19   13    4    2    3
    9   10    1    2    2
   30   11    3    2    3
   26   17    1    3    3
   13   13    4    1    8
   27   27    1    4    8
    3   10    3    2    4
   11   18    1    2    3
   23    3    1    1    1
   27   24    2    1    1
    4   22    1    1    3
   20   10    4    2    2
   10   19    2    2    1
   12   15    2    4    5
    3   11    3    1    4
    3   15    3    4    4
   29    5    3    2    2
   19   19    1    3    9
   10   10    1    3    7
   12    3    1    3    4
   21    9    1    2    4
   21   22    3    4    1
   26   18    4    4    4
   21   12    3    3    6
    3   24    2    1    4
   21   17    4    4    3
    3   26    4    2    3
   19    9    3    2    5
   17    4    2    2    3
    5   15    2    1    4
   19   21    4    2    4
    3    4    3    2    5
    2   14    2    4    3
    9    9    4    3    7
   21   13    2    4    4
    4   11    2    3    5
   13   16    1    2    5
   16   11    3    2    1
   17   17    4    2    4
   15   25    4    2    6
    4    2    4    4    8
   21   23    1    1    1
   18   20    4    3    3
    5   26    1    3    2
   20    3    4    4    2
   14   27    1    2    2
   29   30    3    4    3
   24   19    4    2    1
   13   15    2    3    5
   28   20    2    3    1
   12   10    4    1    2
    4    4    4    1    6
    2    2    3    2    7
    2   18    3    4    4
    7   28    1    4    2
    8   21    1    1    1
   12   27    1    4    3
    8    8    1    2    2
    6   16    1    2    1
   21   26    3    3    1
   25   27    4    3    1
   25    4    3    2    3
    4   16    1    1    3
    9   16    3    4    2
   28   22    3    1    4
    2   17    2    1    3
   28   17    2    1    4
   19   22    1    1    2
    3   29    4    2    1
   10    8    1    4    2
    8   13    1    3    1
   17   30    1    1    5
    1    7    3    1    3
   16   12    3    3    4
   26    7    4    1    3
   25   13    3    4    4
   23   16    4    1    4
   27   20    2    2    3
   26   11    2    4    3
   16   22    2    1    2
   14   29    3    3    5
   21   15    1    1    1
   21   25    1    3    1
   25   28    2    3    1
   28   11    1    3    1
   15    2    2    4    3
   20    5    3    2    3
   16   18    3    1    3
   26    8    1    4    2
   11   20    1    2    2
   19   23    3    2    2
   22   25    4    4    5
    8    7    1    1    2
   30    2    1    4    5
   12    1    2    1    5
   23   11    3    1    4
    9   11    4    1    4
    4   28    4    2    1
   19    8    2    4    3
    2   21    4    3    5
    1   18    2    2    5
   20    6    1    1    1
   27   29    1    2    1
   23   22    1    3    4
    7   22    1    1    2
   14   23    4    3    2
    4    7    3    4    2
   18    9    1    2    4
    4   20    4    3    1
   10   30    4    3    6
   18   25    2    4    4
    8   23    1    1    1
    8    1    4    4    5
   20   22    3    2    4
   14   18    1    1    4
   23   12    3    3    5
   17   29    4    1    4
   11   12    3    2    5
   17   23    2    1    1
    5   19    3    1    3
   21    3    4    1    2
   17   27    3    3    2
   16    7    3    1    2
   25    1    3    1    1
   22   26    1    2    2
    8    4    3    4    3
    3   13    4    3    2
    5    6    1    2    2
   25   29    1    3    6
    6    9    3    1    2
   11   13    3    3    3
   14   26    4    3    3
   22   12    2    3    4
    7    3    1    2    2
   13    7    2    3    1
    6   17    2    3    6
    6   24    2    2    1
    5    7    1    1    4
    6    8    3    4    2
    7   14    4    4    2
    8   15    2    1    2
   12   20    4    1    1
   24    8    4    4    1
   10   13    4    3    4
   28   29    4    4    3
   14   13    3    2    2
   19   14    3    4    5
    9   20    4    1    1
   17   15    4    1    6
   18   29    1    2    4
   29   29    4    1    7
   16   30    2    1    5
    1   21    4    1    3
   10   26    3    1    3
   11    2    1    4    5
   29    6    4    3    2
    3    3    1    4    6
    4   27    2    2    1
    8    9    2    3    2
    1   19    3    2    3
    1   11    3    1    3
   24    9    1    3    2
   22    9    2    2    4
   11   11    3    2    5
   28   28    1    3    6
    7   30    2    2    4
   25   16    3    4    6
    8   25    1    1    3
   10   15    2    1    3
   19   17    3    1    5
    5   13    4    4    4
   21    7    3    4    4
   17   12    3    1    4
   10   22    2    2    2
    2    6    4    2    5
   23    4    3    3    2
   19   11    4    2    3
   14   21    4    4    5
   20    8    4    1    1
    5   16    4    4    5
   11   14    3    4    6
    7    9    2    2    2
   25    5    4    2    5
   23    5    1    4    1
    9   14    4    4    4
   14   30    4    4    5
   25   14    1    4    5
   27   22    4    2    1
   18    5    1    4    5
   11   25    3    2    5
   11   15    4    1    3
   15   15    4    1    6
    5    5    1    3    6
   17    7    2    3    6
   23    6    1    4    5
    2   10    2    2    5
    1   29    2    2    4
   14    5    4    2    4
    1    1    2    4    6
   23   27    1    2    2
   28   10    4    4    2
   27   16    3    4    3
    3   17    4    4    5
   29    2    1    3    5
   30   12    2    2    4
   22   15    3    1    1
   23   24    3    4    2
   16    1    3    1    2
   29    9    2    3    3
    5   22    2    3    2
   14    8    3    4    2
    9   27    1    2    1
    5    1    3    1    3
    9   30    2    1    3
   14   12    1    1    3
   10   21    4    3    3
    4    1    4    4    2
   19   30    3    1    5
   24    2    4    1    3
   24   13    4    4    3
   17   10    1    4    4
   10   14    2    4    4
   28   18    4    3    2
   22   22    4    3    6
    2    1    2    2    3
    8   29    4    3    2
   28    2    3    3    1
    2   20    2    4    1
   26   13    2    1    5
   11   10    2    2    4
    8   30    3    1    3
    4    5    2    2    2
   25    3    4    1    2
   15   20    3    4    1
   17   24    2    3    3
   29   13    3    4    6
   15   16    3    1    7
   18   18    3    1    8
   24    1    2    1    1
   13   28    3    4    3
   23   26    2    3    2
   23   30    4    3    3
    7   27    2    1    4
   23   15    3    3    1
    2   25    4    4    5
    4   30    3    2    4
    7   18    3    2    2
    4    9    2    2    4
   17    8    4    1    4
   20   14    2    2    6
    5   21    4    3    4
   25   19    2    4    3
    2    3    1    2    2
   29   15    2    4    2
   26   12    1    3    3
    5   10    2    2    4
   27   11    1    3    2
   15    4    1    3    1
   27   19    1    4    2
    1   27    4    2    2
    8   18    4    3    4
    7    6    3    3    6
   25   10    4    4    4
    4   14    3    2    3
    6   10    1    2    2
   18   19    1    2    5
    9   12    2    4    3
   19    2    4    3    4
   15   19    1    3    1
