Rock1Type Rock2Type Rock1Token Rock2Token Rating
   27   29    2    3    2
    2   17    1    1    2
   29   25    1    2    4
    9   10    4    1    3
   10   12    3    2    6
   28   20    2    4    4
    4   18    4    4    5
    8   13    2    1    7
   10   23    2    3    4
    1    7    1    1    3
   23    7    1    1    3
   17   19    3    4    6
    1   11    2    2    4
   11   28    2    2    4
   16   10    4    1    3
   25    9    4    2    2
   18   26    1    1    6
   11   17    3    2    7
    6   26    4    4    9
   17    7    3    4    6
   11   16    4    4    6
   21   18    1    4    6
   28    5    4    1    7
   29   12    4    2    4
   22   29    1    1    4
   10   14    1    4    7
    9   13    3    4    3
    4    7    3    3    4
   22   11    1    1    6
   25   15    3    1    8
   17    3    3    1    8
   12   23    4    2    2
   10   24    2    3    4
    2   27    3    1    2
   11   20    2    1    2
   23   29    3    1    2
    1   25    2    3    8
   25    5    4    1    4
   20    7    1    2    2
    2   20    1    4    2
   18   16    4    3    7
    4    9    2    1    7
   22   24    1    1    6
   12   20    2    2    4
    9   22    3    4    6
   15   15    4    1    7
   30   30    2    1    8
    6    8    3    1    4
   30   23    3    4    4
   29    4    4    2    7
    5    6    4    2    3
    9   15    2    4    6
   14    8    3    4    2
    2   11    2    2    9
   17    4    3    1    6
   10   20    2    1    6
    7   22    4    3    4
    5    2    3    4    4
    5   22    2    2    4
    2   18    1    4    6
    8   23    1    1    2
    6   23    1    4    3
    2   29    2    4    7
   26    3    1    2    4
    2   24    3    4    4
   27   25    3    2    3
   28   26    4    1    3
   14   29    3    4    7
   21   25    2    3    6
    8   25    1    4    3
   27   27    3    4    8
   22    4    3    3    9
   10   26    3    1    4
   30   15    4    4    6
    1    2    1    1    6
    2   16    4    3    4
    2   12    4    3    4
    1   27    2    1    3
    3   11    4    3    3
   18   25    1    1    9
    3    8    3    4    3
   21   16    1    2    3
   18    5    4    2    4
   19   27    2    3    4
   15   12    1    3    3
    1    4    4    3    3
   26   14    4    3    6
   24   18    3    4    5
   27   21    1    1    7
   24    9    3    4    4
   12    9    1    3    4
   12   30    1    4    4
   18   22    3    3    4
   25   20    3    4    6
   24    5    2    1    3
   30   25    1    1    6
   14   24    4    3    3
   11   13    1    4    8
   17   29    3    3    5
    9   20    4    3    3
   10    3    2    3    3
   14   25    4    2    4
    3    4    4    2    4
   12    8    3    1    3
   13   20    4    4    3
   26   26    4    1    7
   29   18    4    2    4
   22   26    2    2    3
   10   10    1    4    6
   11   11    2    3    6
    6    2    1    4    4
    6   13    4    1    4
   18   15    4    4    6
   19   18    4    4    4
   28   17    4    2    3
   22   19    1    1    2
   13   25    1    4    4
   21   12    1    4    8
   22   28    1    1    9
    9   29    1    4    2
    8   27    3    3    7
   17   12    4    1    7
   20    5    2    1    3
   11   27    4    1    3
   18   18    2    4    7
   14    3    4    4    4
   17   21    4    2    4
   23   22    3    2    7
   21    9    4    4    2
   16   27    1    4    3
    1    5    1    4    4
   12    4    2    3    2
   15   21    3    4    2
   18   28    3    3    2
   16   29    2    4    3
   20   21    1    3    7
   19   20    1    3    3
   28   10    1    1    2
    1   14    1    3    4
   22   30    4    1    2
    3   30    3    2    2
   22   17    3    4    2
   22    1    2    2    2
    7    7    3    4    4
   15   16    1    3    6
    3   19    3    2    2
    8    2    3    4    2
   27   23    4    3    2
   24   24    1    4    2
    4   23    1    3    2
    3   23    3    1    3
   18    6    2    4    6
    6    9    2    2    2
    8    7    4    2    4
   26   20    2    2    6
    6    6    4    1    9
   13    2    1    4    6
    8    4    1    3    6
   26   27    4    4    5
    6   10    1    1    3
   21   10    4    4    3
   22   22    2    4    3
   28   19    3    3    3
   30    7    1    2    3
    7   26    1    3    2
   28   28    3    4    8
   29   21    1    1    5
    7   10    4    3    3
    1   15    2    1    6
   28    2    4    4    4
   16    9    2    4    3
   11    7    1    2    3
    5   21    3    1    3
    8   24    4    2    6
    9    2    1    3    6
   10    2    4    2    6
   16   20    1    2    4
   15   10    1    4    6
   14   17    2    2    6
   15   22    3    4    4
   27    4    3    2    2
   10   29    2    4    3
   13    1    3    1    2
   16    6    1    4    2
   24    7    2    2    7
   27   20    1    2    8
   28    1    4    4    3
   18    3    4    4    5
   10   27    4    3    3
    8   19    1    2    6
   14    6    4    1    3
   15   14    3    4    3
    5    5    3    1    8
   20    6    4    2    8
   10   30    2    2    8
   14   19    2    1    7
   14    5    2    1    6
    7   19    2    4    8
   17    9    1    2    6
    6   24    2    2    2
   29    1    4    4    2
    9    5    3    1    2
   11   21    2    3    3
   13    5    2    4    7
   12   25    3    4    3
   21    4    2    3    3
   23   15    4    2    2
    4   25    2    1    2
   30   19    1    2    6
    7   27    4    4    6
    8   22    1    2    4
   16    7    3    3    2
    4   14    3    3    6
   23   23    4    2    7
   26   11    4    4    7
   16    5    4    2    4
    1   16    2    2    4
   13   30    4    3    4
    5    7    2    1    4
   19   24    1    1    4
   19   26    1    2    6
   23   19    3    1    6
   13   12    2    4    6
   23    2    2    1    7
    3    5    3    1    7
    1   17    2    3    6
   24   16    3    3    4
   11   19    1    4    3
   28    3    3    4    3
   15    7    3    3    3
   23   24    2    3    3
    2    7    3    1    2
    8   17    4    3    3
    3    3    3    4    8
   22    6    4    4    3
   29   19    1    2    3
    5    8    1    2    4
    9   26    2    3    3
   18    9    1    2    3
    6   30    1    2    6
    3   20    4    3    3
   22   13    1    4    3
   12   14    1    4    3
    2    4    2    4    9
    8   30    3    1    3
   16   12    2    4    2
   28   23    3    4    2
    1    8    1    4    2
   29   15    2    3    2
    4    4    3    1    9
    6   11    1    1    5
   29    3    3    3    3
    5   17    3    2    3
    3   16    3    1    2
    5   30    4    1    2
    6   27    4    4    8
   17   17    1    4    6
   25    7    3    2    3
   15   20    1    2    6
    2   25    3    3    3
   18   12    3    4    3
   13   15    2    2    3
   30   20    3    2    9
   19   12    4    2    9
    9    3    3    3    6
   30   21    4    1    6
    6   15    3    3    2
    9   19    2    1    6
   26   16    1    2    2
   12   12    4    3    4
   14    2    1    4    4
   30   29    1    4    6
   15    3    2    3    4
   26   15    1    4    4
   10   18    2    1    8
   12    5    3    4    2
   11   14    3    4    2
    1   20    2    1    2
    7   21    4    3    2
   30    9    1    4    2
   22   10    1    4    4
   11    8    3    2    3
   18   11    4    4    6
    8   18    3    1    6
    8   29    4    3    2
    5   11    1    1    3
   24   21    1    4    2
   30   18    3    3    6
   14   30    1    1    6
   10   13    1    1    2
   25   25    1    3    6
   26   30    1    4    6
   14   16    2    4    6
   26    2    1    2    3
    1   30    3    3    2
    3   27    3    4    2
   13   21    2    3    2
   19    2    3    4    6
    1   12    4    3    3
   20   20    1    3    6
   24   25    4    3    2
   18   27    4    1    2
   24   29    4    2    2
    9   11    4    1    2
   10    8    1    1    2
   10   19    3    4    6
   25   22    1    4    2
    5   23    2    3    6
   21    6    1    2    7
   14   18    4    1    7
   23   21    4    1    6
   13    7    1    1    7
   11   10    3    2    3
    3    2    2    4    3
   17   16    4    1    6
   15   11    3    4    3
    8   16    4    4    6
   21   28    1    1    6
   21    2    2    1    3
   15    4    4    2    3
   16   25    2    1    6
   13   24    3    3    3
   27    5    4    3    3
   30    4    1    4    3
   26   13    2    2    3
   24    3    1    1    2
   17   30    1    2    2
   13    3    1    2    2
   26    5    3    2    2
    9    1    1    4    2
    3   25    2    3    4
    6   25    2    4    4
   15   19    1    1    2
   17   27    2    3    7
   27   13    1    4    3
   24   12    2    2    3
    3    1    1    4    8
   13   17    3    3    2
   29    7    4    3    2
   24   20    4    2    2
   20   29    3    4    6
   17   18    4    3    6
   12    6    3    1    7
    4    6    3    2    7
   24   15    1    4    2
   16   13    4    2    3
   25   10    2    2    6
    1   26    2    4    2
   23   18    1    2    7
   10    5    3    2    7
   15   17    2    2    7
   14   13    1    2    7
   23    9    1    4    2
    3   21    1    1    3
   14   20    3    1    7
    6   28    1    3    3
   19    4    3    4    3
    9    9    4    2    8
   30   11    1    3    7
   10    1    1    3    7
   25   23    2    2    5
   23   20    4    1    4
    5   29    1    3    3
   22    2    4    1    3
    8   20    4    1    3
    5   19    4    1    3
   30   27    3    2    3
   15   27    4    2    3
   16   16    3    2    8
    8   21    2    3    3
   29   28    3    4    3
    7   18    3    4    3
   30    2    1    2    5
   13   19    2    3    6
   29   29    2    1    6
   27    9    2    3    3
   13   28    3    3    3
    1   23    1    2    2
   27   12    3    3    2
    8    9    4    1    3
   21    1    2    3    2
   24   17    3    4    2
    1    6    3    1    2
    8   26    4    3    2
   19    6    1    4    3
   22   20    2    3    3
   25   26    3    4    6
   15    5    1    4    3
   14   22    1    1    6
   14   27    4    3    3
    3    7    3    4    2
   18   20    4    2    2
    1    1    2    3    2
    9   14    1    3    3
   16   19    1    4    4
   28   25    4    3    3
   11   29    4    2    2
    8    8    3    4    7
    7   28    2    4    7
    8   28    2    1    5
   17   23    4    2    4
   23   14    2    4    4
    9    7    3    1    6
    5    4    2    2    4
   22    3    2    1    2
   26   21    3    3    2
   12   22    4    3    3
    6   17    3    2    2
   11   23    4    4    2
   12   11    4    4    2
   28   15    1    3    3
    7   12    4    2    3
    8   15    1    3    4
   21   14    1    2    8
   14   14    3    4    3
   14   28    1    4    3
   21   21    4    1    8
   12   28    2    1    7
   28   30    1    4    2
   26    4    1    1    2
   29   26    4    1    2
   10   17    1    2    2
    4   13    4    1    4
   25   19    2    1    3
   28   27    4    2    9
   28   24    4    1    3
   16   23    4    3    3
   14    7    4    2    3
   23   13    2    3    2
   29   13    4    2    4
   17   20    3    4    4
   28    4    2    2    2
   24   30    3    1    2
   26   17    2    4    8
    2    2    1    4    8
    4   24    3    2    3
    6   29    1    2    3
    7    6    4    4    2
   12   26    4    4    4
   27   22    3    2    3
   11   24    3    2    2
   16   28    3    4    6
   26   24    2    2    3
   16    4    3    1    6
    3   12    3    3    3
    4   10    4    2    3
   19   19    3    2    2
   13   13    3    4    8
   16   30    1    1    4
    1   24    1    1    5
   22   16    4    4    6
    1   18    1    3    6
    1   19    4    1    6
   22   21    3    2    4
   26   23    2    3    3
   11   25    4    3    3
   27   24    4    4    2
   18   13    3    4    2
    4   20    4    3    2
   17   25    4    1    7
    2   15    2    4    3
    6    3    3    2    4
    4   11    1    1    8
    9   28    1    2    2
   21   19    3    4    3
