Rock1Type Rock2Type Rock1Token Rock2Token Rating
   23   15    4    1    7
    4   23    2    4    8
   26    1    2    1    6
    5    5    3    1    8
    3   29    4    1    6
   10   21    4    3    7
   22    5    4    4    7
    1   20    4    2    7
   16    7    3    2    7
   16   26    3    1    6
   24   28    4    1    6
   19   26    1    2    8
   23   23    4    2    4
    9   15    2    3    4
   16   25    1    1    5
   13   16    1    2    6
   22   20    1    2    3
   28   12    4    4    7
   12    8    2    3    6
   16   20    1    4    6
   23    5    3    4    4
   22   23    1    2    4
   28   22    1    3    3
   11   23    2    2    4
   17    9    2    2    4
   23   24    1    3    4
   15   28    3    3    4
   19   19    3    1    8
   14   12    4    2    8
    2   16    3    1    6
    6    5    4    1    4
   14   14    1    2    4
   18   25    2    3    3
    7   23    3    2    4
   28    8    2    3    3
   27   30    1    4    4
   27   19    3    3    3
   27   16    4    2    4
   10   25    2    4    6
   17   29    2    1    3
   22    8    1    2    3
    2   21    4    1    6
   22   12    3    1    6
   27   12    1    4    5
   19   16    1    4    5
    9   21    4    2    5
   21   22    1    3    4
    6   18    4    1    5
   27   10    2    3    6
   22   14    1    4    6
   20   11    2    1    4
    9   28    4    1    3
    8    6    3    3    2
   27    6    3    2    4
    9   24    2    3    6
    4   30    4    2    5
   26   13    4    2    4
    7   26    3    4    7
   29    8    3    2    3
   26    5    1    4    3
    1   30    1    4    8
   27   25    2    3    5
    6   15    3    2    4
    4   25    4    2    7
   17   30    4    2    6
   20   26    2    4    5
    6   17    2    2    6
   26    2    4    4    8
   26   10    4    1    8
   30   29    1    1    8
   14   17    1    3    8
   11   21    1    1    8
    9    9    4    3    8
   15   25    2    1    8
    9   12    2    4    6
    6    2    1    3    8
    9    4    3    4    6
   23   17    4    2    8
   28   13    4    4    6
    8   14    4    1    6
   16   28    2    3    3
   15   27    3    3    3
   25   25    1    2    6
   29   11    2    3    7
   14   20    4    3    6
   11    4    3    2    7
    7    8    1    4    6
   24   29    4    4    4
   15    5    3    2    4
   14   11    2    4    7
   25    3    3    1    7
    3   23    4    3    6
   19   14    3    3    4
   14   27    3    3    4
    4    4    2    1    6
   16   14    1    1    4
   13    2    3    1    6
    8    4    1    3    5
   13   11    3    4    7
    3   28    3    1    3
   17   20    1    2    8
   20   19    4    1    4
    5   20    1    2    3
   30   26    1    3    6
    2   15    4    3    2
   17   13    1    4    4
   27   22    3    4    8
   30   11    3    1    8
    6   20    1    4    7
   13   18    3    2    7
    6    3    1    3    7
   18    2    3    4    4
   10   14    3    4    6
   29    5    3    3    6
   20   20    2    3    7
    1   21    2    4    8
   24   14    2    3    4
   30   25    3    2    8
    2    8    2    3    3
   13    9    2    4    4
   11   26    2    3    3
    7   22    3    2    4
   29   19    1    3    6
   24    6    2    1    2
   17    5    2    4    5
    1    3    1    3    4
   12   29    3    1    3
    2    4    2    3    7
    8   19    3    2    3
   28    7    1    3    3
   16   12    2    1    5
    9    2    3    1    6
    6   14    4    1    6
   27   27    4    2    9
   19   22    2    1    8
    7    3    1    1    7
   18   14    3    2    6
   16    9    3    1    7
    3   27    1    2    6
   21   27    4    2    3
   27    8    3    2    3
   19    2    3    4    6
    1   10    3    2    4
   19    7    3    1    9
   14    7    1    1    2
   25    2    3    4    3
   16    5    3    4    8
   25   24    3    2    2
    7    6    3    2    8
    7    4    4    4    3
   14   21    4    3    7
   24   18    4    4    2
    7   18    3    2    2
   24    4    3    1    8
   22    2    4    3    3
    9    1    1    2    2
   17    7    1    2    8
   27   17    3    2    3
   29   27    3    2    8
   10   20    2    1    8
    4    1    3    3    3
   21    6    3    1    8
   30    2    3    3    8
    8    1    4    3    7
   15   18    4    1    7
    3   15    2    3    6
   30    7    1    3    4
    6   29    2    4    7
   30   20    1    3    8
   26   14    4    4    8
   30   28    2    3    7
   13   29    2    3    3
   20   12    2    4    2
    8   18    2    1    8
   10   12    4    3    7
   11   11    3    4    9
    3   19    2    3    8
    7   27    3    3    3
   11    3    2    2    8
   22   30    2    4    2
    6   28    1    3    9
   15   14    3    2    4
    4    3    2    2    6
    4   12    2    4    7
    9   25    1    4    2
    7    1    3    1    7
   19   30    2    3    8
   10    7    4    1    3
   18   28    2    2    9
   14    2    3    3    8
   29    1    3    4    2
    3   17    3    2    2
   15    4    1    3    2
   20    7    2    3    2
   26   26    4    1    7
   15   21    3    1    2
    6   19    3    2    7
   10   30    2    4    8
   23    6    1    2    2
   11   24    2    3    8
   16   10    2    3    7
   17   28    4    1    2
    4   13    2    1    7
   22   22    2    4    3
    4   17    4    3    8
   21   25    1    3    3
   25   23    1    1    7
   13   25    3    1    3
    8   10    3    3    8
   10   10    3    1    8
   24    3    1    3    3
    1    6    4    3    3
    7    7    2    1    8
    1   18    3    3    7
   23   13    4    1    2
   23   10    2    1    7
   15   13    1    3    2
   19   23    4    1    7
   16   21    4    1    8
   15    8    2    3    9
   15   29    3    2    8
   16   15    2    4    8
   19    5    1    4    8
   21   24    1    3    3
   22   11    1    3    7
   13   27    1    2    3
    8    8    1    3    8
   26   17    2    4    3
   17   12    3    2    9
    5    8    4    4    7
   11    8    2    3    8
   27    4    1    1    7
    1   28    1    1    3
   28   29    2    2    3
   19   15    1    1    2
   27   20    1    3    3
   26    6    1    4    4
   12   13    3    2    3
    2   11    3    4    8
    1   23    1    1    2
    9   10    2    2    7
   13   20    3    3    6
   21   12    4    2    7
   23   14    3    3    2
    4   10    3    3    8
   12   19    1    1    7
   30   23    1    4    7
    5   27    4    2    7
    1    1    2    4    9
   10   11    1    4    6
    7   11    3    1    2
   25    7    3    2    3
   26   27    3    4    2
   27   11    3    1    3
    3    2    1    3    5
   29   14    1    4    4
   18   18    4    2    8
   24    5    4    1    3
   23   18    3    3    8
   12    6    4    2    9
   21    7    3    2    9
   17   18    4    2    4
   16    3    3    2    6
   26   18    3    1    2
   10   29    1    3    8
   25   28    1    3    2
   11   15    3    3    8
   29   22    2    4    3
   12    1    1    1    7
   11    9    1    4    6
    3   22    3    2    3
    5    7    4    4    3
   17   21    1    2    8
    3   12    1    4    3
   28   19    1    1    7
   10    3    2    3    3
    1   19    2    3    3
   27   28    2    2    9
   28    4    2    1    3
    8   20    3    1    3
   21   18    3    1    3
    5    1    2    1    3
   19   11    2    4    5
   30   15    2    1    8
   15   26    3    2    8
   13   19    1    2    9
    2   12    4    3    7
   29    7    2    1    5
   25    5    3    2    4
   10   17    4    2    9
   21   28    1    2    8
   22   17    2    3    7
    5   12    2    3    8
   30   14    2    3    2
   16   16    1    3    3
    1   16    1    4    9
   28    2    4    3    4
   12   11    1    4    2
   20    3    2    2    7
   24   20    2    1    8
   19   21    2    1    6
   17   11    1    1    8
   18   29    3    2    3
   18   20    4    3    4
   20   25    1    3    9
   20   29    1    3    2
    3    9    2    4    2
   16   17    1    2    8
    7   15    2    3    8
   12   12    1    2    2
    2   23    1    1    6
   22    6    2    1    3
   26   21    4    3    7
   19    4    3    3    8
    9    6    2    1    7
   29    4    1    1    4
   13   10    4    2    2
    4    5    1    4    8
   26   23    1    3    3
   15   22    4    3    7
    5    9    1    1    4
    6   11    3    1    4
   13   13    2    4    7
   10    2    1    3    3
   28   28    3    4    2
   28   23    3    1    9
    8    3    1    1    9
   18   19    4    1    3
   21   30    2    2    8
   24    8    4    4    3
   24   22    1    3    4
   16   24    3    3    5
   24   27    1    1    7
   17   19    1    4    8
   19   10    3    1    3
   27    1    4    1    2
   15   24    2    2    3
    4   22    2    4    4
    9   19    2    4    2
   12   25    3    3    3
    3   26    1    4    4
    6    6    4    1    8
    5   30    1    2    2
   22   18    4    4    3
   22    1    4    2    3
    9   27    3    2    7
   12   23    1    1    2
    7   24    2    3    2
   29    2    1    2    7
   25   26    3    1    2
   29   25    2    3    7
    3    3    1    3    2
   14   28    3    2    7
   20   21    3    1    6
    8   30    2    1    7
   18   10    4    2    4
   23   27    3    1    8
   16   22    4    3    2
   25    6    2    1    6
   26    9    2    4    4
   15    1    1    3    7
   17   24    3    2    3
   29   23    1    4    3
   17    8    2    2    3
   26   28    4    3    3
   29   29    1    2    7
    9   22    2    4    7
   30   16    2    4    4
    9   29    4    3    6
    2    7    2    2    7
   26   24    1    4    2
   30   12    2    1    3
   12   24    4    3    3
    4   14    1    3    7
    9    8    4    2    7
   14   25    3    3    4
    4   20    4    2    4
   18    4    4    1    4
   15   15    3    4    7
   28   20    3    4    7
    1   14    2    4    7
   27   18    4    1    3
    9    7    1    1    7
   30    3    2    1    3
    1   24    2    3    8
    6   16    4    1    3
    1   17    4    4    7
   21   23    2    3    7
   30   24    4    2    7
   12   18    2    1    7
   28    5    2    1    7
   18    3    2    2    3
   15   20    3    3    4
   26   22    4    2    6
   13    3    1    3    3
   25    8    2    4    7
   13   14    2    1    7
   24   24    4    1    7
   19   24    4    3    7
   24   10    1    2    7
    4    6    3    4    8
   23   20    4    2    6
    6   13    4    4    7
   25   19    1    4    3
    2    2    4    1    7
   26   12    4    4    8
    9   30    1    1    7
   11    5    3    1    2
   11   25    1    1    3
    1    2    4    3    6
   18   30    3    3    4
    1   13    1    3    7
    7   13    4    3    3
   21   29    1    2    8
   14    3    2    1    2
   15   12    1    1    8
   17    2    4    2    4
   12    7    2    3    7
   17   15    4    1    2
   16    4    4    2    3
    9   18    4    4    8
   15   10    1    2    4
   16   18    4    1    2
    1   25    3    2    7
    5    3    3    4    3
    5   14    1    2    4
   16   23    2    4    3
    8   16    3    3    8
   21    3    3    1    2
    2   24    1    4    9
   23    8    3    2    3
   22   25    4    1    8
   13   21    2    3    4
   25   17    2    4    2
   21   21    1    2    9
   16   11    3    3    6
    5   21    4    3    7
   30   30    3    1    4
   17   17    4    3    7
    6   10    2    4    4
    5   13    1    1    7
   22   13    3    2    4
   27    2    4    4    4
   28   11    3    4    9
   11   18    4    3    8
   30   13    4    2    7
   29   16    2    2    6
   24   13    3    1    1
    6   30    1    4    9
    8   26    2    1    8
    5   10    3    3    3
   21    8    1    4    6
    2   20    3    3    7
   22   10    2    3    2
   21    4    2    4    2
    9   23    2    4    4
    5   18    1    4    2
   20    9    2    4    2
   26    4    2    2    8
   28   10    2    3    9
    8   13    3    2    8
    5    2    3    3    7
   11    1    3    2    4
   26   29    2    1    2
    9   14    1    4    2
