Rock1Type Rock2Type Rock1Token Rock2Token Rating
   13    5    3    3    8
   29    9    2    1    3
   25   30    2    4    5
   18   18    4    1    5
    7    3    2    4    4
   14   12    3    2    7
   10    8    2    3    3
   19    1    4    2    4
   22   14    3    4    7
   17   23    4    3    5
    8   30    4    4    5
    6    3    2    4    4
    2    2    4    3    4
   11    6    3    4    3
   14   20    3    2    8
   16   24    3    2    4
   20    6    3    4    3
   21   11    1    4    4
   23   23    2    3    5
   19    2    3    2    4
    9   15    4    4    2
   27   28    3    1    3
   22   29    2    4    7
   14   14    2    3    8
    2   27    4    2    4
    8    1    4    2    3
   21   27    4    3    8
   22   22    2    4    3
   18   17    1    4    7
    9   12    1    4    6
   25    9    3    4    3
   27   30    1    4    5
   22    4    1    1    6
   17   28    2    3    4
   23   10    4    2    5
    5   10    3    4    5
    1    1    3    1    6
    8   26    4    2    5
    1   30    1    4    8
    2   12    1    3    8
   29   20    1    1    3
   10    6    1    4    4
   21   22    1    4    2
    8    5    2    2    1
   15   16    3    2    1
    6   24    3    2    5
   23    5    3    2    6
   29   12    4    4    2
   13   20    3    1    3
   25   19    2    3    8
    9   27    4    2    4
    7    5    4    1    2
   15   15    2    4    9
   29   17    2    3    4
   22    5    1    4    5
    9   28    1    2    3
   23   15    3    4    4
   19   12    1    4    5
    7    7    2    1    3
    5    1    1    3    5
   14   16    2    1    6
    5    5    1    2    5
   12    8    4    3    6
    9    3    2    2    5
   15    3    3    2    4
   16   20    1    1    5
    4   15    3    4    3
   12    1    4    1    6
   11    9    4    4    3
   22   26    2    3    3
   26   27    4    3    4
   23   20    3    1    4
    6   22    1    4    4
   19    6    2    1    6
   29   13    4    4    8
   28    4    3    2    3
   11   23    3    3    5
    3    4    4    3    7
   12   12    1    3    6
   20   22    1    4    3
    2   29    3    4    6
    4    4    2    4    9
   19   15    4    1    7
   13    2    4    4    9
   19    7    2    3    4
    7   16    3    4    3
   19   13    1    4    9
   23   14    1    1    4
   26    4    3    4    7
   22   18    1    3    5
    9    4    1    2    7
   29   28    3    3    4
   23    3    3    2    6
   11    8    4    1    8
   12   25    4    3    5
   15   11    2    4    7
   13   17    4    3    3
   24   22    3    2    7
    9   20    1    2    4
    6   13    4    4    8
   26   19    1    1    3
   12   18    4    3    7
    4   14    1    1    9
   12   24    3    4    4
   16   10    1    1    7
   22   17    2    4    5
   30   13    4    1    6
   26    2    4    1    8
   18   24    4    2    7
   24    8    4    1    4
   24   25    1    4    4
   15   27    4    3    6
   20   18    3    1    7
    9   30    3    3    6
   11    7    3    3    4
    1   28    2    3    8
    6    6    2    3    8
    8   17    4    1    6
   26   28    3    2    4
   18   13    3    1    6
   26    6    2    3    7
   28   10    3    2    6
   25   23    2    2    9
   12   15    4    1    3
   15    2    2    1    2
   24   23    2    4    3
    8    4    4    4    5
    3    2    1    3    4
    6    5    4    3    4
    3   13    1    4    6
   28   11    1    2    4
   22   13    2    3    6
   17    6    1    1    3
   11   11    2    3    6
   21   13    2    4    6
    5   16    3    2    6
   10   26    1    2    5
    6   23    3    4    7
    9    8    2    4    3
   21    5    2    2    4
   21   18    2    2    5
   20   27    4    2    6
   26   12    4    3    7
   17   21    2    1    7
   25    1    4    1    6
    8   25    2    1    7
   29   30    1    2    5
   26   14    4    1    4
   16   12    3    2    7
   14   17    1    3    7
   25    5    3    3    2
   29   19    2    4    4
   28    5    2    2    7
   11   22    1    4    3
   27   24    4    3    3
   16   25    1    4    4
   11   10    3    4    6
   10    9    1    1    7
   10   29    2    4    6
    5   20    2    4    5
    6    2    2    4    8
    8   13    2    4    7
   18   25    2    4    6
   26   16    2    1    5
    8    3    4    4    6
    8    8    4    1    7
   12    3    3    2    4
    3    3    2    1    6
    2   20    4    4    5
    9   13    3    4    7
   18   30    3    3    9
   25   11    1    2    7
   23    2    3    4    9
    1   21    1    1    9
    3   28    3    1    9
    9   24    2    4    9
   30   16    1    4    6
   27   18    2    2    4
   22   10    1    2    5
   21   21    4    3    9
   18    7    1    4    6
   11   24    3    3    5
   11    1    2    2    6
    2   11    1    4    8
   18    5    2    2    5
   27   17    2    4    7
   17   10    1    2    8
   11   19    2    4    9
   19   22    1    2    8
   19    3    2    1    5
   19   18    1    4    6
    1    2    1    4    4
   17    2    3    3    6
   24   20    4    3    4
   29   11    3    3    4
   11   20    3    1    4
   22   28    3    2    5
   27    3    1    2    8
   24   21    4    3    5
   20   30    4    1    4
   14    5    2    4    9
   28   24    3    1    6
    9    7    2    3    8
    4    6    4    3    4
    2    8    1    2    9
    1   14    3    1    8
   15   29    3    3    4
   20   26    4    3    7
    8    7    2    2    6
   25    6    4    1    6
   24    1    3    1    5
   10   14    4    4    6
   17   30    3    2    7
    8   15    3    1    5
   27   13    2    4    4
    3   10    1    1    6
   21   30    2    1    3
   17    7    1    3    5
   21    7    4    4    4
   12   10    1    1    7
    4   21    2    3    8
   28   30    2    3    7
   29    3    3    1    8
   20   28    1    2    4
   23   26    3    1    4
   24   30    3    2    3
    7   12    3    1    3
   10   25    2    1    7
    5    4    1    2    4
   28   28    4    2    5
    4   16    2    4    4
   18   11    3    3    4
   26    3    2    1    5
   22   16    2    2    3
   28   13    4    3    5
    1   26    1    1    3
   27    4    4    2    3
    5   27    4    2    3
   29    8    2    3    3
   22    2    3    2    3
   11   13    4    2    4
   14    3    1    2    8
   17   25    3    1    4
   16   16    4    1    7
   28    2    1    1    7
   10   27    3    3    8
   21   26    1    3    4
   19   14    1    3    5
    5    3    2    3    3
   23   28    4    4    3
    5   12    1    4    3
    6   29    3    2    4
   19   30    1    3    3
   14   24    3    1    5
   13   25    2    3    6
   11    4    4    1    8
   12    6    4    1    8
   10   10    1    4    3
   27   27    4    2    8
   26   24    1    3    2
   15   22    4    4    3
    6    9    3    4    3
   28    6    2    2    9
   14   25    3    1    8
   20   15    3    4    7
   27    8    4    4    3
   14   30    1    3    8
   24    4    3    2    7
   21   25    2    3    7
   26    5    2    3    3
    7   26    3    2    4
   27    1    1    2    8
   19   28    2    4    5
   10   24    3    3    4
   16   11    2    3    8
    8   14    4    1    8
   22    9    4    2    7
    2   21    1    1    8
    6   30    4    2    4
   21   19    2    4    3
    9    1    1    1    4
   25   15    4    4    8
   21   12    1    1    8
   18    2    1    4    8
    7   22    4    3    7
    6   21    1    1    8
    1   17    2    1    8
   18    8    2    3    6
    5    9    4    2    5
   13   24    3    1    4
   14   15    4    1    3
    1   20    3    4    4
    9   18    3    3    4
   21   23    1    3    4
   30   26    4    4    6
   21   29    3    2    5
   25   26    4    3    4
   13    1    1    4    6
   21   16    1    1    7
   30   30    2    3    7
    6    1    3    4    4
    8    6    4    4    7
    4   10    1    1    3
   27   16    2    1    3
   25    7    2    3    5
   19   20    3    1    6
   27   23    3    3    7
    1   23    3    4    5
   30   12    1    4    7
   27   22    4    4    6
   24   17    2    3    5
   14    2    2    3    6
   26   13    3    1    7
   18    4    2    4    4
   15    7    1    3    7
   19   16    4    4    6
   27   14    2    1    7
   29    4    4    2    5
   18   23    4    3    7
   29   26    1    3    8
   13    4    3    3    8
   10    1    3    4    7
   11   26    3    3    8
   26   26    2    1    7
   19    9    4    2    8
   21   14    3    3    8
   15   30    1    4    6
   27   19    1    1    6
   29    7    4    3    6
   25   25    2    1    5
   19   23    2    1    4
   17   17    1    2    5
   13   23    4    1    6
   16    9    4    4    5
   22   30    2    3    7
   15    5    4    3    8
   13   14    3    4    7
   25   20    4    4    8
    1   22    1    3    7
   28    8    2    3    6
   28   16    3    1    4
    5   11    1    4    8
    5   17    3    2    6
    9    2    3    1    5
   23    7    2    4    7
   24   24    1    4    4
   29   14    2    2    4
    6   16    1    1    5
   16    3    3    4    3
   11   17    1    2    5
   12   17    2    4    4
   12   11    3    2    8
    9    9    4    3    4
   11   30    1    4    5
   25   27    1    4    7
    8   19    1    3    4
    3   18    4    2    8
   10    7    1    3    5
    6   18    3    4    6
   17   26    2    2    4
   28   18    1    2    6
   14   28    3    3    5
   25   28    2    2    7
    8   23    3    1    4
    8   21    4    3    8
   30   10    1    3    8
   27   29    2    4    4
    9   21    1    3    5
    4    7    2    1    4
   10   15    1    1    6
   14    6    4    1    8
    3   20    3    3    4
   19   19    2    3    4
    5   29    2    2    4
   20    8    3    4    6
    2   16    4    2    4
   23   30    1    4    5
   21   28    1    4    4
   27    7    2    3    6
   17   19    2    2    8
   22   23    2    2    4
    9   23    1    3    5
   22   12    3    3    7
   24   15    2    2    4
    4    2    1    3    8
   24   29    3    2    4
    9   26    2    1    8
   10   18    4    2    4
   15   18    2    3    7
   20   21    4    2    7
   28   15    2    2    7
    3   21    4    2    7
   30    4    3    2    7
   16   17    3    1    7
   17   20    1    4    7
   17    3    1    1    6
   22    8    2    2    7
    5   24    1    2    7
   23    4    4    2    7
   25    4    2    4    7
   23   29    3    1    7
    3    1    2    1    7
   13   13    2    4    7
    3   24    3    4    7
   25    2    2    3    7
    7   13    3    3    7
    1   29    1    3    5
   30    7    2    2    7
   10   13    2    3    5
    7    2    3    1    7
   11   14    4    1    7
    4   12    2    2    7
   30    3    1    3    7
   29   18    3    1    7
    7    1    4    2    7
   26   15    2    1    5
   21   10    1    3    5
   12   23    3    2    5
   28    7    3    3    5
   12   27    3    3    4
   13   16    3    4    7
   14    7    3    2    4
   25   22    4    2    7
    9   17    4    3    4
   15   17    3    3    6
    2   30    3    2    4
   29   29    1    2    7
   20   10    3    4    6
   13   15    3    2    4
    3   22    4    4    6
   19   10    4    2    6
   20    4    2    4    4
    5   19    2    4    4
   12   20    3    4    7
    2   24    2    3    8
   16   23    2    1    4
   16    1    4    1    7
    4   17    4    4    6
    8   16    3    1    6
    2   10    2    3    6
    1   15    2    3    6
   12   28    1    4    4
   15    6    1    3    4
   25    3    4    1    7
    4   19    1    1    7
   14    9    1    4    7
   12   13    4    4    7
   11    3    3    3    7
    7   24    2    3    7
    7   20    1    2    4
   29   16    4    3    4
    1    4    3    3    7
   25   29    2    3    4
   18   14    1    1    4
   24   19    3    4    7
   27   11    1    3    4
   15   21    3    2    4
    5   30    4    1    7
   27    6    2    4    6
    6    7    2    3    7
    2    5    2    1    4
   20   20    3    2    9
   18   16    4    1    9
   18    1    4    2    9
   26   18    3    3    4
