Rock1Type Rock2Type Rock1Token Rock2Token Rating
    7   14    4    3    3
   23   14    4    3    2
   19    5    4    1    4
   16    5    4    2    4
   14   29    3    4    5
   16   25    1    3    4
   21    2    4    4    5
    6   13    3    2    4
   30    3    1    1    7
    2   18    2    4    6
    7   21    3    1    4
    2   19    4    2    4
    9    4    1    1    3
   18   24    2    3    2
   16    3    1    2    7
    8   18    4    4    4
   20   11    3    3    4
   27   20    2    2    7
   28   30    1    2    4
   23   24    4    4    3
   21   26    4    2    3
   15    9    2    4    3
    8   29    1    2    3
    5   12    4    3    7
    8   16    1    4    3
   17   16    4    3    9
    6    6    3    4    7
   15    5    2    3    6
   10   27    1    1    4
   27   26    3    1    3
   24   24    3    4    6
   15   28    4    1    4
   22   19    4    4    7
   26    4    2    3    7
   23    6    3    3    4
   18   18    3    4    6
   15    6    4    3    4
    1    1    3    2    7
    3   15    4    2    5
   20   17    2    4    5
    4   13    4    3    6
   29    7    2    1    4
   25   21    4    1    4
   23   28    1    1    3
   14    8    2    3    3
   20   28    3    1    2
   15   29    3    3    1
   26    9    1    2    7
   15   26    4    1    6
   19   15    4    3    4
   14   26    3    1    1
   18   10    4    1    5
    1    3    3    1    3
    1   30    2    3    4
   20   10    4    3    2
   19   21    3    4    2
   29   25    4    3    2
   21   14    2    4    6
    2   27    1    2    2
   27   28    3    2    4
    6   25    1    1    2
    1   12    1    4    2
   16   29    4    4    2
    3   18    2    3    2
   12   18    1    2    3
   10   28    2    3    2
   19   14    1    1    7
   16   30    4    4    6
   13   20    1    4    3
    4   23    2    4    7
   14   16    1    2    6
    5   26    4    1    3
   20   19    2    3    2
   12   25    1    2    2
   14    4    2    4    2
   21    9    2    1    3
   18   26    2    4    2
    5   29    1    3    2
   28   17    3    4    4
   24   30    1    4    2
   20   15    3    3    1
   19   28    4    3    1
   30   22    2    3    1
    3   29    4    4    1
   27    1    2    1    1
   25   17    2    3    2
   28    7    1    3    1
   30   29    4    1    1
   11   16    4    2    1
   21    6    3    4    6
   10   26    4    2    2
   26   16    3    2    5
   23   12    2    2    3
    8   25    3    4    3
   25    3    1    3    4
   21   21    4    3    6
   21   28    4    1    1
   26   25    2    2    6
   20   25    4    4    2
   13   10    2    4    6
    5   10    1    3    6
   14   25    1    3    2
    5   18    2    2    2
   26   12    2    1    2
   21    3    3    3    2
   15   30    1    2    3
   24    1    1    2    2
   17    3    3    1    3
   27    4    2    4    3
   17   24    3    4    3
    1   26    3    3    3
   22   23    1    4    3
   17    9    3    3    3
   27   27    2    3    7
   15    1    3    4    6
   11   11    2    3    6
    7    2    2    4    6
    2   24    4    2    4
   30    6    2    4    4
   12    8    2    1    3
   23   23    3    1    7
   14    1    4    2    5
   18   16    1    1    5
   23   17    1    4    1
    3    5    2    1    5
   13   22    2    3    4
    2   15    4    3    2
   23   26    4    1    2
   23   30    3    2    2
    7   30    3    1    1
   24   29    3    2    1
    1   20    3    1    4
   13   14    3    1    7
   17    7    3    2    4
   12   24    3    4    1
   29    4    3    2    6
   27    7    1    4    4
   19   16    4    2    4
   25    2    4    1    3
    5   20    2    3    4
   14   30    2    4    7
   17   29    2    4    3
   11   17    2    4    3
   17   26    1    3    3
   21   20    2    4    5
    4   19    1    3    9
    3   24    1    2    3
    7    6    1    3    3
   13    7    1    3    3
   10    3    4    1    3
    6   16    2    3    2
   28    5    4    4    5
    4   11    3    4    9
    6   14    3    2    2
   20   29    4    1    1
   24    7    3    2    1
   14   28    3    3    2
    5    2    1    3    2
    8   23    1    1    1
   10    9    3    3    3
   25   11    1    3    3
    8   13    3    1    1
   18   11    3    3    2
   16   10    3    4    6
   15   15    2    1    6
   14   22    4    3    2
   16   16    4    1    5
    2    9    4    4    6
   13    2    4    1    6
   27    8    2    3    3
   12   28    1    4    6
   24    6    4    4    1
   19   24    4    4    1
   17   30    3    3    7
   22   10    3    3    6
    9    6    3    1    1
   26    7    1    4    1
    9   19    2    3    6
   29   18    4    2    1
   27   25    3    1    2
    1    2    1    3    4
    8   30    1    2    3
   29   12    2    1    1
   30   10    2    1    1
    4   18    2    3    1
   12    3    1    3    3
   15   12    4    4    2
   12   20    2    4    3
    1   16    2    1    4
   22    1    3    3    3
   25    4    3    3    2
   17   10    3    1    1
   20   23    2    3    1
   23   10    2    3    5
   20    4    3    3    3
   18   13    1    4    2
    2   12    3    3    1
   30   30    3    2    6
   17   13    3    1    4
   22   18    3    2    1
   12   12    2    4    7
    6    4    1    2    6
   29   19    2    3    4
   29   21    1    1    3
   14   18    1    1    2
   28   11    3    2    2
    9    3    1    3    4
    8    3    2    4    3
   17   22    1    1    3
    6   10    3    3    2
    7   25    1    4    4
   14    3    2    4    5
    6   19    4    2    5
   27   11    3    4    3
   19   19    2    3    4
   10    4    1    4    2
    3   22    1    3    2
    4   12    2    1    2
   23    3    2    2    2
   23    2    2    4    4
   26   20    2    2    3
   24    4    2    4    3
    1   18    3    1    2
   12   17    4    4    3
   16    7    4    3    2
    1   11    2    2    6
    3   27    3    4    4
   22   22    3    1    5
   28    1    2    4    5
    9   30    4    1    4
   28   18    4    4    4
    9   14    4    4    3
   24   11    3    1    2
   20    6    4    3    2
   27   12    2    4    1
    4    5    4    3    3
    4   30    3    4    2
   21   23    3    1    1
    4    4    2    1    9
   14    5    3    3    8
   26   26    3    4    9
   15   25    4    3    9
   24   14    3    1    4
    3    3    1    3    9
    8    9    3    2    2
   27   21    1    2    6
    6    5    1    3    3
   27   13    1    3    4
   15   22    4    4    3
   25   22    1    1    6
   14   11    1    1    6
   21   15    2    4    5
   19    1    4    2    4
   14   20    1    3    3
   12   11    1    1    4
    7    3    1    2    3
   13   12    4    3    4
    2   30    2    1    3
   17   27    3    1    2
   11   15    4    2    6
    7    7    1    4    4
   20    7    1    1    3
   16   13    3    1    2
    6   11    3    3    3
   26   11    4    4    4
   19   13    2    3    3
   24    9    2    3    2
    5   22    4    2    1
   26   13    1    4    2
   29    2    4    4    8
   19    8    2    2    2
   20    8    2    1    2
   22   26    4    4    7
   19   25    1    2    6
   10   25    2    3    3
   24    8    2    1    2
   26   30    4    1    9
   16    4    1    1    6
   13   15    4    1    2
   13    9    2    1    2
   13   24    4    1    1
   12    9    4    2    1
   23   13    1    3    1
   18    7    1    4    3
   29   11    4    2    2
   30    5    3    1    2
   25    5    2    1    2
   13    5    3    4    5
   18   20    2    3    4
   16    9    4    2    3
   10   14    3    3    2
   10   10    4    3    1
   27   29    3    1    2
   18   30    1    1    7
   15   10    4    1    3
    7    1    2    3    4
    4   17    1    1    2
   19   10    3    1    8
   30   27    3    3    3
   28   28    3    2    9
   11    9    2    2    6
   28    4    4    3    5
   21   17    2    2    5
    4    8    1    3    4
    9    5    3    3    3
    2   17    4    4    2
   19   30    3    1    7
   13   25    3    1    6
   17   18    4    4    5
   13    3    4    2    4
   30   21    1    4    5
   25   30    2    1    8
    6   18    4    2    4
    2   14    2    3    3
    9   29    3    3    7
    4    2    1    4    7
   18   25    4    4    4
    9   20    3    4    2
   15   16    4    3    7
   18   21    1    4    3
    6   28    3    1    4
    5    5    2    1    4
   24   16    4    3    1
   26    2    4    3    6
   19   17    1    1    2
   21    4    1    1    3
   24    5    4    4    1
   24   15    1    3    1
   17   17    2    3    5
   11   30    1    1    6
    8   22    2    2    3
    4    3    2    1    3
   23    9    1    3    4
   11    8    3    3    2
   11   23    4    2    3
    1    6    4    2    2
   27    5    4    1    1
   24   22    3    1    6
   28   16    3    2    4
   30   12    1    1    3
   17   15    2    3    1
   23   27    4    3    2
    1    5    3    4    7
   20   30    2    2    6
   20   22    2    3    3
    6    8    4    1    2
   16   20    4    1    5
   20   20    1    3    9
   18   23    4    3    8
    6   27    3    3    1
   11   10    1    1    6
    4    7    2    1    5
    8    1    4    3    5
   22    6    3    1    3
   28    2    4    3    2
   23   15    3    1    1
    5   21    4    1    2
    3   19    3    4    4
   27   18    3    4    6
   21   22    1    3    1
   26    3    3    3    6
    8   28    2    4    2
   26   28    2    2    2
   28   25    3    1    3
   10    7    1    1    2
    9   25    2    4    4
   14   15    4    4    4
   24   25    1    3    2
   10    1    4    1    4
   13   11    1    4    5
   15   18    3    3    3
    8   10    1    1    2
    8    8    4    3    7
    9   28    2    4    3
   24   10    3    3    3
   17    1    4    3    6
   27   24    2    3    2
   27   14    3    1    2
   16   22    3    3    1
   11   19    3    4    4
    2    3    4    4    3
    3   11    4    2    2
    2    6    1    2    7
   27    9    1    2    2
   12    7    1    4    6
   19   12    1    2    2
   14   14    4    1    7
   21   11    3    4    2
   27   16    3    1    2
   15    7    1    3    5
   22    4    1    4    5
    2   22    1    4    4
   28   24    3    4    2
   15   27    1    1    4
   23    5    2    4    3
   17   14    4    1    6
    9   22    4    3    6
   28   13    2    2    3
   29   22    2    3    6
    3   20    3    1    3
    6   17    1    2    4
    8    5    4    1    3
   16    2    1    1    3
    2    8    2    4    3
   23   19    1    2    2
   21   24    4    4    2
    6   12    1    1    6
    1   21    3    1    6
    2   11    4    1    6
   25   25    4    1    3
   14   12    2    1    4
   29   10    1    1    5
   23   25    2    3    5
    6    3    1    4    5
    2    2    3    4    6
   22   27    2    3    2
    9    9    3    1    9
   23    1    4    3    7
    5    7    1    4    3
   16   12    1    4    4
   26   29    3    3    8
    8   26    2    1    7
   21    8    4    1    3
    9   18    2    3    2
    6   29    4    4    3
   20    2    3    1    2
   17    5    4    2    5
    8   17    1    1    3
   29   28    3    1    1
   23   29    4    2    1
   21   12    4    2    4
   13   21    4    1    4
   29    1    2    4    2
    8    7    2    1    4
   16   23    1    2    2
   10   21    1    4    2
   18   19    4    2    2
    9    1    1    4    3
    4    1    2    3    4
    6   26    4    2    3
   29   29    3    4    8
   12   10    2    3    3
   13    1    2    2    2
   27   19    2    2    3
   26   24    2    4    6
    7   23    2    4    5
    4   15    1    4    3
   25    1    4    4    3
   22    7    3    4    2
   28   22    4    1    3
    2   10    1    3    3
    7    9    2    1    3
   15    8    3    4    1
   12   22    3    2    3
   26   19    1    1    4
   24   20    2    4    1
   11    5    2    2    4
   13   13    3    4    9
    3   28    2    3    3
   22   11    2    1    6
   19    7    1    1    4
    7   11    2    3    5
   29   13    1    2    4
   21   16    4    2    3
   30   13    1    4    6
