Rock1Type Rock2Type Rock1Token Rock2Token Rating
   19    1    4    4    4
   25   10    3    1    5
   15    1    3    3    5
   22   19    4    2    4
    9   14    1    2    3
   24   22    1    3    4
   19   10    3    4    2
    5    1    4    1    3
   30   27    2    2    2
    2   16    1    1    3
   19    8    4    1    4
    4   27    1    2    3
   14    5    3    2    2
   13   28    4    3    1
    7   15    3    4    1
   21   21    2    1    6
   25   24    3    3    3
    4   21    1    1    5
   14    8    2    3    3
    8    2    2    3    5
   16   17    1    1    7
   18    6    4    3    5
   21   23    2    4    4
   23    1    1    4    3
   20   30    3    3    8
   12    6    1    2    6
   24   27    2    4    3
   23   18    3    4    7
   12   30    4    2    3
    2   28    2    1    2
   10    5    2    1    7
    6   28    4    3    3
    2   24    3    1    3
   29    7    3    1    5
   25   11    1    2    6
   18   16    2    2    6
    6    8    2    4    5
   29   18    1    4    6
   15    8    3    4    4
   24   29    3    4    6
   28   14    1    3    4
   15   22    1    2    6
    8   30    4    2    8
   10    6    3    2    4
   11   21    2    2    6
   18   11    2    3    5
    9   20    2    4    2
    7   12    4    4    3
   28   29    1    3    1
   22   30    4    2    2
    5   29    1    1    6
   16   23    1    1    4
   13    6    4    3    8
   15   29    2    2    5
    7   16    3    4    4
   28   19    4    2    5
   20   27    2    3    5
    3    6    2    4    4
   12   20    1    3    8
   24    3    2    2    4
   23   23    4    2    4
   26   23    3    1    7
    1   16    3    3    6
   14    2    3    3    6
    8    3    4    1    5
    3   28    3    3    5
   21   15    2    1    8
   11   29    3    4    9
    4    4    1    3    9
    2   29    3    3    8
    2    1    2    4    7
   13    2    4    1    9
    2   20    3    4    6
    4   14    4    4    8
    5    5    1    4    8
    1    1    4    3    8
   10   22    2    1    7
   14   23    4    4    7
   19    7    2    4    5
    1   25    1    3    5
   23   10    4    4    4
   24   24    1    2    4
   30   19    1    2    7
   25    9    4    4    5
    4   15    3    2    6
   17   22    4    4    5
   17   29    2    4    8
    7   26    1    4    4
   19   14    4    1    5
    2   12    2    1    7
   11   15    2    1    9
   26    5    3    3    4
    6   27    1    4    6
   28   28    2    4    3
   19   27    1    1    4
   18   30    1    1    9
   20   22    2    3    7
   16   11    3    1    7
    6   22    3    3    6
    9    3    1    4    6
    7    4    2    2    8
    9   21    2    1    7
   17   28    1    3    4
    6    1    2    4    6
   12   23    1    2    7
   12   21    2    3    8
   30    6    2    2    6
   12   18    4    1    5
   13   21    3    3    8
    8    1    4    1    6
    8   17    1    1    5
   20    1    1    3    4
   10    3    4    1    5
   13    3    1    2    6
   16   16    1    3    7
    7    3    2    4    8
    7   17    4    2    5
   19   23    3    2    6
    4   28    3    2    8
    9   30    2    3    4
   11   11    1    2    9
   13    5    3    3    4
   18   22    2    2    6
   10    2    1    1    6
   29    6    3    2    5
    6   20    1    4    6
   21    2    3    4    7
   21    6    3    3    6
   25   18    4    2    5
   26    8    2    4    6
   20   10    4    1    5
   13   18    2    1    8
   12    8    4    1    7
   19   19    4    1    8
    7   10    4    4    7
   11   12    3    4    6
   17   12    3    1    9
   24   20    2    4    4
   11    6    2    2    9
    9   15    4    3    8
   23   27    2    1    7
    9   17    1    3    6
    9   27    4    4    5
    5    3    4    4    8
   29   25    3    4    7
   24   21    4    2    4
    2    6    2    4    8
   12   26    3    2    7
   15    6    1    4    5
   20   28    2    1    6
   17   30    1    2    6
   30   29    4    1    7
   26   19    3    1    8
    1   28    4    4    6
    9    2    3    3    9
    7    9    1    2    4
    8    9    3    4    5
   17   17    4    3    6
    5   30    1    3    5
   26    9    4    3    5
   29    4    4    2    8
   17   13    2    1    6
   30   10    2    2    8
   26    4    4    1    8
   13    9    3    2    8
    6    6    4    2    9
    7    8    2    3    6
   24   26    4    1    4
   27    3    4    4    6
   16   20    1    1    8
   18   28    4    2    4
   28   27    1    1    3
   24   11    1    4    2
   16   29    4    4    6
   29    1    4    4    6
    5   15    3    2    7
   13   29    3    3    7
   25   21    1    2    7
   26   16    2    4    7
   21   28    1    2    6
    6   16    2    4    6
   10   28    2    1    4
   23   25    1    3    6
    7    1    1    1    5
    4   16    3    1    7
   16   21    1    4    6
   17   11    2    4    5
    8   21    1    1    5
   13   11    4    1    8
   26   13    3    4    8
    4   24    1    4    7
   27    8    4    4    6
   22    3    1    3    6
   24    8    2    3    4
    2   19    3    4    4
   27   17    1    4    5
   29   14    3    3    6
   14   17    1    2    7
   23    8    2    1    5
   28    8    3    3    4
   26   29    4    1    9
   18   14    2    2    9
   27   13    1    4    8
   29   19    2    4    7
   11   22    2    3    9
   24   28    3    2    4
   10   24    1    4    7
   20   20    4    2    8
   10   26    1    4    8
   15   26    2    3    8
   16   28    4    1    6
    7   11    1    4    6
   23    3    3    2    5
   30   14    4    4    7
    7   27    3    3    3
   12   15    4    1    6
    4   18    4    3    9
    5    8    3    4    3
   14   14    3    1    4
    2   22    3    1    5
    2   23    1    3    7
   14   11    2    4    7
   15   28    1    1    5
    4    8    1    3    5
    4    5    2    4    8
   22   22    1    4    6
    7    7    3    2    5
   23    6    2    3    7
   18   19    4    3    9
   24    5    3    3    8
   21   26    2    2    9
   14   22    1    3    9
    9   11    1    4    9
   12    3    3    3    8
   16   14    1    3    9
   13   13    1    3    9
   28   30    1    4    6
   13   10    3    4    7
   14    1    3    3    8
   26   28    3    4    9
    7   30    4    4    7
   18   17    1    3    9
   27    1    2    2    6
   18    2    2    1    7
   18    7    4    2    8
   15    3    2    4    9
    8   13    3    2    7
   26    6    4    1    8
   30    3    2    2    7
   17   21    3    3    9
   19    4    4    4    7
   10    1    4    3    8
   27   27    3    4    8
   19   16    4    3    8
    5   18    3    2    7
   20    5    2    3    8
    1    9    3    2    7
   25   15    4    1    8
    5   22    3    3    8
   29   27    3    4    8
   25   14    1    3    9
   30   23    3    1    5
   15   30    4    4    6
    2   25    1    2    7
   21   27    4    4    7
   27   12    4    2    7
   30   11    2    1    8
   10   17    4    3    8
   18   18    1    3    9
    6   25    4    1    9
    5   25    1    2    7
   12    1    2    3    9
   30   25    4    2    8
   17   25    4    2    7
   18   21    4    4    6
   24   12    4    1    5
   17   15    2    1    5
   29   29    3    2    6
   10   14    2    1    6
   11   23    4    1    3
   22   13    3    2    3
   13    1    2    1    2
   21   20    1    4    6
    9    5    4    4    4
   10   27    4    3    7
   30    1    4    3    7
   11    3    3    2    6
   27   14    4    1    5
    6   14    4    3    6
    2    4    4    1    8
   18    3    2    3    6
    1   11    4    4    7
    3    3    4    2    8
   28    5    4    1    7
    2    2    1    2    8
   30    2    2    1    9
   20   11    2    3    9
   26   30    3    4    9
   17    4    2    1    8
    3   17    4    1    7
    4   12    3    4    5
   20   19    4    4    4
   26    1    2    4    2
    9   22    4    4    6
   19   21    1    2    7
   24   30    1    2    5
   12   12    3    4    7
   23    7    3    4    6
    7   28    3    4    5
    7    6    2    4    5
   24    6    1    3    2
    7   21    4    3    1
   23    9    3    2    3
   23    4    4    2    7
    9   16    2    1    5
    9    9    1    2    9
   11    4    2    2    9
    4   20    3    3    8
   20   23    3    1    6
   26   26    3    4    4
    8    8    1    2    2
   27   11    2    3    4
   17   19    4    3    4
   18   10    4    1    7
   21   14    2    4    7
   24   17    2    4    5
    4   13    1    1    8
   19    6    3    4    8
   24   16    4    1    4
   15   14    4    4    7
   16    3    4    2    7
   15   23    2    3    8
   27   18    2    3    4
   13   25    2    1    8
   29   10    2    2    1
   20   26    2    2    9
   18   24    4    2    3
   17    1    4    2    3
   29   21    2    4    5
   25   25    4    3    6
   15   20    1    3    3
    4    3    1    3    4
   18    9    2    2    4
    6    9    4    2    3
    3   21    4    1    5
    3   29    2    2    4
   14   20    2    4    7
   17   23    3    2    4
    8   25    3    2    1
   28    9    4    1    2
    2   11    2    2    3
    8   20    4    3    6
   26    3    1    1    3
    2   26    1    3    5
   18    1    3    1    6
   22   21    3    2    7
   25    3    2    2    8
   12   10    4    2    7
   21   30    2    2    4
   21    1    4    3    6
    7   25    1    4    4
   10    9    1    3    6
    8   11    4    4    7
   27    2    2    2    7
   15    2    3    3    7
   16   13    3    1    8
   26   25    4    3    6
   10   10    1    3    8
   18   26    1    2    9
   22   12    1    1    6
   14   26    3    2    8
   27    5    4    3    8
    7    5    2    3    1
   13   30    3    2    4
   29    9    2    2    3
   29   12    4    4    6
    3   20    3    1    4
   12   28    4    3    5
   19   25    4    4    7
   29    8    4    3    6
   17    5    1    3    5
   21   10    3    3    6
   22   27    1    3    4
   22    4    4    3    7
   13    7    2    1    5
   16    8    1    1    4
   25   12    2    3    3
   24   13    3    4    6
   23   28    2    4    5
    2    3    4    2    4
    5   12    4    2    6
   18   20    1    3    6
   25   27    3    2    7
   26   17    2    2    6
   10    8    2    1    5
   25   20    3    1    6
   15   15    1    3    6
   23   29    4    3    6
   22    7    1    2    6
   27   15    4    3    7
    5    6    3    1    5
    8   22    1    3    6
   13   20    4    4    7
   15   19    1    1    3
   11   28    1    1    5
   16   12    2    1    3
   18   15    3    2    6
   28   25    1    1    3
    2   17    2    2    8
    7   24    4    1    3
   13   19    4    3    8
   22   25    3    2    9
    9    4    4    4    1
   24   19    2    3    5
   14    3    3    3    4
   14   13    1    4    4
    1   24    2    1    7
   11   10    1    3    8
   11   26    4    3    9
   24   14    2    4    6
   30   16    4    1    7
    4    6    4    2    7
   17    6    3    4    8
    5   23    4    2    6
   14    7    4    4    5
   17   20    3    4    7
   12   13    2    3    6
   21    5    2    2    7
   16    5    4    3    7
   22   16    1    3    9
    7    2    1    1    6
   22   26    2    1    8
   12    9    4    2    6
   18    8    1    3    6
    3    1    3    3    3
   26   27    2    1    4
   16   25    4    4    6
   12   19    3    4    7
   20   29    1    3    6
   25    4    1    3    9
   13   15    1    4    7
    5   11    1    1    6
    2    5    1    3    7
   19    5    3    4    6
    3   19    3    1    6
    1    4    1    2    7
   16   10    4    3    6
   24    9    4    2    8
   10   15    3    4    7
   29   22    3    1    7
   16   27    3    3    8
    1   22    3    4    7
   19   11    1    3    9
   10    4    3    3    9
    9   19    2    4    9
   22   23    1    1    3
   13   23    2    2    5
   24   15    3    2    6
   30   30    2    4    6
   20    7    3    2    7
   22   28    3    3    4
   24   23    3    1    5
   16   15    3    1    8
   14   12    4    3    7
    4   30    1    3    5
