Rock1Type Rock2Type Rock1Token Rock2Token Rating
    2    7    2    4    1
   25   26    4    3    6
   24   19    1    3    1
    7   13    3    3    1
   30    3    2    3    2
    6   27    2    1    1
    4    1    1    3    2
   10   12    1    2    1
   15   18    1    3    3
   16   13    1    2    3
    1   24    3    2    2
   18   17    2    3    2
   30   27    3    2    3
   19   27    3    3    1
    3    7    3    1    4
   29    2    4    1    5
   28   20    1    4    1
   13   28    2    1    1
   24    7    1    2    5
   11   12    1    4    3
   29   29    3    2    8
    7   23    3    4    4
    8   27    2    3    1
    1    5    2    3    8
   24   15    2    1    1
    5    8    4    2    2
   26   27    4    3    1
   25    5    2    4    1
    5   16    3    2    2
   23   14    3    1    4
   21   17    2    4    3
    9   30    4    1    1
   16   18    4    1    3
    5   19    4    3    3
   13    6    2    3    1
   19   19    1    3    9
    7   12    2    4    4
   30   23    1    3    2
   30   22    1    2    5
    5    2    3    1    3
   29   22    1    2    6
   14    1    2    1    9
   25   10    2    1    1
   13   26    2    2    2
    4    7    3    2    2
   22    9    4    2    3
    6   22    3    2    3
   18   11    1    1    1
   21    4    3    2    3
    9    6    2    4    1
    1   29    2    4    1
    8    1    3    3    6
   18   18    4    1    7
   28    9    3    3    1
    4   28    1    2    1
    3    9    1    1    4
   24   17    2    1    1
   24   29    3    3    1
   15   10    3    3    1
   24   28    2    2    1
   13   19    2    3    6
   28    8    3    4    1
   19   16    1    2    2
   29   21    2    3    1
    6    5    3    4    2
   30    1    2    4    5
   27    7    4    4    6
   29   25    4    2    1
   17    8    4    3    1
   15    9    3    1    1
   22   14    4    4    3
   29   17    1    4    2
    4   18    2    2    1
    5    3    2    1    8
    8   15    3    1    1
   28   29    1    1    1
    4   17    4    2    5
    6    7    1    3    5
   12   15    3    3    1
    6    6    3    4    9
    6   14    4    4    1
   16    8    3    1    3
    8   11    1    2    3
    6   12    1    3    5
   13   29    4    3    5
   20   27    2    3    2
   19   11    2    2    1
    4   12    3    2    3
   19   10    3    2    3
   25   30    3    2    6
   26    1    1    2    2
   27   13    4    3    1
   11   29    1    2    2
    9   27    3    4    1
    4   16    4    1    3
   29    9    4    3    6
   16   15    3    3    6
   14   12    4    1    7
   15   25    4    3    8
    4   11    4    1    9
    3   29    3    1    5
    7    7    4    3    5
   20   18    3    3    4
   25   23    4    3    2
    3   24    3    2    1
   17    3    4    2    4
   10   29    2    2    3
   14   15    4    4    6
   19   17    1    2    6
   11   21    3    4    5
   23   17    1    4    1
   11   15    3    4    4
   21    5    4    1    3
   27   23    3    4    3
   26    4    3    4    5
   30   30    3    1    7
   21   28    4    4    4
   20   17    2    3    7
    8    4    4    4    2
    5    5    4    2    9
   22    8    2    3    2
   13   13    1    4    9
   18   10    4    1    6
    1   20    1    2    4
   28    1    4    1    2
   27   17    4    2    3
   13    8    3    3    1
    5   20    2    2    2
   13    2    2    1    5
    1   21    3    1    6
   24   30    2    2    1
   10   13    4    4    4
   25   20    1    1    5
   27   21    4    3    3
   25    6    4    3    3
   25    2    1    1    8
   28    6    2    4    1
    4   13    3    1    8
    7   22    1    1    6
   16    1    2    3    2
    9   26    1    3    9
    4   20    1    3    2
   18   24    3    1    4
   16   20    3    2    4
    4   10    4    3    3
   29    6    1    3    1
    8    9    3    2    1
   10    1    3    3    9
   16   25    3    4    5
   19   12    3    2    8
   17   25    3    1    9
   19   30    4    4    5
   20   12    4    2    3
   22   23    4    3    8
    3   22    4    3    8
   20   22    3    4    1
   11   10    2    4    2
   24   24    2    4    9
   26   21    3    4    4
   22   16    1    3    3
    2   28    2    2    2
   25   25    3    1    2
   27   27    4    3    9
    6   30    2    3    5
   11   13    3    2    6
    8   12    4    2    6
   22    1    4    3    2
   30    4    1    2    7
   30   16    1    1    5
    2   21    4    3    4
   30    5    1    2    1
   27   24    2    2    1
   20   23    1    4    1
    9    2    1    4    3
   26   12    2    3    2
    3   14    3    1    5
   19   23    1    4    5
   22   17    1    4    4
    4    9    1    2    4
   19   22    4    1    5
   23    5    1    2    1
   23   21    3    3    2
   10    7    2    3    2
   25    4    1    3    5
    2   19    4    4    5
   30   28    1    4    6
    2   23    2    3    5
   14   14    2    4    6
   25   19    4    2    3
    9   16    3    1    3
    9   24    1    2    1
   16   21    1    4    3
    1    9    3    1    4
   16   26    3    1    2
    7   21    3    1    3
   28   16    2    2    1
   15   26    3    1    2
    6   18    2    2    4
   24   21    1    1    1
   18   12    2    4    1
   26    6    1    3    1
    6   19    1    3    2
    4    5    1    1    6
   27   25    2    3    1
   11   22    4    4    3
   23    8    1    2    1
    6   23    3    4    7
   10    9    2    1    5
   21   20    2    3    5
   14    8    3    2    3
   13    9    4    4    6
    2   11    4    3    8
   10    2    2    3    4
   28   10    3    2    1
    6   10    1    1    1
   10   27    1    1    2
   14   17    2    2    4
    3   20    2    3    3
   11   28    3    2    1
   18   25    2    1    7
   27   15    3    4    4
   14   10    2    2    3
    7   25    2    2    5
    3   21    1    1    3
   30    7    4    4    5
   13   24    1    1    2
   19    7    3    1    6
   17   10    1    4    8
   24   26    4    1    1
    9    7    2    1    5
    4    6    2    1    2
   23   18    3    4    5
    1   19    4    4    2
    1    1    3    2    9
    2    1    4    2    1
    3    1    3    2    5
    8   26    1    4    2
   24    5    2    1    3
   12    9    2    3    2
   23   26    1    4    5
   14    5    2    1    5
   10   30    4    4    6
   20   11    1    2    3
   28   28    4    3    6
   18    1    1    4    6
   24    6    1    4    2
    2   18    4    1    3
    6   16    4    1    2
    1   23    1    4    6
    3   18    3    2    2
   18   14    3    2    5
   11    5    4    4    7
   16   16    3    4    7
   29   19    1    3    7
   14    7    1    3    6
   30    8    4    2    3
   22   18    2    4    5
   25    9    3    2    5
   10   23    4    2    4
   20   24    1    3    2
   26   29    3    4    6
   15   30    3    3    6
   20    6    3    3    1
   30    2    1    1    8
    2   27    4    1    1
   25    3    3    3    2
    3   15    3    4    4
   23   29    1    4    1
   12   27    2    2    5
   12   24    3    2    2
    7   11    4    2    3
   13   18    3    3    3
   21   19    2    3    5
    5   29    3    3    2
    9   23    1    1    2
    1    6    3    2    1
   12   28    1    2    3
   21   25    4    4    3
   30   13    2    2    4
   18   27    4    1    4
   18    8    3    4    4
    8   29    4    4    2
   27   11    1    3    3
    4   23    2    4    6
    4   29    1    1    6
   11   16    4    3    7
   19   26    4    2    6
   20   15    3    4    9
   15   22    4    3    5
    4   27    4    1    4
    1   27    4    3    5
    1   11    2    1    5
   12   25    3    2    6
    3   10    3    4    5
   13   25    4    1    6
    3   27    4    2    1
   24   25    1    2    2
    5   15    1    4    3
   28   14    2    3    1
    3   16    1    3    2
   29   16    3    4    2
   24    8    2    2    2
   21   21    3    2    9
    5   12    1    4    7
   19    4    2    2    5
   27   29    3    3    2
   30   29    3    1    3
   12   29    3    4    2
    2   12    2    2    2
    9    9    3    4    9
    9   18    1    4    2
   14   20    2    1    6
    7   26    3    3    5
   10   22    2    2    3
    3   26    3    1    7
   17   17    4    2    6
   20   19    3    4    4
    3   11    4    3    2
    5   10    1    2    8
   23   28    4    2    7
    3   28    2    1    7
    2   20    4    4    3
    1   15    4    1    6
   27   16    2    4    5
   17   13    1    3    8
   30   18    2    2    4
   10   26    2    3    3
   21   15    4    1    2
    4    4    4    1    9
   30   26    1    3    9
   18    7    3    1    1
   28   27    1    3    7
   19   14    3    3    2
   19    9    1    4    5
   24    2    4    1    5
   14    9    4    4    5
   11   14    2    1    6
   20   20    3    1    9
   22   28    3    4    7
   22   12    3    3    5
   30   20    4    3    6
    6   21    4    4    8
   23   23    2    3    6
   22   13    3    2    6
   11   17    2    3    6
    5   27    2    1    5
   17   16    4    1    7
    3    8    4    1    6
    5    9    3    2    5
   15   13    4    1    8
   12   17    3    4    5
   19    8    1    1    5
   21   14    1    4    6
    8   21    3    3    2
   15   29    4    1    5
   23    3    4    4    5
    8   25    3    3    6
   25   28    1    4    5
   27   14    3    3    4
   26   17    3    4    6
   16   23    3    4    6
   15   28    1    1    5
   23   24    4    3    4
    7    5    2    2    4
    5   13    1    3    2
   16   12    4    3    6
    7   28    3    1    3
   26    2    4    1    9
   21   13    2    1    3
   17    9    4    1    3
    5   28    3    4    7
    3    3    4    2    9
    2   22    2    4    4
   10   10    2    1    7
   24   11    1    1    5
   15   17    2    3    6
   26   28    3    4    3
   15    4    3    4    5
    5   26    3    2    3
   26   14    4    2    7
   22   22    2    1    6
   24   10    4    2    2
    3   13    1    2    3
    8   20    3    1    1
   30   14    4    2    7
    2   17    3    4    5
   25    1    3    1    5
   22    5    1    4    8
   24   16    2    2    3
    6   17    4    3    4
   16    7    2    3    3
   12   13    4    1    3
    9   11    3    2    4
   21   30    3    1    7
   15    2    1    4    5
   27   22    1    1    4
    3    6    2    1    3
   18   21    2    2    2
   22   24    1    1    6
   23   12    1    1    5
   20    9    4    4    3
   15    7    1    1    3
   12   12    2    1    7
    7   17    3    3    3
   17    1    1    3    4
   21    9    1    1    2
   23   15    1    3    2
   11   25    1    4    5
   14   29    1    2    4
   30   11    3    3    6
    8    6    3    2    3
   28   19    3    3    2
   15   19    1    1    4
    2    8    2    2    4
   18   19    3    2    6
   11   23    3    2    5
   26   26    2    3    8
    8    8    3    4    9
   23   13    1    3    3
    2    2    3    1    7
   21   10    3    2    4
   14    4    4    1    4
   20   29    2    3    3
   24    4    3    1    5
    8   10    1    3    6
   11   11    1    4    8
   30   12    3    3    8
    2   14    3    2    2
   22    4    2    1    9
    2    4    3    4    9
   22   26    1    2    6
    6   15    2    3    2
    8    7    4    4    2
    6   11    1    2    5
   22   25    2    3    3
   14   16    4    2    5
    3    2    1    4    4
   20   26    3    1    3
    6    2    3    4    5
   18   29    3    1    6
   16    2    2    2    5
    1    7    3    4    7
   18   28    3    4    7
   12   21    1    4    8
   20   13    2    2    4
   21   22    1    2    4
    5   17    1    2    3
   26   18    1    4    2
   15   15    2    4    6
   14   24    1    1    2
    3   19    4    4    3
    7   29    2    4    3
    4    3    1    3    7
   16   10    3    3    7
   14   13    3    4    5
   20   10    4    4    6
   18    5    4    2    5
   11   26    1    1    5
   14   25    1    3    6
   13    1    3    1    3
    1   12    2    3    6
   17   30    1    3    7
   12    3    1    4    3
   28   17    1    4    5
   20    7    4    4    3
