Rock1Type Rock2Type Rock1Token Rock2Token Rating
   20   13    2    2    4
    8    5    2    3    3
   29   27    1    2    1
    7   15    3    4    2
    8    2    3    2    1
   15   30    2    2    3
    3   30    2    3    2
    1   30    1    2    2
   17   17    1    4    6
    1   28    3    2    4
   18   11    2    1    3
    3   14    3    4    2
   14   10    4    2    1
    5    6    3    4    1
    6   21    3    3    4
    1   12    4    1    2
   22   28    4    2    4
   26   23    4    3    3
   15   12    2    1    2
   30   29    2    4    1
   26    4    1    2    1
    2    7    1    3    1
   19   27    1    4    1
    4   30    1    2    1
    7   22    1    4    1
    3    3    4    1    4
   22   18    3    1    2
   10   22    1    3    1
   19   22    2    3    1
   28   11    4    3    3
   16   18    3    2    1
   30    5    1    1    1
   13    9    4    1    1
    1    6    4    4    1
    2   24    3    4    1
   12   27    2    3    1
   25   29    4    3    4
    6   13    3    3    1
   10    6    4    1    1
   18    8    3    4    1
   20   16    2    3    6
   13    3    2    4    4
    9   21    3    4    1
    6   16    3    1    1
    1    3    4    3    1
   29   19    1    4    3
   17   28    4    1    1
    7   20    3    1    1
   20   20    4    3    9
   10    9    2    4    1
   15   11    1    2    1
   24   30    3    1    1
    9    9    2    1    8
   25    1    2    2    1
   18   20    4    1    1
   10   30    2    2    1
   17    2    2    3    1
   19   14    1    4    1
    3   20    2    2    1
   20   12    2    4    1
   18   29    1    2    1
    4   19    4    1    8
    7   28    1    4    3
   19   26    3    2    3
   16   26    4    4    2
   23    5    1    2    1
    4   21    4    4    6
    7   10    1    3    4
   17   30    3    4    5
    9    8    1    1    1
   25    3    1    4    1
   16   12    1    3    1
   13    4    1    1    1
   23   23    2    4    2
    7   13    2    4    1
    4   16    1    1    1
   28   28    2    3    9
   12   12    4    2    9
    8    6    2    4    1
    1   24    4    1    8
   25   20    3    4    1
    2   26    1    2    1
   12   29    4    2    1
   28   24    3    2    6
   13   13    3    4    8
   16   16    4    1    7
   30   19    1    3    6
   30   22    1    4    1
   15   29    1    4    1
   20   28    1    4    1
   28   12    2    3    1
   22   24    4    3    2
    6   26    2    4    2
   20   21    3    3    5
   22   21    2    1    3
   12   26    4    3    1
   16   23    2    4    1
   21   24    2    3    1
   30   18    2    1    1
    8   13    2    3    1
   11   20    2    4    1
    8    4    2    4    1
   10   15    1    4    1
   22    9    3    3    1
   28   18    2    2    1
   25    6    4    3    1
   21   21    4    3    7
   18    2    4    2    1
   27   30    2    3    5
   24    7    1    3    1
   10    4    4    1    1
   22   16    2    2    4
   16    5    2    1    3
   17   19    1    2    7
    2   14    3    2    5
   12   24    4    4    1
   21    5    1    2    1
   15   23    3    3    4
    6   23    3    2    2
   13   15    2    3    2
   10   17    3    3    1
    3   21    4    4    3
    7   29    1    3    1
    8   14    2    1    1
   18   24    2    2    1
   22    4    4    3    1
    7    8    2    1    1
   19   28    1    2    1
    3   12    1    2    2
   24   14    4    3    1
   13    5    2    4    3
   24   24    2    3    2
   18   14    1    3    2
   24   15    4    1    1
    6   28    2    3    1
   21   27    2    4    3
   20   14    1    1    2
   11   24    2    1    1
    6   15    1    1    1
    4   11    3    1    7
    1    2    2    1    2
   29    9    3    2    6
   30    8    1    4    2
   23   14    2    1    1
   29   29    2    4    6
   21   28    3    1    1
    1   19    3    3    2
    2   16    1    1    1
    3    2    4    2    1
   29   28    1    4    1
   19   19    2    4    1
    5   20    3    3    1
   12   10    1    2    1
   30   16    3    3    6
   29   17    1    4    2
    4    4    1    2    9
    5   22    3    2    1
   22   22    2    4    1
    8   22    1    4    1
   14   22    3    4    1
   14   27    3    3    3
   28    8    1    2    1
   25   17    3    4    1
    9    4    1    2    2
    9    3    1    1    1
    4   18    2    4    3
   11   13    1    4    8
    2   10    4    4    5
    1   17    2    3    4
    7   16    1    3    2
   19    6    4    4    3
   23   28    4    2    1
    2   12    4    3    1
    4   12    3    4    1
   28   13    4    4    1
   12    5    4    1    1
   17    7    2    4    1
    3    7    4    2    2
   19   23    4    1    1
   28    3    4    2    1
   14    4    3    4    1
   18   12    3    3    1
   19   24    4    1    1
   25   27    3    4    2
   27    7    3    4    1
   14    1    4    1    8
    3   27    1    4    1
    3   29    1    1    1
    2    5    4    1    1
   30   20    1    2    1
   11    8    3    3    1
   23   27    2    3    1
   10   28    4    1    1
    4   27    1    1    1
    5   19    4    1    2
    2    9    3    4    6
   14    6    4    3    3
   14   29    1    2    1
   25    9    1    4    1
   26    1    3    4    1
    3   16    2    1    2
    7    4    3    2    1
   14    7    1    1    1
   28   14    4    2    1
   29   16    3    1    1
   19   11    4    4    1
   16   19    2    2    1
   23   13    3    1    1
    2   21    4    3    2
   13   24    3    4    1
    4   20    3    3    1
   26   30    4    3    7
   23   10    3    3    1
   11   11    4    3    8
   13   21    4    4    5
   21   18    4    1    1
    6   27    4    1    4
   17    3    3    3    1
    4    6    3    3    1
   17   26    2    2    1
   17   15    4    1    6
   13   16    1    2    9
   30   12    1    1    3
    3   23    2    4    1
   21   11    4    1    2
    9   11    2    1    1
   25   14    4    2    1
    8   15    4    1    1
   17   21    4    1    1
    3   18    4    4    2
    1    5    1    2    1
    5   28    2    1    1
   14   16    2    2    1
   23   18    2    2    1
    5   26    4    1    1
   10   10    1    3    4
    6    3    4    3    1
   22   27    4    4    1
    1   15    3    3    2
   23    4    3    4    3
   29    2    4    3    2
    8    8    4    2    3
   15   26    4    4    1
   24   26    2    4    1
   28   27    2    2    5
   27   15    4    2    5
   20   26    2    3    5
   25    4    3    1    1
    1   23    4    1    1
    4   28    3    3    1
    5    9    3    2    1
   26   14    2    1    1
   26    9    1    4    1
    6   24    4    4    1
   28   30    1    1    1
    3   19    4    2    1
    7   26    3    3    1
   27   27    1    3    8
   21   12    1    1    8
   15   19    1    3    1
   24    8    1    1    1
   26   27    4    1    1
   21   23    3    2    1
    9   20    1    3    1
    9   14    4    3    1
   26    3    1    3    1
   22   20    1    4    1
    7    7    1    3    1
   30   30    2    1    1
   10   20    4    3    5
   11   10    3    3    3
    8   21    4    4    2
   13    1    4    1    1
   27   13    2    3    1
   11   29    1    2    1
    8   27    3    2    1
   21   29    2    1    1
   22   11    4    2    1
   19   13    2    3    1
   25   13    2    1    1
   13   22    2    1    2
   11   14    3    2    1
    2   28    2    2    1
   21   26    1    4    1
    2   23    2    3    1
    2    2    4    2    7
   20   23    3    4    1
   22   26    3    3    5
   29    4    3    1    1
   19    8    3    4    3
   27   17    3    2    1
    4   15    3    1    1
   17   18    3    4    1
   16    1    3    2    2
    8   25    2    4    7
   29   22    3    4    4
   17    8    3    3    1
    1   22    2    1    2
   18    6    1    3    1
   16   11    3    1    1
    6   30    1    2    2
   15   25    1    1    1
   30    9    1    4    1
   22   25    4    4    1
   29   13    3    4    1
    2   13    4    4    6
   12    8    1    3    1
    6   17    3    2    2
   29   26    1    3    2
   25   18    2    1    1
   10    5    2    3    1
   19   21    1    4    1
   14   12    4    1    2
   22   15    4    3    2
    2   30    4    4    1
    2   27    1    4    1
    6   20    1    4    1
    5   25    1    4    1
    4    3    4    1    1
    1    1    1    2    6
   11    2    3    1    7
   23   12    4    2    6
    2   20    3    1    1
    1    7    2    3    1
    5   29    3    1    1
   17    4    4    4    1
   17   20    4    2    4
    7   11    4    2    1
   11    5    4    4    1
   29    6    4    2    1
   25   10    2    2    1
   10   13    1    3    1
   15   20    3    3    1
   10   29    3    3    3
   29   20    4    3    1
    9   28    2    1    1
    8   23    1    1    1
   27    1    1    3    2
    5   24    1    3    1
   26   18    2    2    1
   30    7    3    3    1
   13   12    3    2    1
    6    2    1    4    1
   17   11    1    2    1
   15    2    4    2    1
    8    1    4    4    1
    4    2    4    2    8
    2   19    1    3    6
   20   24    3    3    1
    3   15    2    4    2
   27   18    4    1    1
   12   17    2    4    1
   15   15    2    4    8
   19   20    4    1    1
   13   26    4    1    1
    9   12    4    3    1
   12    6    1    2    1
   10   26    2    1    1
   17   22    2    1    1
    9    1    2    4    1
   17    9    1    2    1
    9   16    2    3    1
   23   29    4    4    1
   19    9    1    3    1
   18    1    1    3    1
    8    3    3    2    1
    9    7    4    3    1
    8   16    2    1    1
   11   23    1    1    1
   19   10    3    4    3
   23   30    4    2    1
   24    9    2    1    1
   30   11    2    3    1
   15   14    4    3    2
   14   14    1    3    2
    8   10    2    3    5
   11   26    1    4    5
    7   12    2    2    5
    3   22    4    1    1
   18   18    4    3    6
   21   30    4    2    1
    4    1    1    2    1
    6   22    4    4    1
   21   15    1    3    1
   13   17    4    1    1
    3   11    4    2    4
   16   17    3    3    4
   27   24    3    1    1
   24   16    2    2    1
   20   27    1    1    1
   15   18    1    3    1
   28   26    2    1    1
    5   15    3    2    1
   22   23    2    1    1
   14   13    3    1    1
   15   28    4    2    1
   24   17    2    2    1
   17    5    4    3    1
    5    4    2    4    1
   23    9    2    1    1
   27    5    3    1    1
    6   11    3    1    1
   26   25    3    3    5
   30   14    2    2    1
   11   12    1    3    1
   27   16    3    3    1
    3   10    1    4    1
   21   14    4    4    1
   21   25    4    3    1
   19    7    4    4    1
   10   16    4    4    1
    8   26    1    3    1
    1   11    3    4    1
    9   18    3    3    1
   11   27    4    3    1
   24   29    1    2    1
    7    6    4    4    2
    5    5    1    4    5
    3    5    2    2    7
   20    8    4    3    1
   25   11    1    2    1
   22   12    3    3    1
   16   25    1    4    1
   29    1    3    3    1
   14    5    2    4    1
   28   16    1    2    1
    6    9    2    1    1
    4   24    1    2    1
    1   20    1    2    2
   25   30    3    3    1
    1   21    1    1    1
    5    7    4    2    1
   14   17    2    3    1
   19   25    4    4    1
   24    3    1    3    1
   29    8    4    1    1
   18   19    1    2    1
   25   23    1    1    1
   15   16    2    3    2
   24   23    2    1    1
   25   12    1    1    1
   21   16    1    2    1
   13   30    4    2    1
    2   25    2    2    1
   18    7    2    2    1
    7   23    2    4    1
    9   27    4    3    1
   25   25    1    3    1
   10   27    3    4    1
   28   25    3    1    1
   25    7    1    4    1
   25   24    4    2    1
   18    5    2    2    1
   13   18    3    3    2
   22    2    4    4    1
   10   18    2    1    8
   21    7    1    3    2
   10   24    4    4    1
   12   19    4    4    2
    6    6    4    3    8
   26   26    2    1    8
   10    1    4    3    5
   23   17    2    2    4
   10   21    1    4    4
   15    9    3    1    1
