Rock1Type Rock2Type Rock1Token Rock2Token Rating
   28   10    2    4    1
   22   11    4    3    3
   18   27    3    1    5
    2    6    3    1    6
   27   30    3    3    2
   12   27    2    2    6
   22    1    3    3    7
    9   11    4    3    5
   23   23    3    1    5
   24   11    1    3    7
   11   16    3    1    8
   21   22    2    1    6
   22    4    3    1    7
   19   20    3    3    4
   30   10    1    3    4
   10   10    1    4    8
   11   14    3    3    8
   30    3    1    2    7
   12   16    4    2    4
   20    6    3    2    6
   11   11    4    3    9
   13   26    3    1    7
   27    8    3    4    5
   25    3    3    4    5
    7   21    1    3    7
   23    1    4    2    7
   18   24    1    4    4
   16   24    3    3    4
   20   17    1    2    7
   26    5    3    2    4
    7    6    4    1    6
   15   13    4    3    4
   11    8    3    2    6
   26   26    3    1    8
   19   21    1    4    7
    6   25    2    2    4
   23   14    4    1    9
    4    9    1    2    4
   24   28    1    2    3
   14    2    1    3    7
   19    9    2    4    3
    9   15    3    1    2
   18    7    4    2    6
   20   18    1    1    4
   21   23    2    3    8
    1   18    3    1    6
   21   25    1    2    4
   26   11    2    3    8
    8    2    2    3    6
   19   25    3    3    6
    1    7    1    2    4
   28   11    4    1    4
   20   29    4    1    7
   27   23    1    1    6
    3   19    1    1    7
   25   23    4    2    5
    1   30    4    1    6
   30   13    1    3    5
   20    4    2    3    4
   16    3    3    2    6
    8   29    3    2    3
    6   13    3    1    4
   22   13    1    4    4
   14    9    2    2    4
    8   20    4    3    4
   16    1    2    3    7
   21   12    1    3    9
   27    6    3    3    7
    7   12    4    3    7
   15   16    3    1    8
   14   20    3    2    8
    8   22    1    4    5
   17   13    3    1    6
   27   29    2    4    3
   28   28    1    2    8
   10   15    2    4    8
   18   18    4    1    8
   19    6    4    2    7
   12   12    3    2    9
   27   22    3    1    6
   20   30    2    1    8
    5   11    3    4    6
   25    1    1    3    5
   21    4    4    1    5
   13    8    2    3    6
    3   26    3    3    6
   24    7    2    4    6
    6    3    1    4    7
   13   23    1    3    4
   23   15    1    3    7
   14    8    1    4    7
   24   29    1    4    6
   29   18    4    4    7
   21   10    3    1    5
   28   30    1    3    7
   30    6    4    4    7
   19   15    3    4    8
   11   17    2    4    7
   11   12    1    2    9
   16   10    3    4    7
   19   28    3    4    6
    3   14    3    2    4
   26    1    3    2    4
    3   22    1    2    6
   28    6    1    1    5
    2   24    2    2    6
   20   16    4    2    6
   13   29    1    1    7
   26    2    1    2    6
   20    7    4    4    4
   29    4    4    1    7
   17   25    4    3    7
   12    8    1    3    6
   21    5    2    4    7
   23    8    2    3    6
    7    8    4    4    5
   17   30    2    2    6
   29   15    4    2    4
   20   20    3    4    9
   13    2    2    2    6
   22   16    1    1    7
   27    4    2    3    4
   15   18    2    1    8
   10   27    2    2    4
   18   14    4    3    4
   16    9    2    2    4
   15   26    2    4    7
    4   14    3    4    8
   16    7    2    1    6
   22   25    2    2    5
   12   15    1    2    6
   15   25    4    1    8
   13    3    2    4    7
    2    5    4    2    4
   21   21    3    1    9
    2   10    3    2    7
    6   22    1    1    6
   14   12    3    3    6
    1    2    3    4    5
   24   13    3    2    4
   14    7    1    2    8
   23   29    3    3    7
   17    1    3    4    7
   27   27    1    3    9
    3   21    2    2    7
   20   28    3    4    4
   16   16    2    4    7
   11   23    3    1    4
   19   13    1    1    8
   28   27    2    2    8
   14   27    3    4    4
   10   19    1    4    4
   30    4    4    2    6
    8   18    4    1    4
    9   27    4    4    4
   30   25    4    4    4
   23   18    4    3    7
   24   23    2    1    7
    3    3    4    1    7
   28   23    2    1    4
   15   30    4    4    7
   15   15    1    2    8
   27    1    3    2    4
   19    5    2    1    5
   28    8    2    1    3
    2   11    4    4    5
   24   24    3    4    7
   20   23    4    2    6
   19    8    2    4    7
   15   28    3    3    4
   30   18    1    4    7
   10   23    2    1    4
   10    9    2    1    5
   10   22    4    4    4
   28   18    3    3    4
    6    9    1    2    3
   13   28    2    3    3
    8    9    1    1    4
   12   30    3    1    4
    7    7    4    1    7
   25   29    1    2    5
   10   12    1    3    4
    6   26    2    3    4
   28    7    3    1    6
   28    2    4    2    5
   21   29    3    4    4
   24   26    3    2    4
   11    3    4    4    7
   10    7    2    1    5
    5    9    3    2    6
   21    6    4    2    9
    3   20    1    3    6
    3   12    4    3    7
   15    6    1    2    5
    9    1    1    1    7
   29    9    3    1    6
    5   30    4    1    7
    8   25    2    4    6
   29    2    4    1    8
    1    5    2    3    9
    4   13    3    2    8
    2    4    2    4    9
   22   30    1    1    4
    1   19    4    3    7
   23    6    1    1    6
    6   18    4    3    3
   29   30    2    1    8
   13    5    4    1    7
   24   12    4    3    4
    7   23    4    4    7
   26   21    1    4    4
    1   20    3    1    3
   19    2    2    3    4
    4   12    1    2    6
   15    4    1    3    5
   19   19    3    1    9
   15   27    1    2    6
   24   30    4    3    4
    9   13    4    1    4
   10   11    1    2    7
   12    9    1    1    3
   28    4    1    3    3
    6    6    2    3    9
    8    1    2    3    7
    5    8    2    4    7
   17   16    2    4    6
   12    5    3    2    6
   25   11    3    4    7
    8   21    2    2    5
   26   17    3    3    7
   27   20    3    1    6
   17    3    3    3    6
   18   11    3    2    8
   10   24    4    1    5
   13    7    4    2    7
   19   17    2    4    7
   28   29    2    2    2
   12   25    2    4    7
   22   29    3    2    6
   20    2    4    3    6
   15    5    2    1    4
   14    6    2    3    4
   11    1    1    4    7
   29    5    3    4    6
   11    6    2    1    6
   25   28    2    3    3
   21   30    2    3    7
   20    9    4    3    4
   25   25    3    4    8
    8   16    2    1    6
   24   20    3    4    4
   22    5    3    2    7
   15   21    2    4    6
   30   30    2    4    8
   18   19    1    3    7
   14   15    4    1    4
    5   28    2    3    3
   23   16    2    4    4
    5   23    1    1    3
   27   26    2    2    2
   12    1    3    2    8
    4    4    3    2    9
   30    7    4    4    6
   12   28    1    2    6
   25   18    3    4    5
   27   21    2    3    6
   17    2    1    2    6
   30   23    1    3    5
   11    4    3    4    7
   16   28    2    4    6
   25    7    4    2    5
   28   14    4    4    7
   22   24    4    4    7
   26   23    3    4    6
    1    3    3    3    8
   14   19    1    1    8
   20   26    2    2    7
   10   13    4    4    7
   14   10    2    2    8
   24   25    4    4    7
   28    3    4    4    8
   21   24    1    4    4
    3    5    2    2    8
   25    4    4    4    7
   16   21    1    1    7
   22   12    3    4    8
   15   20    4    3    7
   10    3    4    2    6
   29    3    4    4    5
    2    3    3    3    6
    8    6    3    3    4
   22   23    1    3    7
    3    8    2    1    3
   29    6    2    4    1
   23    3    3    3    3
   19   30    4    1    2
   19   23    1    3    6
   26   18    1    1    6
    9   18    1    4    4
   11   21    3    4    6
   10    4    3    4    5
   12    2    4    1    6
   25    9    2    4    3
    1   24    2    2    3
    5   18    1    2    6
   26   22    4    3    6
    8   26    4    4    3
    4    8    1    4    5
   14   17    1    4    6
   17    8    1    3    4
   10   29    2    3    5
   22   19    4    1    4
    4    3    1    2    4
   17    6    2    4    5
   16   19    1    4    7
    3    9    1    3    4
    2    2    1    4    8
   16   26    3    2    7
   27    3    3    4    4
   12   29    1    4    2
   19   27    2    3    7
    6    5    3    3    7
   24    3    2    3    4
   26    9    4    1    5
   11   29    1    1    7
   10   25    3    4    6
    4   24    1    1    3
   21   14    1    3    4
   15    2    4    4    6
   22   15    1    2    4
   10   17    1    3    5
   18    3    2    2    6
   26   14    4    3    8
   27   11    3    3    7
   21    1    1    4    6
   21   20    2    4    8
   16   14    1    2    6
   11   30    1    2    7
   21   18    3    2    6
   10   26    2    4    4
   30    8    1    1    3
   13   18    4    2    5
   24   15    4    4    3
   15   17    2    2    7
   28   26    3    2    3
    5   17    3    3    8
    1   13    1    4    6
   12   18    3    1    2
   22   18    4    1    2
   23   17    1    4    2
    5   25    2    2    3
   28   22    1    4    5
    5   10    1    2    4
    7   11    1    3    5
   26    7    4    1    3
   24    5    4    1    3
   30    9    2    2    6
   27   24    4    4    2
   14   25    2    1    7
    5   14    2    4    6
    5   27    4    3    4
   13   20    1    2    6
    6   24    4    4    1
    6   12    4    1    8
   16    5    3    1    6
   25   13    1    4    7
   19   12    1    3    6
   17   22    4    4    6
   29   26    4    3    7
    2   18    4    3    6
   17    7    2    2    7
   30   14    2    1    8
   12   20    2    1    6
   15    8    4    4    7
   10   20    3    3    5
    7   19    1    1    6
   17    9    3    4    2
    7    4    1    2    3
   27    2    1    4    2
    2   21    3    3    6
   13   14    3    3    7
    4   23    4    1    3
   23    2    4    2    4
   17   17    1    4    8
   18   17    3    2    5
   26   19    3    2    5
   17   29    1    1    7
   28    9    3    4    1
   28   17    1    2    2
    4   17    4    1    4
    8    8    3    1    1
   18   10    4    3    8
    1    6    3    3    6
   14   29    3    2    6
    6   16    3    1    4
   22    2    2    2    9
    7   22    4    4    7
   27   13    1    2    4
    5    4    1    1    7
   30   26    3    3    6
    2   25    3    4    7
   21   28    2    2    3
   14   14    1    4    8
    8   10    4    1    7
   14   24    4    2    4
   16   27    1    1    4
   13   16    1    2    8
   14   22    1    4    3
   19   29    1    3    6
    9   22    3    3    4
   14    1    4    4    6
    9    9    4    2    8
    9    2    2    4    6
    1    4    2    3    7
    7    5    3    3    3
   23    9    2    3    2
   29   16    3    4    4
   24    8    2    1    3
    1   28    3    1    3
   21   13    2    3    4
   13   11    2    2    7
   27   25    3    4    3
   26   25    4    3    8
   23   12    4    3    7
   20   22    4    3    6
    2   30    2    3    6
   13   13    3    1    8
   27   17    2    3    7
   10    6    4    3    4
    9   24    4    4    4
    1   15    4    2    6
   13   12    2    4    3
    1   29    4    1    5
   29   29    3    2    8
    9   21    1    1    4
   20   25    4    1    7
   16    2    3    2    6
   20   11    1    4    5
    7    2    1    1    5
   10    1    1    2    7
   15    3    3    1    4
   25   16    2    4    6
   15   11    3    2    4
   16   18    2    4    6
   21   17    4    4    3
   27    7    2    2    6
   16   30    3    4    6
    4   19    3    4    6
   18    4    3    2    7
    4    6    4    3    6
    7    9    3    4    1
   22   22    1    2    7
   19   24    2    3    4
    1    1    4    3    8
   29    7    4    1    4
   11   19    4    1    8
    3    7    1    2    6
   20    5    4    3    3
   26    4    2    3    6
   17   12    3    1    7
   12   26    3    3    3
    5    5    3    4    8
   16    4    1    4    4
   17   24    2    2    3
   15    7    1    3    6
