Rock1Type Rock2Type Rock1Token Rock2Token Rating
   14   27    4    2    2
   25    5    2    1    1
   21    9    2    1    1
   15   24    4    1    4
    2   17    3    1    4
    8    1    2    2    4
   15    6    2    3    1
    2   18    1    2    1
   15    1    3    1    1
   11   22    3    3    7
   29    1    1    1    4
    4   23    3    4    5
   22   29    1    3    1
   17   12    2    2    4
   30   25    4    4    6
    4   24    1    4    4
    5    4    4    3    3
    9   30    3    2    3
   14    7    1    3    1
    2   25    2    3    4
   20   16    1    1    6
   14   15    3    1    7
   19   19    4    2    6
   30   14    2    3    6
    9   22    2    3    5
   10   13    4    3    3
    8   25    2    3    7
   18   13    4    4    6
    3   21    2    1    6
    8    2    4    2    5
    7   22    3    4    6
   17   25    1    1    6
   30   27    4    2    2
   10   10    2    1    4
   20   21    4    4    3
   11   14    2    4    4
   14   17    3    1    6
   17   18    4    2    3
    4   14    3    4    4
    2   23    2    4    2
    3    8    2    3    3
   10   17    2    3    2
   24   26    4    3    3
   10    2    3    3    6
    3   26    3    2    4
   17   27    4    4    3
    5   13    2    2    4
   22   16    3    1    4
   16    2    1    1    4
   13    6    4    2    4
    2    2    1    3    9
    7   20    4    3    1
    2   28    1    4    3
    7    5    3    2    3
   11    5    2    1    4
   16   25    1    4    4
    2   19    2    4    5
   18   30    3    4    5
   10    5    4    2    3
   15   16    1    1    4
   13    7    3    4    3
    5    6    1    1    2
    4   18    2    1    3
   30   23    2    2    2
   12   25    1    3    3
    1   24    1    4    4
   13   29    4    3    7
   16   18    2    3    5
   26   11    1    2    2
    1   20    1    4    3
    2   22    4    2    7
   29   12    1    4    1
   26   12    4    2    4
   14   10    3    1    3
   17   24    3    2    3
    1   28    4    2    5
   29   17    4    3    3
    9   23    2    3    4
   21   29    2    4    2
   22   28    2    4    4
   26   23    2    1    4
    3   20    4    3    3
   27   28    1    3    6
   14    8    2    2    5
   11   25    1    2    3
   15   29    4    4    3
   16   30    1    3    7
    4   13    4    3    5
    3   24    3    3    4
   29   30    1    3    2
   13   20    2    3    2
   16   21    1    3    5
   23   11    1    4    3
   25   21    4    4    1
   21   13    1    2    1
   18   29    4    1    3
    4   19    3    1    7
    3   15    4    2    5
   19   12    2    4    1
   16    5    4    4    3
    5   28    2    4    3
   25   23    1    2    4
   13    1    1    2    4
   18   20    3    2    3
   11   20    1    2    3
    9   15    1    4    3
   30   28    4    4    1
    3    2    3    2    2
   12   30    2    4    3
   23    5    1    3    2
    5   27    3    4    1
   26    2    2    1    5
   10    8    3    1    1
    5    8    1    2    1
   15   15    3    1    5
   19   10    1    2    3
   16   29    3    4    2
   27   16    2    1    2
   21    8    1    1    3
   12   20    3    2    5
    2   15    4    4    2
    7    9    3    3    1
   28   11    1    1    1
    6    2    4    2    2
    3    5    1    4    2
   11    3    3    4    2
    1    3    4    4    4
    9    9    1    2    7
   17    4    1    4    1
   15   26    1    3    1
   16   24    3    3    1
   13   19    4    3    2
   26   30    3    1    5
   27   13    2    3    1
    5   24    4    3    1
   29   14    4    1    1
   29   26    2    2    3
   30    1    4    2    1
    7   30    1    4    1
   30   30    4    2    3
   25   28    1    4    1
    5   17    4    3    3
   21    6    3    2    1
   26    4    3    3    1
    2   21    2    2    2
   28   17    4    2    1
    5   12    4    1    3
   28   10    3    3    2
    7   11    4    1    1
   29   28    3    2    1
   11   16    4    2    3
   29    6    3    2    3
    8    4    4    4    2
   21   12    4    1    3
   30    3    2    1    1
   21   19    2    2    3
   23   14    2    1    3
   12    9    2    4    2
   25   20    1    1    1
    6   11    2    3    2
   17   13    2    4    1
    3   10    4    3    5
   28   14    3    3    1
   19    6    1    2    3
   12    1    1    4    2
   27   27    2    1    3
   11   30    1    1    6
   12    3    1    4    1
   29   24    2    3    1
    1    5    2    3    6
   22    1    4    3    1
   26    7    1    4    1
   15   17    4    3    3
   14   16    3    2    1
   16   28    4    4    2
    9    4    4    3    3
    3   25    4    4    1
    8   15    2    1    1
   28   15    1    4    2
   16   16    3    2    6
   29    5    2    3    1
   20   14    2    1    1
    4    4    3    1    9
   16    9    3    3    1
   29    4    2    3    2
    2    9    1    1    1
   22   13    4    1    6
   18   26    1    4    6
   24   21    1    2    2
   27    6    3    4    1
   18   23    1    1    1
   18   18    2    4    6
   14    3    1    3    3
   11   11    1    4    6
    4   20    2    1    1
   11   18    4    3    1
    9    3    1    4    1
    9   29    1    1    3
    7   12    3    1    1
   25    7    3    2    2
   15   13    3    4    1
   27   11    2    1    1
    6    4    1    3    1
   12   23    3    1    1
   20   27    4    1    6
   25   26    2    2    3
   10    1    2    4    1
    3   27    1    1    1
   30    6    4    1    1
   16   12    1    2    3
    3   28    1    3    1
    6   28    4    3    1
   21   10    3    3    1
   17   11    4    3    1
   30   24    2    4    1
   23   19    3    2    1
   22   17    3    1    1
    3    3    3    2    4
   22   22    4    1    2
   27   21    4    1    1
    6    6    4    3    6
    9   25    1    2    2
   17   17    4    2    1
   29    3    3    4    1
   14   25    2    1    1
   10   20    1    2    1
    6   17    1    3    1
    8   12    2    3    1
    1   17    3    3    5
   19   24    2    2    1
   15    4    1    3    1
   23    7    2    2    4
   26   10    3    3    2
   17    9    4    3    1
   18    1    4    2    1
   16    3    1    3    2
   25   22    2    4    1
   16    7    3    3    1
   27    4    2    1    1
   30    2    2    1    2
    6   18    1    2    1
   23    3    4    3    3
   30    4    4    1    2
   12   14    2    3    2
   15   27    4    1    1
   29   25    3    3    1
   13    8    3    4    1
    1    6    3    3    1
   19    1    4    3    2
   16    1    1    2    3
   26   19    1    3    3
   12   10    4    3    1
    7    7    1    3    1
   18    5    1    1    2
   10    6    3    4    1
   13   26    2    2    1
   26    1    1    3    1
   21   15    3    1    4
   26    8    1    3    1
   15   20    3    4    1
   21   18    1    3    1
   25   15    2    2    2
   28   13    4    1    1
   18   22    4    4    1
   24   22    2    4    1
   29   11    4    3    6
    9   10    2    4    5
   28   24    2    3    1
   12   27    1    4    3
    3   22    4    3    1
   27   23    2    2    1
   23   17    3    4    1
   13   23    2    1    1
   22   10    1    1    1
    8   18    3    4    1
   11    1    3    1    2
    4   21    3    3    2
    7    8    4    1    1
   23    6    1    4    1
   25   25    2    1    3
   29    2    3    3    2
    8   24    4    4    2
    6   12    1    2    7
   13   25    3    2    3
   17   21    1    1    2
   22    8    2    2    1
    8   17    4    3    1
    9   28    4    4    1
   20   23    4    4    1
   25    1    2    1    1
    4   28    3    2    1
   22    5    1    3    2
   16   10    3    1    3
    3    4    1    3    7
    5   26    3    2    4
   28    8    2    4    1
    7   28    1    3    1
    4   11    2    1    7
   18    3    4    2    4
   23   23    3    4    1
   27    8    4    2    1
   28   26    3    3    1
    1   23    2    2    1
   30   15    2    1    2
   18   27    3    2    1
   27   22    3    2    1
   24    6    4    1    1
   10    4    2    2    2
   23   15    3    1    2
   23   29    2    2    1
   11   21    3    2    1
   20   30    2    3    6
    9   19    4    4    1
    8   11    1    2    1
   22    6    1    2    1
   22   20    3    1    1
    2   20    3    2    1
   14   13    3    3    1
   22   15    2    2    1
    8   20    4    1    1
    5   19    1    4    1
    9   14    2    2    1
   28   21    2    3    1
   12   15    1    1    2
    9   20    1    2    1
   13   16    4    3    1
   18   19    2    2    2
    3    7    2    2    1
    7    6    2    1    1
    2   13    1    4    6
   29   20    1    1    1
   27    1    4    3    2
    1    7    4    4    1
   14   22    1    1    3
   29   29    2    4    2
   19   30    1    3    4
   24    2    3    4    1
   14   26    2    3    1
   15    7    1    2    1
   19    7    3    3    1
   26    9    1    1    2
    1   14    1    3    2
   24   14    4    3    1
    4   12    3    3    1
   25    6    3    1    1
   20   24    2    2    1
   30   13    2    4    1
    5    5    2    4    1
    9   18    3    1    1
   18    7    1    2    1
   15    5    3    3    1
   26   27    4    3    1
   17    7    3    4    1
    7   24    1    1    3
   23   16    2    1    1
   19   15    2    3    2
   28   23    1    2    1
    4   16    4    4    1
   19   17    1    4    3
   14   21    4    3    3
    9    8    1    1    1
    6    9    3    2    1
   24   12    1    3    3
   14   18    3    2    2
   14   14    3    4    3
    2   27    1    4    1
   21   21    4    1    4
   13   13    2    1    3
   16   26    3    1    2
   20   17    4    3    3
    2   12    1    4    1
   23   24    1    3    1
   12   12    1    4    6
    8   23    2    3    5
   21    5    1    4    6
    8    8    1    2    2
   23   21    3    3    1
   19   22    2    4    1
    4    1    1    4    1
   18   28    3    1    1
   21    1    1    1    3
   24   13    3    1    1
    2    7    4    2    1
   30    8    2    1    3
    7   27    3    1    1
   10   11    1    2    1
   15   11    3    4    1
   23   22    1    4    1
   27   29    2    3    1
   25    4    2    4    2
   15   10    3    2    1
    4    2    1    4    3
   26   17    1    3    1
   20   26    4    4    1
    1    2    3    3    2
    3   13    4    2    1
   25   18    2    3    1
   19   14    4    4    2
   20   28    3    3    2
    6   16    3    2    3
   29    7    3    1    1
   20    6    3    1    2
   22   21    2    3    1
   12   13    3    3    2
   24   18    3    4    3
   12   28    1    4    6
   16   19    4    2    5
   24    9    1    3    1
   24   27    2    3    1
   26   26    1    3    3
   20   20    1    2    6
    4   22    1    1    5
    1    9    3    4    1
   17   30    1    4    4
   26    6    3    1    1
    2   11    1    3    5
   27   19    2    3    1
   19   25    4    1    1
   18   12    3    2    1
   22   26    3    1    1
    8   19    3    4    1
   24   11    4    1    1
   21    7    1    4    2
   24   24    1    3    2
   10   25    1    1    1
   22   30    1    4    1
   13    9    2    3    1
   10   29    1    2    1
   11   12    4    4    1
   21   30    3    1    3
   14    5    1    1    3
   19   29    1    1    2
   14    2    1    3    1
   12   22    4    1    1
    8    6    3    3    1
   10   24    4    3    1
    5   30    2    4    1
   11    9    1    2    1
   10   23    2    4    1
    1    1    3    2    3
    5    2    1    1    1
   10   18    2    4    3
   30   10    3    1    1
   19   28    4    2    2
    3   17    1    2    1
   13   11    1    2    1
    3   19    1    4    6
    8   29    2    2    1
   19   20    2    2    3
    6    3    1    4    2
   24   25    1    4    1
   27    9    4    1    1
    9    5    2    4    1
   21   26    4    4    1
   19   11    2    3    2
   20    5    3    4    3
   27   25    3    2    1
   10    7    4    3    1
    4    7    3    4    1
   15   18    4    3    2
   16    8    3    2    1
   28   28    4    2    3
    6   14    3    3    1
   10   27    1    1    1
   17   16    1    2    3
