Rock1Type Rock2Type Rock1Token Rock2Token Rating
    2   25    3    2    5
   22   12    3    3    3
   14   21    3    4    5
    8   29    3    2    5
    4    4    1    2    8
   26   25    3    3    6
   23   23    1    3    4
    7   13    4    1    2
   28    6    3    2    2
   24   29    1    2    1
    2   26    4    4    8
   18   14    4    2    4
   22   26    3    2    7
   23   21    4    2    6
    7   11    2    1    7
   21   26    1    1    4
   10   14    4    4    5
    4   26    3    2    8
   24    1    3    3    2
   15   12    4    3    3
    6   22    4    1    1
   18   12    3    4    3
   28   15    1    4    4
   12    3    4    3    2
   18   23    1    4    3
   24   15    1    1    3
   16   16    2    3    8
    8    4    2    2    4
    5   27    2    3    1
   24    4    4    3    3
   22   15    3    4    3
   19   18    3    1    5
   27   27    2    3    8
    2    2    1    2    9
   19   29    2    4    4
    6    3    1    4    5
   14   19    3    4    3
   27   15    3    2    6
   17   29    3    2    3
   15   23    2    3    4
   18   11    3    1    3
   12    2    2    1    8
   14    4    2    3    4
   21    2    1    3    7
   19   27    3    2    2
   21   16    3    4    5
   25   13    3    4    4
   28    3    4    4    5
   23   11    2    2    3
    5   28    3    4    5
    9   19    1    2    3
   22   18    3    2    3
    4   28    2    4    6
   13    1    4    4    5
   30   11    2    1    3
   11    5    1    1    5
   24   16    4    4    2
   14   22    4    3    2
   13   24    2    3    5
   25    6    2    2    3
   18   16    2    3    4
    3    4    3    1    7
   18   15    4    3    6
    7    9    2    4    7
   20   14    3    4    6
    3   14    1    1    5
   21   25    3    1    5
   11   26    4    3    5
   17   17    2    3    5
   16    1    3    2    7
    9   20    3    1    1
   18   17    3    1    6
   22   23    1    2    5
    2    5    1    2    2
   29    4    3    3    5
   10    6    4    3    2
   30   30    4    1    7
    5    6    2    4    4
   23   27    2    1    6
   24   28    1    3    2
   18   24    4    4    5
    8    5    3    3    4
   29    2    3    4    8
   28   30    1    2    5
   14   27    2    4    5
   17    8    3    1    3
   22   10    2    2    5
   16   12    4    1    7
   15    1    2    2    7
    8    8    2    4    6
    4   15    4    1    3
   11   21    2    3    7
    3   27    2    4    6
   29   28    3    1    3
    1    6    1    1    2
    2   16    2    3    3
   24   30    4    3    3
    7   16    4    1    6
   23   19    1    4    6
   24   21    2    3    3
   24   20    3    3    5
   12    7    4    2    7
    2   28    4    3    1
    7    2    1    1    5
    1   20    3    1    3
   27   10    4    4    7
   27    1    2    3    5
   30    3    1    1    3
   23   29    4    1    5
   16    8    1    2    7
   30   20    1    3    3
   14   29    4    3    2
   19   28    2    1    4
   12    9    2    2    3
   29    9    4    2    7
   23   16    4    1    6
   12   24    1    1    4
   22    7    1    4    6
    6   27    2    3    5
   28   21    1    4    6
    4   18    1    3    5
    5   20    3    4    3
   11   17    3    3    7
   15   26    3    3    3
    1   10    1    3    6
   26    6    3    3    5
    8   13    3    4    6
   30   13    4    3    4
   18   26    4    3    5
    7    6    4    1    6
   11    8    4    2    5
   21   21    2    4    8
   17   16    2    4    8
    4   30    4    3    7
   18   10    2    2    7
   18    7    1    1    5
   19   30    4    4    4
   29    6    3    2    4
   10   13    2    2    7
   12   26    4    2    5
   12   27    4    3    5
    3   16    2    4    6
   18   28    3    3    3
    1   17    3    3    8
    8   10    1    4    3
   10   17    2    1    7
   27   22    1    3    3
    3   25    3    2    6
   24    2    4    3    5
   18    6    4    2    4
    1    4    1    1    4
    2    8    1    1    4
   20   19    2    4    3
   26    7    2    4    3
   15    2    1    1    3
   21   30    4    4    8
    5   19    1    3    6
    2   17    2    2    8
   12   23    2    1    4
    5    5    3    1    5
   10   10    1    3    7
    9   25    3    4    7
   18    2    4    2    6
   16   22    4    4    4
   14    7    1    2    6
    7    8    1    1    3
   20    2    4    2    3
    8   20    2    3    3
   19    3    2    2    5
   21   22    3    1    3
    7   21    1    4    5
    7   23    1    4    8
   13    9    1    2    8
   22    1    1    3    5
   11   28    2    4    5
    9    1    1    2    4
   13   16    3    3    7
   21    4    4    2    8
    9    5    3    2    3
   16   15    3    3    6
   26   30    3    3    5
   16   26    1    4    6
    5   26    1    4    4
    5   22    4    3    6
   18    1    3    2    4
   13   14    4    1    8
   15   25    2    2    5
   25   25    4    2    9
   24   25    1    3    3
    4    7    3    3    7
    5    1    1    1    5
   12   20    3    3    5
   24   14    4    3    3
   16   27    1    1    4
   30   14    3    2    8
   24    5    1    1    5
    3    9    2    4    2
   29   29    3    4    9
    9   15    4    1    2
   25   22    2    1    4
    5    3    3    4    7
   22    2    3    1    7
   29   11    1    3    7
   25   27    3    4    6
   14    5    3    4    4
   21   27    1    1    5
   20    7    3    1    3
   21   17    3    1    3
    4    9    3    2    3
   19   21    1    3    6
   28   14    1    2    5
   12   28    3    4    5
   20   15    1    4    8
   25    1    1    4    6
    3   26    4    1    6
   29    1    3    4    4
   29    3    1    4    3
   26    9    2    2    7
    1   30    3    3    7
   15    8    4    2    6
   28   28    3    1    8
    6   15    2    1    5
    1   19    2    4    4
   11    4    1    4    8
   24   23    2    4    4
   25   23    1    1    2
    5   10    2    3    4
   19   26    3    1    7
    5   25    3    3    4
   19   24    1    4    8
   16    5    2    3    7
   25   17    2    4    7
    7    3    1    4    4
    1   23    4    1    2
    5   17    2    2    3
   13   13    1    2    8
   22   17    1    2    6
   16   25    4    3    5
    4   23    3    1    5
   17   14    4    2    7
   23   13    2    3    7
   29   18    1    2    6
   20   16    1    3    5
    8   28    1    2    5
   11   27    4    3    4
   14    8    1    3    3
   10   30    1    1    7
   13    3    3    2    2
   13   19    4    3    8
   27    2    3    1    6
    9   27    1    3    3
   16   10    4    1    4
    7   28    2    3    5
   20   20    1    2    9
    4    6    1    2    7
    8    9    3    4    4
   22   19    2    3    7
   19   17    1    1    6
    4   25    2    3    5
   22    9    4    3    3
   29   27    4    2    3
   29   25    3    1    5
    8   12    4    3    7
    7   24    4    1    6
   16    6    1    3    3
   29   20    2    3    3
   25   10    1    2    5
   29   15    1    1    4
    4   17    4    2    7
   18    9    1    1    5
    1   11    3    1    4
   24    8    1    2    3
   23   28    4    1    5
   16    9    4    1    5
   13   21    2    1    4
   17   28    2    2    3
    1   12    1    1    7
    9   28    1    4    4
   30   25    4    4    5
   10    3    3    2    5
    1   14    4    4    6
    7    1    1    3    4
    6   30    1    3    5
   24    9    2    1    5
    1    3    1    1    3
    3    3    2    3    6
    9    6    2    3    3
    1    1    4    1    6
    2   19    1    4    6
   27   17    1    3    5
   13   26    3    4    7
    4   10    4    2    6
   11   11    1    3    8
   20   23    3    4    4
   15   10    3    3    5
   30    8    4    3    2
   12   11    1    1    8
   10   23    3    3    7
   29   10    2    1    6
   16    4    1    1    5
   10   26    4    3    4
    8   22    4    2    5
    6   19    2    3    2
   20   26    4    2    4
   27   20    4    3    4
    4   22    3    2    8
    6   11    4    1    6
    7   10    4    1    2
   12   21    2    4    7
   11   14    3    2    5
   27   24    2    2    5
   17   26    2    3    7
   23    3    2    2    3
   10   11    1    4    5
   30    5    1    3    7
   22   24    1    4    4
   30   22    2    2    4
   14   14    2    1    7
    7   15    1    2    6
   10   28    2    2    4
    7   19    3    4    6
    9   11    3    1    5
    6    8    2    3    2
    4   12    3    1    8
   15    3    4    4    6
   21    8    1    3    4
   27   13    3    3    5
   29    7    1    4    3
   29   26    3    2    7
   17    3    3    1    5
   26   24    3    3    4
   16   14    3    1    7
   23   17    4    1    5
    1    2    2    2    4
   17   30    4    1    4
   18   18    2    3    7
   21   10    1    3    4
   15   13    4    1    6
   12   13    1    2    2
   26   28    3    2    3
   11   19    4    2    8
   27    4    1    1    3
   25   14    2    1    6
   12   10    3    4    5
   13   22    3    1    4
   13   11    2    1    6
   20   18    1    4    4
    1    8    4    4    4
   20    6    3    2    3
   12    6    4    2    8
   27   28    1    3    8
    5   18    4    1    7
   24    6    3    1    5
   21    1    2    2    5
    8    3    3    4    5
   22   20    4    3    2
   30    7    4    2    7
    9    9    3    1    9
   14   15    2    4    6
   15   11    2    2    4
   20   28    3    2    3
    9   14    2    1    4
   12   12    4    3    8
    7    7    4    2    6
   17   24    1    4    4
    5   29    4    2    3
   13    4    1    4    6
    7   27    1    2    3
   27   26    4    1    3
   27   18    1    2    7
    6   14    1    1    7
    6   21    4    4    8
   28   25    1    2    2
    5   15    2    3    3
   13   20    1    4    3
   22   28    1    2    5
   14   26    1    3    5
   10    2    1    4    5
   25   19    3    4    5
   11   24    1    4    4
    3   11    3    2    5
   26   26    3    4    8
   22   22    2    1    5
   19   19    1    4    7
   26   23    3    2    8
   23    5    2    1    4
   20   21    2    2    6
   23    8    4    2    4
   30   29    2    4    3
    2   13    4    3    7
   15   30    4    1    6
   24   24    3    4    5
   19   10    2    3    4
   29   22    2    1    4
    9   17    4    1    2
   13   17    3    1    7
   29   12    4    2    2
    5   21    1    3    4
    2   23    2    3    7
    6    2    3    1    7
   30   23    4    1    2
    7   17    3    1    3
   24   10    2    3    5
   12   25    4    1    2
   25    7    3    4    3
   20    3    1    1    2
   15   21    1    4    2
   25    8    4    2    7
   13   28    3    2    4
   16   11    2    3    5
   15   17    4    4    7
    9   10    4    3    5
   20   11    1    4    2
   13    6    2    1    3
   25   18    1    1    8
   12   19    4    3    3
   21    9    1    4    2
    6   17    1    3    8
    3   18    2    4    4
   17   12    2    4    6
    3   24    1    1    5
    3   21    3    4    4
   30   27    1    1    2
   19   15    1    2    3
   12    5    2    4    7
   13   18    4    3    6
   22    3    1    4    4
    3    2    1    4    3
    5   13    4    2    7
   28    1    1    4    4
   22   11    3    4    7
   14   12    4    1    7
   29   16    4    1    4
    2    4    3    4    8
   16   28    2    3    2
    8   18    2    3    3
   30   18    1    2    3
   23   14    1    4    2
    2   11    2    4    7
   30   12    3    3    7
   21   29    3    4    4
   26    1    1    1    4
    6    6    4    3    8
   21   18    2    2    4
    7    5    1    4    3
   17   20    1    3    7
   14    2    4    3    7
   25   11    2    2    5
   10   20    1    4    4
   30   16    3    4    6
   19    8    2    2    4
    4   19    3    3    7
   15   15    1    4    7
   20   25    4    1    3
   27    8    3    2    2
   29   13    3    2    4
    4   20    1    1    2
   30    2    1    1    6
    6   23    2    1    4
    9    2    1    2    5
   30    9    1    3    3
    9   23    1    1    4
    5    4    2    1    3
   19   16    1    1    4
   26    8    1    4    2
