Rock1Type Rock2Type Rock1Token Rock2Token Rating
   24   24    4    1    1
   27    5    1    1    1
   16   29    3    3    2
   11   10    4    2    2
    1   18    2    1    3
   14   28    1    4    2
    1    6    4    3    2
   26    2    4    3    4
   28    9    4    1    3
   21   21    4    1    4
   29   25    3    2    4
    9   11    4    3    4
   20   14    4    1    3
    3   23    1    1    1
    4    5    2    1    3
   17    3    3    2    4
   19    4    3    4    4
   16    1    2    2    2
   14    2    4    2    2
   12    4    2    2    4
    1   21    3    4    3
    9    7    1    2    2
    4    4    1    2    7
    1   30    1    1    3
   17   28    4    2    2
   27   13    2    1    1
   17    4    2    4    2
   14    5    3    4    2
    2    6    2    3    3
    9   14    3    2    2
   13   30    2    4    2
   27   10    1    2    2
   10   18    1    4    2
    1   15    2    3    2
    4   20    4    4    1
   23   27    2    3    1
   25    1    3    4    2
   29   15    2    2    1
   24   27    3    3    1
   19   12    3    4    2
   20   20    4    3    6
    5   18    2    4    3
   20   12    1    2    3
    9    1    2    3    2
    2    9    1    4    3
   23    7    1    3    1
   18   24    1    3    4
   12    1    3    2    3
   24   14    4    2    1
    1   26    4    3    1
   10    3    4    3    2
   30   17    4    1    3
    6   28    2    1    1
   28   11    1    2    1
   18   18    1    2    5
   21   26    2    1    4
   23   17    2    4    3
    2   10    3    2    3
   30   30    3    2    7
   16    3    2    4    3
   26    7    1    2    3
    8   11    2    1    3
   22    5    1    3    2
    5   16    4    1    4
    6   29    3    4    3
   21   10    2    1    1
   11   24    3    3    2
   27   26    4    1    2
    4   13    1    4    5
    5    7    2    3    2
   11   12    2    2    3
    3   29    4    3    2
   10   14    2    3    4
   15   22    4    2    2
    8   19    3    2    1
   27   12    3    3    1
   23   15    1    2    1
    8   21    1    2    1
    7    3    1    2    2
   16   16    2    1    3
   23   19    4    4    2
   24   25    4    1    1
   20    2    3    3    1
   12   23    4    2    1
    2   17    3    1    2
   21   16    1    1    3
   13   21    1    4    2
    3   28    2    4    3
   25   28    3    3    2
   16   11    2    2    2
   29    9    1    1    4
   20   18    3    3    4
    7   27    4    4    4
   24   28    2    1    1
    1   28    2    2    2
   29   30    3    2    1
   13    6    4    2    3
   13   16    1    4    3
   17    6    3    1    3
    4    1    4    3    2
   12    2    2    4    3
   11   21    4    3    3
    2   21    4    4    3
   30    5    1    1    3
   18    7    4    2    3
   22   19    3    4    3
   14   18    3    1    3
    2   27    2    1    2
   28   23    2    4    2
   24   13    2    2    3
    9   20    2    2    1
   30    3    2    4    2
   30   10    3    4    6
   19   17    3    4    5
   28   29    4    1    5
   20   21    1    2    4
    1    3    1    3    3
   11    2    2    3    4
    7   16    1    3    3
   11    7    1    4    2
    5    9    1    2    4
    8    1    2    2    3
   26   25    1    2    5
   11   23    1    3    5
   17   12    4    2    3
    5   17    1    4    3
   27    6    1    4    3
    6   30    2    1    3
    7    4    4    3    2
   19   19    3    4    3
   20   29    4    3    1
   30    4    1    3    2
   14   17    2    1    3
   10    8    2    4    2
   11   11    3    4    4
   18   29    1    4    3
   26   24    4    3    2
   15   10    3    3    1
   21   14    2    2    4
   11   20    3    3    2
   10    4    4    3    2
   26    6    1    4    3
   11   17    4    3    3
    3    5    2    2    3
   19   28    3    3    1
   27   27    4    2    5
   15    5    4    1    4
   17   29    3    1    1
   23   16    1    1    2
    9   21    4    1    1
   19    5    2    2    4
   27   21    1    1    4
   17    1    3    2    4
    9   24    4    3    4
   28    7    4    2    4
   12    9    4    1    1
    5   24    3    2    1
    4   11    2    1    5
   25    3    2    2    4
   11    3    2    1    4
    8   18    4    1    3
   14    1    2    2    4
   15   13    4    2    4
   22    1    1    3    3
   14   15    3    1    2
   22   25    4    1    2
    2   28    1    3    1
    7   25    4    4    2
   21    3    4    4    2
   10   29    2    2    1
   22   22    2    3    4
   28   28    4    3    3
   18    4    1    3    3
   14   30    3    1    2
    6    6    3    1    4
   26   28    2    4    3
   27   18    3    3    3
   15    3    2    1    2
   19   26    1    3    3
    5   20    1    2    1
   19   14    1    1    2
   15   15    2    4    3
    9   23    2    3    3
   19   21    3    3    2
    5   10    2    3    2
   11   13    2    3    2
   22    6    4    3    1
    7   29    3    3    1
    2    1    3    4    2
   10    1    4    4    3
   28   21    2    4    3
   12   28    1    3    3
   15   12    3    2    2
   28    5    3    4    2
   10   10    1    4    3
   22   29    2    2    2
    7   12    1    3    2
   24    4    3    4    2
   12   29    4    1    1
   10   26    3    3    2
   25   14    1    1    3
   27    9    4    4    1
   26   15    1    1    2
   14   14    2    3    9
   15   27    3    4    2
   22   20    4    1    1
   29   29    2    1    4
   13    9    2    2    4
    9    3    4    2    1
    3    8    4    3    2
   25   13    4    2    3
   25   17    3    1    6
    3   22    4    3    2
    2    2    2    3    6
   19   29    4    1    2
   23    8    2    4    1
   26   14    3    2    1
    7    2    3    4    2
   29   27    1    1    1
   19   30    2    4    2
    8    7    3    4    1
   10   16    3    4    2
   25   10    1    1    2
   25   16    1    3    3
   17   17    4    1    6
   18   28    3    2    3
   12   16    3    4    3
   24   17    2    2    2
    2   16    3    2    2
    2   30    1    1    5
   25   11    3    1    1
   21   23    3    1    1
   27   19    4    1    1
    7    7    1    3    2
   17   20    2    3    2
   18   19    4    2    2
   24   16    4    3    1
    1    1    3    1    2
   25   19    4    3    2
    6   19    4    4    1
   13   23    4    2    2
    8    2    1    2    1
   14   13    1    3    2
    8    5    3    1    1
   15   16    2    4    4
   25   12    2    2    3
   25    8    2    3    2
    4   21    3    2    2
   15   17    4    1    2
    9    8    1    2    3
   11    1    3    3    3
   20    6    4    3    1
   24    7    3    4    1
   14    3    1    2    2
   26   18    1    2    2
   11   18    1    2    2
   23   23    4    1    1
    8   20    2    3    1
   25   30    3    2    4
   30   16    2    2    2
   18    6    1    4    1
   18    3    1    2    2
    9   16    1    4    2
   30    7    1    3    1
   20   23    3    3    1
   12    3    2    2    2
   21   18    4    1    1
    6    9    2    2    2
   30   23    3    3    1
   19    1    3    3    2
   14   16    4    2    3
   14   11    1    1    3
   10   12    2    2    1
   23   14    4    2    1
   29    2    1    3    3
   27   25    1    4    2
   20   28    1    3    2
    8   30    2    3    2
    5   29    4    2    1
   27   17    4    4    2
   26   29    2    4    3
   18   15    2    1    2
   12   18    4    3    1
   30   28    1    1    1
   27   22    2    1    2
   13   12    1    4    1
    6   15    3    3    1
   22    7    4    4    1
   22    4    4    2    2
   11   27    3    1    1
   13    7    1    2    2
    4   14    4    2    2
    4   29    1    3    4
   13   13    3    1    9
   22    9    3    4    7
    7   21    4    2    4
   24    8    4    2    1
   20   25    4    3    1
   17    9    2    2    1
    4   15    4    3    1
   19    3    2    2    2
   13   10    4    2    2
    9   19    4    2    1
   16   18    3    2    1
   18   13    4    1    2
   30   26    3    4    2
   19   24    2    1    3
    4    3    3    2    3
   26   13    3    4    3
   30   11    4    1    3
   13    5    1    3    1
   21   15    1    4    2
   19   11    2    1    2
   24   21    1    3    2
   26   26    3    4    8
   29   13    1    1    5
   13   19    3    1    7
   18   30    4    4    4
   21   25    4    4    2
   10    9    2    3    2
   19   16    4    4    3
   18    9    2    4    2
   30   22    1    2    6
    6    7    2    2    3
   11   26    1    2    3
   28    8    3    1    1
    2   23    1    4    3
   25   15    3    3    2
    2   15    4    2    1
   17   22    1    4    2
   22   21    4    2    1
   25   23    1    2    2
   12    8    4    2    1
   14   29    1    1    2
   28   15    1    3    3
   30   27    3    3    1
    8   26    2    2    2
    1   23    4    3    1
   23   18    4    1    1
    8   29    2    2    2
   28   16    1    1    2
    6   10    1    2    1
    4   23    2    3    2
   30   15    3    4    6
   23    6    4    4    5
   22   16    2    2    5
   24   30    3    4    4
   24   22    2    2    3
   29   21    2    4    2
   22   10    2    2    2
    2    5    1    2    1
    1    7    1    2    2
    7   20    3    3    1
    5   25    1    2    1
   28   13    2    1    1
   15   20    4    1    3
   19   10    2    1    2
    6    5    2    4    2
   29    1    1    3    1
   17   10    4    3    1
   22   26    4    3    2
   25   25    2    3    8
    3    2    1    1    5
   27   28    4    2    5
   23    5    2    2    1
   24   10    2    2    1
   12   26    1    1    1
   24   23    4    2    2
   25    9    2    4    1
   23   22    2    4    1
   18    2    2    2    1
    6   12    1    4    8
   19   15    2    4    3
    3    3    1    3    5
   13    1    4    4    4
    6    3    3    3    2
    2   22    2    4    1
   16   17    4    2    2
    3   20    2    1    1
   14    6    1    1    4
   10   28    3    4    4
   27   20    4    2    4
    5   12    4    2    3
   14   27    2    2    2
   20   24    1    1    1
   17   26    2    4    4
    4   27    3    3    2
   20   16    4    4    3
   29   11    4    1    3
   12   30    1    1    2
    1   24    4    2    2
    2   24    3    4    1
    8   17    1    4    2
    6   11    3    2    2
   22   11    2    3    6
    9   30    1    4    1
   25    6    3    2    1
    5    5    2    1    3
   27   16    3    2    2
   24   12    4    4    1
   22   14    3    2    1
   16    4    3    1    3
   26   23    3    4    2
   28   22    4    1    2
    5    1    4    3    5
    4    2    3    2    4
   30   20    1    4    2
    2   19    1    4    3
   26    4    4    1    2
   17   13    3    2    2
    7   17    1    1    2
    9    9    4    3    8
    3   24    2    4    1
   18   17    2    3    3
   15    7    1    3    2
    6   24    1    4    1
   13    3    4    2    1
   26    3    4    4    2
    4   25    4    2    7
   12   12    1    3    5
    6   16    1    4    4
    2   13    2    4    3
    4   28    3    4    2
   20    1    2    4    2
   27    8    2    3    1
   15    9    4    4    1
   20   19    1    3    1
   19    7    3    3    2
   29   24    1    2    2
    8   22    3    3    1
    8    8    1    2    1
   15   11    4    1    2
   22   18    3    1    2
   21   30    2    4    3
   10   23    1    1    1
   12   22    4    1    1
    9    4    2    1    4
   21   17    2    1    4
   26    5    2    2    2
    5   11    3    3    2
   10   20    4    1    2
    5   21    4    3    4
    4    8    1    4    4
   16   26    4    2    3
    8   13    3    1    2
    8   16    1    1    2
    1   27    3    3    1
   13   20    3    4    1
   24   15    4    3    1
   26   20    2    4    4
   29   23    3    1    2
   25   18    2    1    2
    6    8    3    1    1
   21    6    3    4    5
   12   21    2    1    7
   14   12    4    2    5
   22   13    4    3    2
    8   14    2    4    2
   27    3    1    1    1
   14    7    2    2    3
   10    7    4    1    2
   25    2    3    3    2
    4    6    2    4    3
   15    8    2    4    2
   26    9    4    1    3
