Rock1Type Rock2Type Rock1Token Rock2Token Rating
    2    1    3    2    2
   29   15    2    3    1
   22   25    4    1    3
    1   28    4    1    1
   27   13    2    1    1
    9   18    1    1    4
    2   11    1    2    6
    7   23    2    3    4
    5   14    1    1    3
   28   13    1    3    1
   18   13    1    2    7
   13    7    1    2    4
   25    6    3    3    1
    7   19    1    2    2
   25   11    4    4    5
   19    3    1    3    6
    2   28    2    1    1
   20    6    1    2    4
   16   21    3    1    1
   18   11    2    4    3
    2   13    1    2    1
   10   14    2    1    2
   26   16    3    3    4
   23   10    2    4    3
   16   20    3    1    4
   21   28    3    1    1
   29    4    3    4    5
    7   14    2    1    6
   27    7    2    2    3
    8    9    2    3    7
   13   13    2    1    8
   27   30    1    1    3
   30   26    3    2    4
    9   21    2    2    1
    7    7    4    3    7
   20   11    1    1    4
    6   24    2    1    1
    7   24    3    2    5
   17   17    2    4    4
   27   19    3    4    5
    3   22    1    2    6
    9    1    1    1    4
    6   16    3    2    3
   29    9    4    1    6
   26   12    2    2    3
   30   30    4    1    7
   26   19    2    3    6
   11   11    3    4    8
   26   13    1    1    6
    5   28    2    1    2
   18    7    4    3    1
   25   24    2    2    1
   16   18    4    1    6
   25    1    3    2    4
    5   26    4    1    1
    9   15    4    3    3
   22   27    1    2    6
    1   11    3    4    7
   21   10    1    1    2
   28   28    4    1    5
   30    3    3    3    7
   30   12    2    1    4
   14   18    2    3    4
    3   13    4    3    3
   26    2    2    1    7
   22   20    2    2    4
   21   12    3    1    8
   18   27    1    1    4
    4   14    1    2    2
    4   17    4    2    7
   11    3    1    1    4
   22   29    3    1    7
   11   17    2    2    5
    4   12    1    4    2
    4    4    2    3    9
   17   27    2    1    1
   28   10    2    3    3
   29    1    4    2    1
   15    4    4    3    4
   16   17    4    3    6
   20    1    2    2    4
    5    9    3    3    2
    3   20    2    2    1
   22   21    1    1    2
    7   28    4    4    6
   26   27    2    1    1
   27   24    1    2    1
   24   23    4    1    1
   25   28    3    2    1
   22   18    4    1    1
   15   21    2    4    3
   10   19    4    4    4
    4   19    3    1    9
   15    8    1    2    1
   27    6    2    1    1
    5   20    1    1    1
    9   24    2    2    7
   22    9    4    1    4
    2   30    1    4    7
    3    3    1    4    9
   11    7    4    2    6
   14    3    3    3    3
    4    9    1    4    4
    7   22    3    2    8
   25   14    2    3    7
    9   13    1    2    4
   13   15    3    3    5
   19    9    3    1    8
    3    4    1    1    8
   24    2    4    2    5
   28   22    3    2    4
   15   24    1    1    2
   16    5    1    3    8
   18   18    2    3    9
   13   11    4    2    6
   22    4    4    1    3
   14   12    3    3    4
   16   11    2    4    5
   27    3    1    3    1
   14    1    3    3    4
   13    6    2    1    1
    8   24    1    3    1
    9   25    1    2    5
   16    2    4    3    4
   15   27    3    4    7
   24    4    3    4    8
   13   24    3    3    4
   16    4    2    3    3
   18   20    3    2    6
    5   18    2    2    7
   28   27    2    3    8
   26   28    4    4    1
   19   17    2    2    5
   24   24    4    1    1
   25   18    3    4    4
    5    7    4    1    6
   28   20    4    3    1
   10   20    2    4    4
    8    4    3    4    1
   18   12    4    4    2
    9   10    1    1    1
   20   17    4    1    5
    9   30    4    1    4
    4    2    1    4    8
   13   21    2    3    5
   28   24    4    4    4
   11   26    2    4    2
   27    9    2    2    1
   28    6    2    1    1
   25    5    2    2    1
   30    4    2    1    4
    6    5    1    3    1
   12    2    2    2    3
    5   19    3    2    2
   15    2    4    1    3
    2   18    2    3    1
    6   11    2    4    3
   19    1    3    2    2
   11    9    3    1    4
   30    5    4    1    1
   12   15    2    2    3
   19   29    1    3    7
   12   20    1    3    6
   30   13    4    1    4
   23   30    4    4    3
   18   24    2    4    1
   19   22    2    1    1
   18   28    3    4    3
    1    6    2    3    1
    5   22    1    4    5
    8   23    3    2    1
   25   26    4    1    9
    1   27    4    1    1
   11    4    3    2    8
   14   30    1    1    6
    6    2    3    3    1
    8    8    2    1    7
   17    9    3    4    1
    3   16    2    1    4
    3    1    2    3    8
    7   12    3    4    4
   25   23    1    3    3
   23    6    2    3    6
   10   18    4    3    8
   16   23    2    1    1
   28   17    3    4    2
   17   24    4    2    1
   29   18    4    2    4
   18   21    2    1    2
    6   21    2    1    7
    8   20    1    4    1
   29   30    4    3    4
   22    6    3    4    2
    6   19    2    2    3
   16   29    4    1    6
   24    1    4    2    3
   12   29    2    4    2
   16    7    2    4    1
   17   10    4    2    4
   14   21    1    4    5
   12   22    1    4    1
   24   16    2    3    1
    9   28    2    3    1
    4    1    3    2    3
    3    6    4    4    4
   12    8    1    4    7
   13   12    4    3    5
   17    8    3    1    1
    8    6    2    4    1
   10   27    2    1    5
   29    6    2    3    1
   16   25    2    4    5
    1   22    2    1    7
    7   30    1    4    4
   13   22    1    2    2
    5   17    1    3    5
   13   19    2    3    3
    4    6    3    4    2
   23    9    4    3    1
   10    6    4    3    1
   25   25    3    1    6
   15   23    1    4    3
   10   15    3    2    2
   30   25    1    1    7
   21   17    2    4    4
   15   15    1    3    8
   14   19    4    2    7
   18   23    4    2    5
   22    2    4    2    2
    4   28    2    2    1
   16   16    4    2    8
    9    7    1    3    4
   12    5    1    4    2
   21   23    4    3    6
    1   16    4    2    3
   26    6    3    3    1
   11   30    4    1    2
   16   13    3    4    4
    2   25    4    1    8
    8   16    4    3    2
   15   30    2    2    6
   18   30    1    2    8
   11   14    4    3    4
    9   16    2    1    2
   13   29    3    2    1
   23   22    3    1    4
   13   23    1    2    2
   28    8    2    3    5
    2    2    2    4    9
   24   20    1    3    6
    1   26    3    3    2
   11   21    1    4    6
    3    8    1    4    1
   14   13    3    2    1
   24    5    4    1    1
    6   12    1    2    7
   28   14    4    2    4
   20    4    1    2    2
   11   12    3    4    5
   25   10    4    1    4
    1   12    1    3    6
   27   14    1    2    4
   23    5    4    1    7
   19   20    2    1    1
    7   20    2    3    2
   20   26    2    3    6
    2    9    4    2    6
   19   19    3    4    6
   10    1    3    4    7
   11   23    3    4    4
   28   12    3    3    3
   25   27    2    1    5
    3   18    4    3    4
    6    6    2    3    2
    2   17    1    1    8
   27   27    2    4    9
   18   15    3    3    7
   10   30    3    4    4
    4   18    2    1    3
   27    5    2    3    4
    3   17    4    3    6
    4    7    2    4    2
   19   12    2    1    3
   21   27    4    3    1
    1    1    4    2    9
   11   19    3    3    9
   27    8    3    3    6
    5    5    4    1    8
    8   11    3    3    5
   17   15    2    4    2
   29   24    1    4    8
   30   24    4    1    1
    1   30    4    4    1
    2    7    3    3    1
   18    8    3    3    4
   24   19    2    1    6
   22   15    4    3    1
   19   16    4    2    2
    8   21    3    2    1
   21    3    2    2    1
   13   20    1    3    3
    7   26    4    4    1
    6   17    4    2    5
   24   21    1    2    1
   14   26    4    3    4
   26   26    3    1    9
   11   24    1    4    8
   23   12    3    1    7
   12   16    4    4    4
   30   19    4    2    3
   28   15    4    2    5
   25   17    3    4    7
    4    5    1    2    3
   17   23    3    2    2
    2   14    2    3    5
    7   10    1    4    4
   11   28    4    2    1
   22   17    3    4    2
   17   18    3    4    5
   15   14    2    3    3
    1   17    2    2    1
   29    2    1    4    8
    2   19    1    4    6
    8   29    3    3    3
    2   10    3    1    1
    8   22    4    4    1
   16   22    4    3    1
   14   17    1    1    8
   10   29    3    4    4
   25   20    4    2    5
    5    8    3    1    2
    3    5    2    2    9
   10   10    2    1    8
   15   25    2    3    7
    9   26    2    1    7
   23   14    2    2    4
   20    2    2    4    2
    4   26    1    4    4
   23    1    2    1    1
   15    1    1    1    1
   26   15    3    2    1
   14   24    1    4    1
    4   27    1    4    1
   30    8    2    4    8
   22   24    2    4    6
    5    2    1    2    4
    8    1    4    1    3
   23   28    3    4    4
   26   21    2    3    3
    4   13    1    1    4
    5   13    2    2    6
   30   22    2    4    1
   26   23    4    2    6
   21    5    3    4    5
   27   23    3    4    3
   21   29    2    1    1
   20   14    4    1    2
   22   11    1    1    1
    7   17    1    2    1
   26    8    4    2    7
   26   22    1    3    1
   29   20    1    2    1
   29   29    2    3    9
   21    2    1    3    7
   26    3    3    2    4
    7    1    2    2    6
    7   25    2    4    4
    3   12    3    1    3
    2    3    3    4    2
   15    7    3    2    3
   21   19    3    4    5
   23   19    3    2    4
   30   21    3    3    7
   20   30    1    2    6
   25   13    4    2    4
   10   13    3    3    3
   15   19    4    4    2
   23   23    1    3    6
   17   12    2    4    7
   22   10    4    1    4
   29   28    1    3    1
    1    5    2    3    1
   30    6    1    1    8
   10    3    4    1    3
   10    4    1    3    1
    9   14    1    2    3
   14   14    1    4    8
   22   22    1    4    1
   10   11    1    1    4
   19   18    3    3    1
    6    7    4    2    1
   20   20    4    3    9
    3    7    4    2    5
   12   24    1    2    1
    4   21    1    1    3
   13    8    2    1    2
   26   17    4    4    4
    9   12    3    4    1
   25    4    4    2    6
   10    5    2    1    7
   21   25    2    1    4
   14   16    2    1    3
    3   25    1    3    2
   28    3    3    3    1
   21    7    3    1    1
   10   16    2    4    1
   12   12    4    2    9
   15   20    2    4    6
   12   10    4    4    4
   29   26    3    1    7
   18    6    2    2    4
    5   11    4    1    2
    8    7    1    3    1
    3   23    4    3    1
   29   25    4    3    2
   27   29    3    2    1
   23   29    1    2    4
   23    2    3    3    6
   30   28    2    1    1
    8    2    2    4    3
   29    3    2    3    1
   26   24    4    4    1
   28   19    4    1    5
   29    7    2    2    1
    9   20    1    2    1
   19    8    3    4    4
   26   10    4    3    6
   14    8    2    2    3
   11   27    2    3    2
   29    5    3    1    1
   27    2    1    3    1
   11   15    3    3    1
   23    4    4    4    7
   28   16    2    3    4
   18    1    2    2    6
   29   14    3    2    4
   17   29    1    4    2
   30   17    1    4    8
   23   20    4    3    4
   17   13    4    4    3
   24    3    1    4    2
   26   18    1    4    3
    8   10    3    3    5
   12   25    1    1    3
   12   27    3    3    2
   15    6    3    1    2
   10   24    1    1    7
    6    9    2    2    4
   14    6    4    3    3
   16   30    2    3    4
    5   15    3    2    3
   22   14    1    1    1
   16   27    3    2    2
   20   27    1    1    3
    9    9    3    1    9
   21    1    2    1    6
    1   13    2    1    4
   29   11    4    1    9
   19   25    1    2    8
   21   20    1    3    4
   15   16    1    1    2
    9    3    2    4    2
   25    8    3    1    2
   21   21    2    4    8
    3   15    2    1    5
