Rock1Type Rock2Type Rock1Token Rock2Token Rating
   25   26    3    4    1
   17   21    2    4    1
    9   21    1    3    1
   14    6    1    4    3
    2   18    3    3    2
   25   15    2    4    4
   12    5    4    3    2
   11   11    4    1    7
   28   14    4    3    2
   16   10    4    1    1
   25   24    1    1    1
    1   29    2    2    1
    4   29    3    2    1
    8    2    3    2    1
   20    4    2    1    1
   28   17    3    4    3
   22   11    4    1    1
   29   29    2    1    6
   20   29    3    2    4
   21   19    4    3    1
    3   25    3    3    1
    6   12    4    1    7
    2   11    2    3    8
   16   12    1    4    1
    3    4    1    3    7
   10    2    1    3    3
    2   17    3    1    1
    2    2    3    4    4
   25    8    3    1    3
   19   28    4    1    1
    2   15    1    1    1
   28   24    4    1    3
   15   12    2    4    1
    1    4    2    2    1
    6   30    2    3    1
    6    8    3    4    1
   19    2    3    3    4
    4    9    1    4    3
   27    5    3    2    3
    9    7    3    1    3
    3    6    3    2    1
   14   15    1    2    1
    9    1    2    4    3
   21   24    3    3    1
   13    6    1    4    1
   13   22    1    3    3
   25   27    4    3    1
    7   24    3    3    1
    6    1    2    2    1
   27    4    4    3    1
   17   22    3    2    1
   14   25    4    3    1
   11   27    4    4    1
    9   24    4    4    2
   10   10    3    4    2
    6   27    3    1    1
   16   11    3    1    1
   19   18    2    1    1
   20   16    3    4    3
   30   10    4    2    1
   11    4    4    3    6
   24   10    1    4    1
    4   25    2    1    1
   13    1    4    3    1
    2   22    4    4    1
    5   18    3    4    1
   12   17    3    2    4
   18    8    1    3    1
   21   21    1    3    7
   15   19    2    2    1
   19   30    2    3    5
    1    3    2    3    4
    6   26    1    2    1
   26   28    1    4    1
   13   19    2    2    1
   28   15    1    2    4
   21   22    3    4    1
   17    8    2    2    8
    9   19    3    1    7
   12   30    2    4    8
   23   27    3    2    1
   13    5    2    3    9
   24    6    2    4    1
   18   23    2    4    1
   15    4    2    3    1
    9   29    3    2    5
   15   15    4    2    9
    2    9    3    4    7
   27   10    1    2    5
   12   10    1    1    1
    5    9    4    3    1
   20   14    3    2    9
   14   13    1    3    9
    1   12    4    2    7
   13    9    1    1    6
   13   15    3    1    1
   13   26    4    2    5
    3   14    1    2    1
    8    9    3    2    1
   15   26    4    3    4
    9    9    4    2    7
   18   28    3    3    6
    9   12    1    1    1
   10   13    4    1    3
    8   23    2    1    1
   20   27    4    4    1
   26   17    4    2    5
   26   26    4    1    5
   23    4    4    1    5
   26   24    3    2    1
   20   13    1    4    1
   18   17    4    4    7
    6   19    4    1    1
   17    9    3    4    1
   16    5    3    4    9
    9   22    1    3    1
   29   15    3    4    5
   17   14    1    1    8
    5    2    2    3    1
    5   14    1    4    6
   23   24    3    3    1
    4   14    4    4    5
    5   28    1    3    1
   21   18    4    1    1
   12    8    2    3    2
    1   19    3    3    5
   26   29    2    1    5
   18   16    2    2    1
   19   24    1    2    1
   22   15    3    3    1
    3    3    3    2    7
   11   17    2    2    1
   25   22    2    2    1
   15   17    1    3    1
   12   14    1    4    6
    7   14    2    2    4
   27    1    4    4    1
   12   20    4    2    1
    7   30    2    2    1
    8    5    4    3    1
   12    2    3    2    1
   22    3    2    4    7
   25    6    2    4    1
   20    2    2    1    1
   20   24    1    4    1
   30    2    3    2    1
   15   11    4    2    5
    7   20    4    4    1
    2    3    1    2    1
   19   26    2    3    1
   10    6    1    3    1
   17   13    1    3    1
    1   20    2    1    1
   30   16    2    3    6
   15    6    2    1    5
   30   27    2    4    1
   15    3    2    1    1
    3   11    1    4    7
   29   16    2    1    1
   26    4    1    1    1
    9    3    3    2    1
   17   23    1    3    1
   19   23    1    3    6
   21   30    4    4    5
    7    5    2    3    1
   12   28    1    1    1
   12    7    4    4    1
   27   15    4    2    7
    4   24    3    2    5
   22   22    3    1    6
   25   16    1    2    5
   27   16    3    2    1
   14   21    3    1    4
   15    1    2    4    5
   25   11    4    1    5
    4   10    1    4    5
   23   21    4    3    5
   28    6    1    1    1
   27   13    3    1    1
   28   16    2    1    1
    6   22    1    3    1
   19   10    1    4    5
   12   24    4    2    1
   25    1    1    1    1
   14   14    3    1    6
   24   24    1    2    1
   20   20    3    1    9
   20   23    3    2    1
    7    7    3    4    4
    4    4    2    3    8
   17   17    2    4    8
    6    2    1    2    1
    3   21    2    3    1
   21    7    1    2    7
   16   24    4    2    1
    8    8    2    1    6
   16   14    2    2    5
   14    2    3    3    1
    1   24    2    4    1
   14   29    2    2    1
   25   28    3    4    5
   18   27    2    3    8
   26   10    3    3    6
    1    1    3    1    5
   11   19    1    1    5
   23    2    1    1    1
    3    5    1    4    7
   16    3    1    1    7
   18    6    2    3    1
   14   27    4    4    2
   14   18    3    1    4
   28   23    2    1    1
   21   10    1    3    1
   23   25    3    2    1
   29   30    4    2    1
    6    6    2    1    9
   16   23    4    4    9
    3   27    4    4    5
   26   27    4    3    1
   28    2    3    1    1
    7    8    4    1    1
   28   21    4    3    1
    8   19    1    2    1
   18   26    2    3    1
    8   21    1    3    1
   16   15    2    2    1
    1   30    1    2    7
   21    4    3    2    6
   19    4    2    2    4
   17    4    3    1    3
   19   19    4    3    7
   26   30    1    4    6
   16   13    4    3    3
    7    3    4    2    7
   13    4    3    3    7
   22    4    2    1    9
   29    2    3    1    7
    7   13    4    1    1
   29   23    1    1    3
    5   10    1    1    7
    1    8    1    1    4
   19   27    2    4    7
   14   11    2    2    5
   27    8    3    4    1
   19    5    1    1    5
   19   22    2    1    1
   23    3    4    1    7
   29   28    1    4    1
   29   27    3    4    1
   15    8    1    3    1
   14    1    2    3    5
   20    3    1    1    1
   27   17    3    4    1
   16    2    1    4    1
   23    6    1    2    5
   28    8    1    2    1
   13   23    1    4    7
    8   22    2    4    5
   29   19    2    2    1
    9   25    3    1    5
   12   26    1    4    1
   25   13    1    3    4
   30    8    3    1    7
   11    8    2    3    3
    9   14    4    1    1
   10   14    4    1    6
   25   25    1    2    8
   21   25    2    1    1
   16    8    3    2    1
   22   10    3    1    1
   26    3    3    4    1
   14    8    3    4    1
    7   11    2    3    7
    5    5    4    2    8
   22   24    1    3    8
    5   20    1    3    1
   11   20    2    2    1
    6   20    1    4    1
   13    8    4    3    7
   10    9    1    4    4
   28   27    2    4    8
    7    6    2    1    6
   12   23    2    4    7
   24   11    1    2    1
   23    1    4    3    7
    1    5    2    2    8
   28   10    4    4    6
   23   22    2    2    5
   30   20    1    3    6
   24    2    1    2    1
   15   20    3    1    1
    7   15    2    2    1
   16   17    4    1    7
    4   12    4    2    7
    9    6    2    2    1
   16   21    4    3    1
   22   26    4    3    3
   30    9    1    4    1
   23   14    3    2    1
   12   12    1    3    8
   19    3    4    4    8
   13    2    3    2    7
   27   27    1    3    9
    7   22    3    3    5
   14   22    2    1    1
   30   14    2    4    1
    6   16    2    1    1
    3   10    3    3    7
   28    1    1    4    6
    8    4    4    1    1
    9   11    3    4    4
    1   17    4    4    7
   17    6    3    2    1
   29   12    4    3    1
    5   11    3    2    1
    5   25    1    3    1
    8   26    4    1    1
   29   18    4    2    1
    3   13    2    4    1
    4   28    1    3    1
   26    9    4    4    1
   28   30    1    1    1
   29   10    1    2    1
    1   11    2    4    1
   12   11    3    4    3
   23    9    1    3    1
    9   16    1    3    1
   25   20    3    3    5
   12   13    3    1    1
   17   25    1    1    8
   18   18    3    2    8
    5   29    2    4    1
    8   24    1    3    1
   10   15    4    3    1
   21    1    4    4    1
   25   30    3    1    7
    4   30    1    1    7
   19    7    2    3    1
    4    5    3    4    8
   18    7    4    2    8
   30   23    3    4    7
   15    9    1    4    1
   25   18    3    3    4
   16   19    1    2    7
    3    8    2    2    3
   21    6    3    1    8
   24   30    2    3    1
   23   10    3    4    1
   13   24    3    1    1
   26   14    1    4    1
   22    5    3    3    4
   12   19    1    1    6
   18   20    3    1    1
   22   12    4    3    1
   15   24    3    2    1
   24   29    1    2    1
   10    7    1    2    1
   30   30    2    4    7
    3   17    3    4    7
   13   13    3    2    8
   21   15    4    2    6
   23   26    4    3    1
   13   30    4    1    8
   18    3    1    1    6
   18   15    2    4    6
    9   28    2    4    1
   20   19    3    2    6
    7   23    4    4    1
   23    5    2    4    1
    2    1    2    1    1
    9   18    1    3    1
   14   19    2    1    1
   11    6    3    4    5
   18   10    3    1    1
    6    4    3    1    1
   20   22    2    1    1
   29    7    1    1    4
   17   29    1    4    1
   30   17    3    3    8
   28   13    2    3    1
   13   21    4    4    1
   29   11    3    4    1
    7    2    4    1    1
    1   22    3    1    4
   21   26    4    3    1
   19   25    4    2    1
   27   24    3    3    1
    2   26    1    3    1
   24   18    3    3    5
   11   18    2    4    6
   26    7    2    2    1
    1   26    4    3    1
   16   16    3    1    8
   14   24    3    3    1
   10   17    1    1    1
   17   19    2    2    8
   13   29    2    3    6
   25    2    4    4    6
    4    2    2    1    7
    4   16    1    4    1
    2   27    2    2    1
    5   17    1    4    1
   27   22    1    1    6
   12    3    2    3    1
    7   16    1    1    1
   27    7    1    2    1
   25    7    3    1    6
    8   29    2    4    1
   17   20    3    3    5
   24    5    3    2    1
    5    6    3    2    1
   25   10    1    3    4
   23   23    1    3    4
   20    8    1    3    1
   15   30    1    3    3
   28    7    2    2    1
   21   20    1    4    1
   20    9    3    4    1
    3   30    3    4    1
   28   20    2    4    1
   22   16    2    1    4
   22   28    3    2    4
    7    1    1    3    4
   28   28    4    3    1
   11   13    2    2    7
   26   16    2    4    1
   29   22    4    3    5
   11   10    2    2    6
    2   21    1    3    8
   29    6    4    4    1
   28   11    4    3    1
   10    8    1    1    1
   21    5    2    2    1
   11   26    3    2    7
    3   29    1    3    1
   30   18    1    2    7
   15    5    4    2    7
   18   13    1    1    7
   12   27    4    2    5
    4    7    1    4    2
    1   16    4    4    7
    3   28    3    3    1
   25   29    1    4    1
   15   23    1    1    1
   21   27    2    4    1
   21   29    4    2    1
   18    1    2    4    4
    3   24    4    3    4
   30    5    1    2    1
   30   22    2    2    1
   17    7    4    4    1
   18    4    2    1    1
   11   30    2    3    1
   23   11    3    1    1
   10    1    3    3    8
    9   27    4    1    1
   17   24    2    3    1
   12   18    1    2    1
   12   21    4    3    7
   20   26    2    3    7
   20   10    2    3    1
   18   22    3    3    1
   12   25    1    2    1
    5   26    3    2    1
   11   21    1    2    2
