Rock1Type Rock2Type Rock1Token Rock2Token Rating
   21   17    1    4    3
    5   23    3    4    1
   17   29    1    1    6
   20   14    4    1    6
    3    3    3    4    6
   24   12    1    1    4
   14   23    4    2    2
   22   22    4    1    3
   15   24    2    1    4
   14    2    1    1    7
   20   29    1    3    1
   16   20    1    3    6
   23   12    3    1    1
   10   25    3    4    8
   16   19    3    3    5
   24   27    2    3    1
   26   10    4    1    5
    1   23    1    4    3
   30   13    3    2    4
   26    2    4    3    8
   10   23    3    2    4
    7   22    3    1    1
    1   27    2    3    3
    1   26    1    2    2
   19    2    1    2    9
   18   20    2    2    4
   19   27    4    4    4
   16    5    3    1    6
    6   19    4    3    3
   14   24    4    3    4
   22   21    3    3    2
   21   14    3    4    8
    6    2    3    1    8
   11   24    3    1    5
   10   28    4    4    4
   25   14    2    4    3
    5   11    4    4    4
    8    3    4    4    2
    1   14    4    1    5
   29    3    2    4    1
   20   15    2    2    8
    6    4    4    2    9
    6   21    2    2    6
    1    3    4    1    6
   26   25    1    4    9
   25    9    1    1    7
   26   11    3    2    4
    2    9    3    3    4
   12   19    1    2    6
   25    1    4    3    3
   11    8    2    3    3
   27   27    4    1    9
    7   17    4    4    5
   15   13    3    2    4
   22   28    1    3    1
   20   23    3    2    1
   18   27    3    4    7
    9   29    1    2    8
    2   30    2    1    6
    3   30    2    2    1
    6   13    3    2    5
    1   20    4    4    6
   16   11    3    2    6
   10   21    1    3    3
   23    3    1    4    1
    4    7    2    2    7
   20    9    2    4    1
   15    3    3    3    1
    8   16    1    2    1
    6   28    1    1    1
    9    3    2    3    9
   28   29    1    1    1
    2   18    3    4    6
   25   20    4    4    2
   29   27    2    2    1
   23    6    4    4    6
   13   12    2    2    3
    3    6    3    1    3
    6   25    1    1    4
   28    5    1    3    4
   11   12    3    2    8
    8   25    2    2    8
    7    6    2    3    8
   21    8    4    3    1
    8   10    1    1    2
   28   30    1    2    1
    5   26    2    3    1
   17   13    1    3    6
    4   25    3    4    6
    6   26    3    2    6
    7   24    2    1    4
   20    8    4    4    2
   16   28    2    2    4
   17   17    4    1    5
   21   18    3    3    7
   10    3    4    3    6
   18   18    1    2    6
   22   16    1    4    4
   13   18    2    2    6
    2   16    1    4    6
   23    2    4    2    6
    8   26    1    2    3
   10   20    2    4    4
    2    5    3    2    1
   10   10    3    4    7
    3   19    3    4    8
    4   18    4    2    5
   12    2    4    2    4
   12   25    4    2    1
    2   10    4    2    6
   18   12    3    1    6
   16   15    1    3    6
   17   24    2    2    4
   29    8    4    2    6
    5    3    4    2    6
    1   19    2    3    4
    2    7    3    1    6
   26   30    2    1    9
   22   15    2    2    1
   15   15    1    4    4
   27   26    4    3    1
    2    2    1    4    9
   25   16    3    4    3
   12   29    4    2    1
   25   29    4    2    9
   14    6    1    4    9
   18   15    1    2    2
   24    4    2    3    5
   24   18    4    4    5
    6   18    1    4    4
   16   30    2    1    3
    4   17    4    3    4
    3   11    3    4    9
   19   22    1    3    9
   16    1    1    4    7
    1    5    4    4    9
   29    2    3    4    9
   14    8    1    2    8
   30    9    4    2    1
   10    4    1    3    6
   26    7    4    1    6
   29   29    1    2    8
   27   20    4    1    9
   30   23    3    4    9
   16    6    3    1    1
   17   28    2    2    1
   29    1    1    1    1
   11    6    4    2    9
   24    9    3    3    7
    4    8    3    4    3
   19   29    1    4    9
   22   27    4    4    1
   15   21    1    2    9
   19   23    3    4    7
    9    9    1    3    9
    7   11    2    2    7
    4   12    1    3    4
    9   14    1    3    1
   30   15    4    4    9
    4   16    4    1    7
   11   21    1    1    8
    7    1    3    4    1
    6    6    1    4    9
    4   22    2    3    7
    7   13    3    4    3
   12    1    1    1    3
   12   30    1    4    3
    2   22    2    2    9
    4   21    1    3    3
   28   28    1    3    9
   15   14    2    3    3
   11   28    4    4    4
    4    1    4    2    4
   24   23    3    4    3
   16   16    2    3    8
   27   16    2    1    6
   21    2    3    1    8
    6   15    3    3    4
    3   13    2    2    3
   18    1    1    3    3
   18   14    3    1    3
    9   21    2    4    1
   19   11    3    2    9
   11   11    2    1    9
    4    2    4    2    9
    9   22    1    4    9
    2    1    4    3    1
   14   27    2    1    4
   11   22    3    1    6
   20   17    4    2    7
   13   27    4    3    6
    5   24    1    2    8
    8    8    4    3    8
    6    5    2    3    4
   13   21    4    2    3
    9    1    2    2    1
   15   27    3    4    8
   29   22    3    4    9
   25   25    3    2    9
   23   27    2    1    4
    5   25    1    1    3
   19   28    1    2    3
   11   14    1    3    2
   18   19    3    1    2
   17    2    3    1    7
   30   24    2    2    1
   11    9    3    2    7
   21   24    2    4    1
   15   12    2    3    1
   28   26    1    2    1
   20   26    1    1    6
   25   17    2    3    6
   28    8    4    1    1
   30    7    2    3    1
   19   19    1    3    9
    7   18    2    1    5
   24    6    2    3    4
   13    5    1    2    5
    5    4    3    1    5
   30   22    1    3    8
   18   26    1    3    8
   26   21    3    3    4
   16    9    3    4    1
   23   26    4    1    2
   28   24    2    2    3
   16   14    3    1    8
    8   19    1    1    1
   15   23    1    2    4
    4   26    2    2    7
   28   15    2    1    3
   10   15    2    2    4
    3   24    2    4    3
   15   29    2    2    1
   26    3    1    4    1
   26   13    2    2    7
    3   12    3    1    3
   23    9    1    1    4
   24   16    3    3    1
    4   11    2    2    9
   25   15    4    3    2
   25   19    4    3    8
   11   18    2    1    6
   19   14    2    1    6
    8   18    3    3    1
    6    1    4    3    2
   26   24    1    1    1
   10   17    1    2    3
   11   20    2    1    2
   25    3    2    1    3
   20    5    4    4    4
   13   29    1    3    8
   17    8    2    3    8
   18   10    3    1    5
   18    9    2    1    4
   21   25    4    4    1
    8   27    1    3    1
   11    1    1    2    2
   25   28    3    2    3
    7    7    4    2    2
   28   20    3    3    1
   10   30    2    1    9
   17   16    4    3    9
   12   17    3    3    9
   15    1    3    1    7
   24   13    4    2    6
   21    5    3    2    5
    8    1    2    2    1
   11   29    4    2    6
   18   28    3    1    4
   27    5    2    1    3
    2   24    4    4    6
   27   30    1    1    4
   17   11    2    1    7
    2   27    3    4    3
   27   28    4    1    1
    4   23    4    2    7
   17   30    1    1    8
   22   17    2    3    4
    8   22    4    2    2
   22   23    1    4    4
   26   26    2    1    9
   23   23    2    1    9
   10   27    4    4    1
   29    5    4    1    8
    6   10    1    2    1
   20    6    2    3    2
   28    1    1    1    3
   20   24    1    2    1
    1    1    2    1    4
    8   30    1    2    3
    3   17    2    3    6
   26   16    1    1    4
   12   28    2    3    2
   13    2    4    1    9
   19   10    1    2    8
    7    9    3    2    4
   21    7    2    2    5
   22    6    4    3    5
    9   12    3    3    1
   21    3    2    2    2
    2   11    2    4    9
   30   21    2    2    4
   21   12    3    3    9
   17    1    2    2    8
   24   25    3    3    2
   23   17    2    3    2
   10   16    2    1    2
   10   24    1    3    3
   11   10    1    3    8
   27    7    3    3    7
   30   19    2    4    3
   30    5    4    3    6
    4    3    1    3    7
   20   13    3    3    3
   29    4    2    1    6
   19   26    2    4    6
   15   17    4    3    6
    7   10    1    2    3
    8   24    1    1    3
   22   12    4    2    3
   30   30    3    1    8
   17    9    3    1    4
   15    2    3    3    1
    9    6    1    1    2
   12    5    4    2    7
   25   23    1    3    9
   26   14    3    1    8
   21   21    2    3    9
   14    4    3    1    3
   21   28    3    2    1
    5    5    1    2    6
    7    8    4    4    1
   14    3    2    4    2
   22   20    2    3    2
    4   13    3    3    9
   22   14    4    1    4
    7   15    3    3    1
   18   29    4    1    4
   17    5    1    2    4
   21   19    3    3    4
    5   19    2    1    1
   26   22    4    1    9
   25   30    3    2    7
   13    1    2    3    7
   19   24    3    4    8
   23   13    3    3    6
    2   28    1    2    3
   19   15    2    3    3
   17   26    1    3    7
    5   18    1    2    3
   12   12    4    2    2
   22   13    3    2    2
   13    9    3    4    8
    9    8    3    2    8
   26   15    2    2    8
   28    7    3    3    2
    4   15    2    2    2
   27    3    2    3    2
   20   12    4    3    8
   22   24    2    4    8
   12    6    1    2    8
    1   22    1    4    2
    2   25    2    4    3
   28   23    4    4    8
   21   20    3    3    8
    8    6    4    3    2
   15    5    4    1    2
   30   11    3    2    2
   15    8    2    1    2
    4    9    4    1    2
   10    5    3    4    8
    7    5    2    3    8
   23   18    3    3    8
    9   15    2    4    8
   14   28    4    1    3
   25   11    4    1    8
   20   30    2    4    8
   18   16    4    3    8
   26    9    4    2    8
    1   21    2    1    8
    8   13    3    3    2
   22    5    2    3    8
    3   16    1    4    2
    7   29    3    1    2
    5   14    3    3    8
   24    1    2    1    2
   13   25    4    2    2
   13   13    2    1    2
   30   29    4    4    8
    2    8    4    1    8
    6   30    2    4    8
    9   10    1    1    8
   24   24    1    3    2
    3    7    1    4    2
   29   24    4    2    8
    4    4    1    3    8
   19    7    4    2    8
   27   21    1    2    2
   23    8    1    4    2
   12   27    4    1    2
   14    7    1    2    8
   29   21    2    2    2
    7   12    3    1    8
   12   16    3    1    8
    7   23    4    3    2
    4   20    3    1    8
   29   16    3    4    2
    9   28    4    2    8
   27    9    2    1    2
    3   22    2    1    2
   28    3    2    1    2
   29   26    2    3    8
    6   27    2    2    2
   14   30    3    2    2
   30    1    3    1    2
   18   17    3    1    3
   18   30    4    2    3
   13   19    1    2    3
   23   11    4    1    8
    9   19    4    3    8
    2   20    2    3    3
   26   12    2    4    2
   14   13    2    1    2
   10   13    4    3    8
   25   27    3    2    2
    9    5    3    2    2
   22   25    1    3    2
   20   20    4    3    8
   17   14    1    3    8
    3    2    3    4    8
   12   14    1    3    8
   29   10    2    1    8
   21   16    4    2    2
   29   14    2    2    8
   18   25    3    2    7
   23   29    2    1    8
   14   14    4    2    8
   29    6    1    3    9
   19   17    2    4    8
   27   17    3    2    3
    4   19    2    3    8
   17    6    3    2    8
   21   23    2    4    8
   20   19    1    1    8
    5    8    1    1    2
   27   11    1    1    2
    7   25    1    3    8
   13   11    2    1    8
   13   28    4    4    8
    7   16    4    4    8
   28    4    2    2    8
    4   30    1    3    7
   20    7    3    3    2
   22   18    3    2    2
   14   10    4    2    2
   16   23    4    4    8
   12    8    1    3    8
   18    3    3    4    8
    3   20    1    3    2
    1   10    4    1    8
   10   12    2    4    6
    4   27    3    1    2
   13   16    4    3    2
   15   11    1    1    2
   22   10    2    1    8
