Rock1Type Rock2Type Rock1Token Rock2Token Rating
   23   17    3    4    5
    6    2    2    2    6
   20   27    2    4    7
   18   11    1    4    6
   27    9    2    2    4
   21    9    4    2    4
   16    9    4    2    3
    7    3    1    3    5
    1    7    4    4    4
   26   20    3    1    6
    8    3    4    4    6
   10   18    4    4    6
    6   15    2    2    4
   29   24    2    4    6
    1   26    3    4    4
   18   21    3    3    6
   30   28    4    2    3
   16   29    1    1    3
   24   14    1    2    4
   19   30    2    2    5
    3   18    1    3    4
   12   28    4    1    2
    1   14    1    2    7
   28   11    4    1    5
   21   21    2    4    6
   28   16    3    3    5
   24    5    4    1    4
   10   22    1    4    4
    6    3    2    3    5
   25   13    4    3    5
   10   16    4    4    4
   26   27    3    4    3
   28   25    2    1    3
    7   30    3    2    3
    5   18    3    2    4
    8   25    4    3    5
   20    1    2    1    6
   22    6    4    1    4
   17    7    1    2    5
    6   20    4    1    3
   14   12    3    2    6
   22   15    1    2    4
   14   25    1    2    6
   20   22    1    3    3
   29    7    4    2    3
   22   19    4    4    2
    9   24    2    2    6
   29   23    2    1    6
   19    5    3    4    6
   13   17    1    3    5
   17    1    3    4    6
   28   20    4    2    4
    5   21    2    2    4
    6   17    3    3    5
   13   30    4    3    6
   19   10    4    3    7
   11   12    4    2    7
   18   26    3    1    5
   15   11    4    2    5
   22   16    1    3    3
    2   22    3    1    4
    7   24    2    2    3
   21    2    3    2    3
   30   17    2    3    5
   13    8    4    2    5
   16   16    3    1    9
   11   26    3    3    8
   10    4    3    4    6
    3   27    1    2    4
   28   29    2    2    3
   27   22    3    2    3
   17   20    4    3    6
   23   19    2    1    5
   11   25    4    2    6
    7   22    2    2    6
   15   28    1    4    7
   24   13    4    2    5
   11   11    4    1    9
    6    5    2    1    5
   18    4    4    2    7
   26   25    2    4    8
   27   28    4    4    7
   13   11    4    1    8
   10   24    2    1    4
   28   28    3    2    8
   16   18    3    4    6
    2    3    1    4    5
    3   30    4    1    4
   28   24    2    3    4
    1    4    3    4    4
   11   10    1    1    4
   28   18    2    3    4
    8    2    2    3    5
    4   17    1    4    4
   17   17    3    2    4
    1    2    4    2    4
   28   10    3    2    4
   28   21    1    1    4
   21    1    1    3    6
   23    4    3    2    7
   26   13    1    2    6
   24   15    1    3    4
   21   27    4    4    5
   24   11    3    2    4
    1   18    3    2    5
    4    4    4    2    7
   19   28    3    2    4
    4    8    2    3    4
   15    5    3    3    4
   16    7    1    3    4
    5   30    3    4    5
   25   21    3    1    4
   10   30    3    1    6
   23   21    4    4    4
    7    4    3    3    4
    4   21    2    4    4
   16    4    1    2    4
   13   20    2    1    3
   24   24    3    1    6
   25   16    2    2    3
   23   23    1    3    5
   27   29    3    4    3
    4    2    1    3    6
    2   25    3    1    6
    6   12    3    1    6
   23   24    3    4    6
   10    7    2    3    3
   29    8    2    4    3
    5   11    2    3    4
    2    9    1    2    5
   26    6    4    3    5
   22   29    4    2    5
    7   11    3    2    4
   19   16    2    1    5
    7    5    1    1    4
   11   17    3    3    6
    6   16    1    2    4
   26    3    2    3    6
   15   13    3    4    3
   12   18    4    4    3
   15    2    2    4    6
   21   29    3    3    6
    2   13    1    4    7
   12   12    3    2    8
   27   23    4    2    7
   10   26    2    2    6
    7   18    4    1    3
    8   30    1    2    7
   15   10    2    1    3
    5   22    2    4    6
    3   23    4    3    6
   29   29    1    3    8
   15    3    1    2    8
    1   27    1    2    6
    8   26    3    1    4
   25   17    4    2    5
   10   20    3    3    3
   16   15    1    4    7
    4   28    4    1    3
   26    5    2    1    3
   13    6    3    3    7
   18   30    3    4    6
   11   27    3    4    3
   26   15    4    3    3
    8   24    3    1    3
   19   13    2    2    5
    4    6    1    2    6
   17   19    3    2    7
   14   26    1    4    3
   26   26    4    1    7
   21   20    4    4    6
   11    3    1    3    7
    6    7    3    2    4
   10    5    2    1    4
   15   15    1    4    6
   17    8    2    2    6
    8   27    2    4    4
   12   30    1    3    4
   30   26    1    2    6
    3   16    1    4    4
   30    6    3    4    4
   16   13    3    3    5
    1   16    4    3    5
   25   10    1    4    7
   20   20    4    2    8
    5    5    2    3    9
   29   20    3    4    4
   10   12    1    2    4
    1   29    1    3    5
   15    4    3    1    4
    2   11    1    1    7
    9    9    2    1    7
    2   30    1    3    5
   29   26    3    2    7
   19   27    4    3    4
   25   19    1    3    4
    9   12    2    1    4
    7    9    3    1    4
    3   22    4    2    5
    7   20    2    1    3
   13   14    3    1    5
    6   23    3    4    6
   12   25    2    3    5
   14    7    3    4    4
   23    8    4    2    3
   15   12    2    4    3
   11   21    1    4    7
   13   10    1    4    6
    6   27    3    3    3
   12   19    3    4    4
    4   22    3    4    6
   21   26    3    1    6
   22   21    3    1    4
   29   18    4    1    5
    5   12    3    2    6
    6    8    2    4    5
   14    8    4    1    5
   30   16    3    2    5
   11   16    1    4    5
    4   30    3    2    5
    3    4    1    3    7
   19   18    4    1    5
    3    3    4    1    7
   19   14    3    2    4
    7    7    2    4    5
    8    1    3    1    4
   12    8    3    1    4
   17   18    3    1    4
   23   28    4    4    5
   18   25    4    3    6
   19   19    2    1    4
   22    1    3    4    5
   17    5    3    1    4
    6    6    2    3    7
   13   23    3    2    6
    9   11    3    1    6
   17   22    2    1    5
   12   20    4    2    5
   17   24    4    1    4
   16   26    3    4    5
    4   11    3    1    7
   22   25    4    3    6
   20   25    2    1    6
    4    9    3    2    6
   22   22    4    1    4
   27    4    4    3    3
    3   19    1    1    4
   24   27    3    1    3
   18   15    3    3    5
    7   15    2    4    6
   17   27    4    1    4
   27   12    1    4    4
   22   13    2    3    7
    2    2    3    1    7
   23   22    4    3    4
   17   12    2    2    6
   27    7    2    1    4
   24   30    3    1    4
   15   23    2    3    5
    8   10    4    1    4
    5    8    4    2    5
   28   14    1    2    5
   13   12    4    4    4
   20   19    2    2    6
   14   30    1    4    6
    9    1    2    2    6
    9   17    1    3    5
   30   15    1    2    5
    8   11    4    1    5
   18   18    1    4    5
   12    2    2    1    6
   26   17    4    2    6
    7   28    4    4    4
   16    5    4    4    5
   28   13    2    2    4
    2    7    2    1    4
    9   25    3    1    5
    2   20    4    3    4
   14   10    3    3    4
   11   30    2    1    4
    4   14    2    2    4
    1   15    2    4    5
   17   28    3    1    4
   24   22    1    1    4
   24    6    1    4    4
    5    9    2    1    4
   13    7    1    2    5
   24    2    3    4    3
    9   22    4    1    3
   26   19    2    4    3
   27    2    4    2    3
    5    4    3    3    5
   29   11    2    4    5
    1   10    2    2    6
    7   26    1    1    7
   26   28    3    1    3
   28    2    2    3    3
    9    8    2    3    4
   19   21    4    2    4
   25   25    1    3    6
   23    1    3    3    5
   12   29    2    3    5
    5   23    4    4    6
   15    8    4    3    6
   30   22    4    2    5
    1   30    3    4    5
   17   16    2    1    7
   15   20    2    2    7
   29    6    4    2    6
   10   10    2    1    6
    2   29    2    4    6
   12   24    2    1    5
   28    6    4    2    4
   24    1    3    2    4
   22   26    4    3    6
   16    2    4    1    5
   13   13    3    4    7
    4   29    3    2    6
   13    1    3    4    5
    2   14    4    2    6
   29   10    3    3    5
   28    8    3    1    3
   14    3    3    1    3
    8   16    2    3    4
    2    5    2    4    6
   18    2    4    1    6
    1    3    3    2    8
   14   20    4    3    5
    6   18    1    3    5
   20    8    3    3    4
    7   25    2    4    3
   23   11    2    2    4
   14   14    3    4    6
   25    5    2    1    5
   20   24    3    2    3
   26   24    4    4    3
   26    4    2    2    5
   16   24    3    3    3
   17   29    2    4    3
   21   24    4    1    3
   30   20    2    2    6
   12    7    1    3    5
   14   29    4    4    5
   14   11    3    1    5
    3   20    1    3    4
   27   13    3    1    3
    5   28    1    1    3
   19    8    4    2    6
   15   14    2    2    6
    6    9    3    1    5
   23   12    1    2    4
   22   18    4    3    3
    7   19    3    1    3
   10   23    4    4    5
   12    1    2    1    5
    4   24    2    3    5
    6   25    2    4    5
   10   21    1    4    3
   14    9    2    1    6
   19   15    4    4    4
   17    3    3    4    6
   14   17    2    2    6
   10    2    1    4    4
   22    8    3    1    4
    5   13    1    1    5
    4   13    4    2    5
   11   20    4    4    4
    5   27    1    1    3
    1    5    1    3    4
    3   10    1    2    4
    9    3    3    2    5
   30   30    2    1    6
   13    3    2    4    6
    8   18    2    3    6
   29   19    3    4    5
   20   16    1    4    6
    3   29    1    3    5
   28    1    2    4    3
   24    3    2    2    3
    9   23    1    4    2
   25    1    2    2    4
   18   13    3    1    4
   28    9    3    1    2
   21    6    3    3    6
    5   29    2    3    3
   21   16    1    4    4
   13   29    2    2    4
   18   23    4    3    6
   23   26    3    4    7
   29   15    4    4    7
    8    8    3    1    7
   14   23    1    3    6
   15   17    2    4    7
    4   12    2    4    6
    9   20    2    1    5
   26   12    2    3    4
   25   15    3    4    7
   23   20    4    4    4
    4   19    3    3    8
   21   13    1    3    3
   14   16    2    2    7
   10    6    3    2    3
   15    9    1    4    2
   12   21    2    1    7
   21    8    4    2    6
   30   27    3    4    7
    1    1    2    3    8
   18   14    2    4    7
   27   25    3    3    6
   30   21    2    4    6
   23    7    4    1    6
    2   23    3    2    5
   23   25    4    3    4
    5   20    1    1    3
   22   11    3    2    3
   21    3    3    2    2
   30    9    3    2    5
    6   19    2    4    5
    9   29    4    1    7
   25   30    3    1    7
   28   22    2    3    3
   22   14    1    1    5
   27   27    1    2    7
   18   20    1    2    6
   21    7    2    2    4
   10   27    1    4    4
   26    2    4    3    7
   29   25    1    1    6
   27   16    3    2    5
   12   16    3    1    4
   11   19    1    4    6
    9   18    1    2    3
   19    9    2    4    6
    5   14    3    1    3
    3   12    3    1    5
   21   17    2    1    5
    6   14    1    4    4
   28    3    3    4    3
    5    3    4    4    7
    9   10    1    4    7
   21   15    2    1    3
    6    1    1    3    4
   18   27    2    1    5
   30   29    2    3    5
    9   26    4    4    4
    8    7    2    4    4
   19    2    1    4    6
   18   24    4    3    5
   19   24    2    2    3
   14   27    3    3    2
    9   13    2    4    5
   24   25    3    4    3
   23   16    1    3    2
   15   27    4    2    6
   21   14    4    4    3
    4   20    1    2    4
   25    4    2    2    3
   23   30    4    2    6
    1   11    2    2    6
   10   17    4    4    6
   19    1    1    2    5
   12   22    4    2    4
    6   11    3    2    5
   17    2    1    2    4
    3   25    2    4    4
