Rock1Type Rock2Type Rock1Token Rock2Token Rating
   12   21    2    2    8
   30   30    4    1    5
   26   14    3    2    4
    2   13    2    2    4
   28   11    2    1    2
    6   15    2    3    1
   19   14    1    4    6
   18   13    4    1    6
    8   29    3    1    4
   13   11    1    3    7
   17   20    4    1    8
   21   25    2    4    5
   29    2    3    4    6
   23    4    4    3    4
    7   17    2    1    6
   16    1    1    3    6
   13   25    4    2    4
   27    8    2    3    1
    5   14    1    1    1
   10   15    2    2    3
    6   18    1    2    1
   22    6    2    4    2
   29   26    4    4    9
   29   19    2    1    7
   10   12    3    1    2
   27   29    3    2    3
    4   14    1    1    3
   14    7    1    2    4
   17   17    4    2    2
   25   22    4    3    1
   28   27    1    2    8
   12    2    2    3    6
   15    2    2    2    1
   25   25    2    4    8
   24    5    1    4    6
   16   25    3    2    2
    1    7    1    4    1
   22   30    2    2    1
   10   25    3    1    3
   16   20    1    3    2
    7   29    3    2    1
    9   26    4    2    3
   26   26    1    4    6
   26   30    3    2    4
    7    2    3    3    1
   21   21    1    4    9
   13    1    1    1    3
   28    5    2    2    3
   10    6    4    1    1
    1    4    3    4    1
    4   21    1    4    2
   14   20    4    1    4
   24   13    2    1    1
   23    9    4    3    2
   23   21    4    2    5
   27   19    4    1    1
   25    6    2    3    1
    2   20    3    3    3
   16   16    4    2    5
   17   25    3    3    2
   12   19    2    1    4
    6   27    4    1    1
    1   28    1    3    2
   27   15    4    3    3
   21    6    2    2    7
   24   15    1    3    3
   14    1    4    2    5
    4   15    1    4    3
   28   28    4    3    4
    1    6    4    1    1
   22   19    1    1    2
    7   15    3    2    3
   21   29    1    1    1
   24   20    4    2    1
    4    6    1    1    2
    9    2    1    3    4
    8   28    3    1    3
    5   22    2    3    1
   13   12    3    2    2
    2    4    3    4    9
    3   21    2    2    4
   27    4    1    1    2
   23    8    2    1    1
    6    5    1    1    1
   16   11    1    1    3
   27   27    2    1    7
   20   20    1    2    9
   10   18    3    2    7
    2   17    2    4    4
   24   27    3    2    1
   30   28    4    1    1
    8   25    4    1    2
   19   24    4    4    3
   20   19    3    1    2
   22   16    2    3    2
   29   18    3    3    4
    3    3    2    4    9
   12    4    3    1    6
   12    3    1    1    3
    4    3    3    1    9
    9   24    4    4    6
   13    5    2    4    9
   11    2    2    4    7
   19   19    3    4    6
    9   10    1    3    4
   29    6    2    1    2
   27    9    2    3    1
    8    2    4    2    2
   24   26    4    1    1
   19   30    2    3    8
    6   28    1    1    1
   19    1    2    3    7
   18    5    3    1    4
    5   19    2    4    1
   29   11    4    1    6
   28   25    4    1    3
    7   23    1    1    1
    3   28    4    4    6
   11   27    3    2    1
    8   16    3    4    3
   28   12    3    4    3
   20   27    3    4    4
   24   10    1    3    4
   30   24    4    2    1
   15    9    2    1    2
   19    2    2    3    4
   17   12    4    3    5
    9   20    4    1    1
   27    5    3    1    2
   16   12    3    3    2
   26   10    1    3    5
    6    2    1    2    4
    1   11    1    1    3
    1   15    3    2    1
    8    7    4    4    2
   30   20    3    2    9
   29    5    3    4    6
   30    3    3    1    1
   22   28    3    4    4
    6   11    4    1    6
    8    3    3    3    6
   20   13    3    1    1
   12   26    4    1    1
   26   21    2    2    2
   30    7    3    3    1
   25   27    4    1    1
   29   14    1    3    2
    1    8    2    4    1
    7   25    1    4    1
   22   12    4    3    3
   14   15    4    1    4
   22    1    3    2    5
   13   16    3    4    3
    8    6    4    3    1
   13   26    4    3    4
    9    9    4    1    6
    6   24    3    1    4
    8   14    4    4    5
   30   27    1    2    2
   15    3    4    4    3
   27   17    1    2    2
    7    7    2    4    2
   11   15    1    3    3
   11   19    3    4    5
   26    8    1    2    5
   25   12    4    3    2
   18   23    3    3    1
    3   19    2    2    2
   15   25    3    3    2
    5    3    2    2    9
   12   24    4    2    6
   12   20    3    3    6
   24    8    1    1    2
   22   26    4    4    3
   26   25    4    2    9
   19    4    1    4    7
   14   13    1    2    5
   20   21    1    3    7
   10    1    2    1    6
   16   30    4    2    3
   24    3    1    2    7
   21   24    1    2    1
   26   18    1    2    2
   29   20    4    2    1
    3   23    2    1    1
   16   19    1    2    5
    1   29    2    3    2
   20    5    1    1    1
    9    4    1    3    1
    3   22    1    4    2
   26    4    3    3    3
   18    1    2    3    4
   28   15    3    1    4
   13   22    4    1    2
   26   16    4    4    1
    7   21    4    4    2
   12   12    4    1    9
   17   28    1    2    2
   11   24    3    4    2
   30    9    4    4    1
    3   29    4    3    1
   10   10    3    2    7
   17    8    2    1    2
   23   23    3    1    1
   11   18    2    4    3
   19   26    3    1    1
   18   17    1    3    4
   15   17    4    3    4
    2   28    4    2    1
    1   20    4    4    2
   28   23    1    3    1
    2   24    3    4    1
    2    2    1    3    9
   15   23    2    1    1
   20   10    3    1    1
   25   18    1    3    7
   15   30    2    1    4
   18   30    4    4    1
    9   28    4    3    1
   13   27    3    3    2
    5   12    1    4    2
   23   26    3    2    4
   17   30    3    4    9
   26    7    3    4    1
   28   21    4    3    2
   17    4    2    2    3
   19   25    3    4    8
   16    3    4    4    5
    3   10    2    2    4
   20   11    1    4    3
   24   29    3    2    1
    8   21    2    4    1
   30   25    2    4    2
   27   10    2    3    1
   22    4    2    2    7
   29    9    2    1    6
   22   11    3    4    6
   16   18    2    1    6
   21   22    2    2    4
   23    1    3    2    2
   16   28    4    3    1
    8   13    4    1    2
    9    7    4    4    1
   14   16    2    4    5
   15   22    1    3    1
   28   26    2    2    1
   13   23    3    1    3
    8   19    3    4    3
   25   14    3    2    2
    3    6    3    2    1
   12    8    4    3    2
   30    2    2    4    1
    1    9    3    2    1
   29   10    1    2    3
   26   15    4    2    1
    5   30    3    2    1
    4   18    1    1    4
    5    8    3    3    4
   11   10    4    1    4
   26   11    4    2    2
   12   15    1    2    3
   25    5    2    2    1
   27    1    3    4    1
   23   27    2    4    3
   19   13    4    1    4
   20   25    1    2    7
   18    9    4    3    2
    7   12    1    3    2
   10   30    2    3    7
    7   11    2    2    5
   14   23    4    2    2
   25    1    4    2    1
    5   16    2    2    3
   27   22    2    3    1
    9    5    2    1    2
   21    2    3    2    1
   14   10    3    4    4
   29   29    1    2    7
   11    9    3    1    3
   13    6    2    1    1
    9    3    1    2    2
   11   23    3    3    4
   17   13    2    3    7
   30   14    1    3    6
   20    4    1    1    4
    8   18    2    4    3
    7   27    4    2    4
   20   23    3    3    2
   24   17    3    3    1
   28    7    1    1    1
    5   10    3    3    4
    8    8    2    4    6
   23   24    3    1    1
   27   26    2    1    1
   21   11    3    1    4
   21   16    2    3    4
    5    2    4    4    4
   18   18    2    3    7
    7   24    2    4    2
   29   16    2    4    2
   21   30    2    2    5
   29   25    4    2    6
   30   29    3    1    5
   21   15    4    4    1
   28   24    1    2    1
   11   25    4    1    2
    8   11    1    3    1
   29   23    4    2    4
   22   24    2    2    1
    4   13    1    4    1
    9    6    1    3    1
   30    6    4    3    3
   30   23    2    3    3
   16   15    2    1    4
   17   16    2    3    4
   16   24    2    4    1
   18   19    3    2    5
   26    2    4    4    6
    9   17    2    4    2
   12    9    2    3    1
   30    8    1    4    2
   27   14    4    1    4
   30   11    4    2    5
   25    2    2    4    5
    1    5    3    3    9
   12    6    2    4    9
   27   21    1    4    2
    9   21    2    4    1
   11   14    2    1    3
    2   22    1    2    3
   14   21    1    4    4
   14   14    2    1    6
   26    6    3    4    1
   13   30    4    1    2
   16   10    1    1    2
   21   19    4    2    3
   16    6    3    4    1
    2   14    4    2    1
   18   22    1    1    3
   16    7    3    3    3
   23    5    3    4    4
   16    9    4    4    1
    5    4    3    4    1
   18   12    3    1    2
   13   10    1    3    3
    1   17    1    3    6
   17    5    1    3    4
    4   16    4    1    2
   15   13    2    3    1
   15    8    4    1    1
   17   22    3    2    1
    6    7    3    1    2
   21   10    1    4    1
   10    4    3    3    6
   21    1    3    3    5
    7   19    4    3    1
   15   15    1    4    7
    6    6    3    4    8
   15   19    4    4    6
   29   13    2    3    4
    1    3    2    1    6
   20   18    3    1    5
   29    4    3    4    3
   13   28    3    1    1
   11   17    3    3    3
    2   23    4    3    3
   22   20    3    4    1
   24   24    4    3    4
    3   26    2    4    1
   20   26    1    3    1
   15   29    3    4    1
   29   17    4    2    2
   18   28    2    2    1
    6   19    2    4    3
    5   11    1    1    3
   29   12    2    4    1
    7   10    4    3    4
   23   22    4    4    4
   27    3    1    1    1
   14    6    1    4    5
    9   22    1    2    3
   26    1    1    3    1
   26    5    3    3    1
   12   11    4    4    2
    4   30    1    1    3
   12    1    2    3    5
   28   10    1    1    2
   22   14    2    3    1
   14   28    4    2    1
   29   28    4    4    2
    5   21    2    4    1
    9    8    1    4    3
   22   29    3    2    1
   22    8    1    1    2
   18   14    3    4    5
   18    3    3    3    5
   21   18    1    4    2
   11    3    3    1    1
   25   24    1    1    2
   14   12    1    4    3
   20    7    2    2    1
   12   30    2    2    4
    4   25    4    3    1
   23   12    3    2    4
    8   10    3    4    3
   25    3    2    1    3
   11   11    3    4    5
    3    2    2    3    1
    1    2    2    1    2
   25    9    1    3    3
    1   30    4    4    2
   17   26    1    2    3
   13    7    1    3    3
    8    4    3    1    1
   17   21    1    1    4
   18    2    3    2    4
    3   20    2    3    3
    4   28    1    4    1
   10   23    2    2    2
   27   12    1    1    1
   19   28    3    1    1
   21   13    2    3    1
    4    7    3    2    1
   10    2    3    1    3
    1   24    3    4    3
   17   10    1    1    1
   19   17    3    4    4
   27   16    4    2    2
   19    9    3    4    2
    6   23    1    4    5
   18   27    3    2    3
   19   23    4    1    1
   20   15    2    2    5
    3   17    2    2    2
   13   13    3    1    9
    9   13    1    4    7
   22   22    4    1    4
    5    5    4    1    7
   18    7    2    1    3
   24   14    2    3    1
    7    3    3    3    2
   16   23    3    2    2
   14    3    3    4    3
   18   24    3    1    5
   16    2    3    1    5
   24    4    1    1    5
   25   23    2    4    1
    5   15    2    2    5
   20    6    1    2    1
   10   19    3    1    6
    5    7    1    2    4
   20    8    4    4    4
    7   22    1    4    1
   15   18    2    1    2
   27    2    4    3    1
    4   11    1    3    3
   23   17    3    3    1
    1    1    3    1    7
   13    3    3    1    7
    4    4    3    2    9
   17    6    3    1    8
    9   14    3    1    5
   22   10    1    2    6
   14   17    3    3    7
   28   20    2    2    5
