Rock1Type Rock2Type Rock1Token Rock2Token Rating
   10   30    3    1    8
    2    5    3    4    7
    2   14    3    2    4
   20   17    3    4    5
   20   15    2    3    3
    5    5    3    2    9
   29   29    1    2    9
   19   11    2    2    6
   24    1    4    4    3
    6    9    3    4    5
    3    9    1    1    5
   24    6    3    3    4
   20    2    3    2    3
   29   10    4    2    3
    4   21    3    3    6
   27   20    2    1    7
   29    6    2    3    2
    8   20    1    4    3
   14   15    2    3    3
   11   20    4    2    2
   30   22    2    4    1
   27   27    4    1    8
   27    6    4    1    2
   28   28    4    1    5
   29    4    2    1    5
   18   27    2    1    7
   27   11    4    3    3
   24   10    2    4    3
   12   13    2    1    2
   16   21    3    1    4
   25    4    2    4    5
   26   26    1    2    7
    7   22    1    3    7
   14   10    2    2    3
    9   21    1    1    2
    6   16    3    3    2
    3   27    3    1    4
   24   22    2    3    7
   20   18    3    4    3
   30    8    1    4    5
    4    3    1    2    2
    3    1    4    1    3
   10   28    1    3    3
   10   20    1    3    3
   15   30    4    4    7
    6    7    2    1    4
    9   17    4    3    3
   22    8    2    4    7
   27   21    4    3    5
   11    9    3    1    5
    7    3    3    2    6
   16    7    2    4    3
   24   26    3    2    3
   17    1    4    3    6
   10    7    1    1    3
   10   11    4    1    7
   30   13    1    4    7
    2   18    2    1    4
   16    5    2    2    4
   13   18    1    3    4
   24   19    2    1    8
   29   28    2    1    1
   21   22    1    1    2
   23   22    2    3    8
   22   22    4    3    8
   16   20    1    3    7
    2   29    3    1    4
    6   25    3    4    3
   14    8    4    3    4
   16   24    4    3    1
   14    4    2    2    3
   14   14    2    1    6
   19   21    4    3    7
   27   10    2    3    4
   22   20    3    4    2
   18   28    2    4    3
   14   18    2    2    2
   20   28    2    4    6
   30   14    4    1    9
   15    4    4    4    3
   30   30    4    3    9
   12   24    4    3    2
    3   18    3    1    8
   30   20    2    1    8
   24   24    3    4    7
   29   19    3    4    2
   15    9    1    3    2
   14   20    4    1    2
   11    3    3    3    8
    5   26    4    3    3
    3   29    4    3    2
   22   16    3    3    1
   15   13    4    1    1
   17   18    2    4    2
   23   26    2    2    8
   26   27    3    4    2
    2   23    2    2    4
    7   28    1    3    2
   23   29    2    4    8
    8    8    3    2    9
   26    7    3    4    2
   12    7    3    2    7
    1    4    3    2    3
   27   16    2    1    8
    8    2    2    4    2
   19   19    2    1    2
   25    7    4    3    2
    4   17    4    2    2
   16   25    4    2    3
   25   18    1    2    9
   23   17    4    1    4
    5   14    3    1    2
   30   11    2    3    2
    3   24    3    1    2
    6    3    1    1    2
    9   25    3    3    4
   20   12    4    1    2
   28   21    3    1    1
   17   30    3    4    9
   30   19    4    3    2
    2    6    4    3    8
   11   29    1    1    9
   14   21    2    2    9
   20   25    4    4    2
   19   25    3    1    9
   12    1    1    3    9
   27   19    1    2    9
    4    8    3    2    2
    9   26    3    4    8
    4   16    2    3    2
   30   28    2    4    3
    5   28    2    2    3
    3    8    1    3    3
   20   19    4    4    3
   17   17    4    3    7
   16   16    4    2    7
    5   27    2    1    7
   11    5    4    4    3
   23   16    4    1    8
   25   29    1    4    8
   10   10    4    2    7
   21    5    3    3    3
   19    9    3    2    8
   29   13    1    1    7
   29   16    4    2    7
   16   30    4    4    3
   25   21    2    1    1
   28    2    3    3    1
    8    6    2    4    1
    2   26    1    3    6
   22    4    1    3    6
   14   29    2    3    3
   20   23    3    2    2
   26   11    2    2    2
   14   13    3    1    2
   21   21    2    3    9
    8   15    4    3    1
    3    5    2    1    3
    4   10    2    2    7
   17    8    1    2    6
    4   23    3    1    2
   25    1    1    4    7
   29    7    1    3    1
   30    2    2    1    1
   17    7    2    1    3
   23   23    3    2    7
    2   21    4    2    4
   26    4    3    3    6
   15   11    4    2    4
   17   14    4    4    3
   30    5    1    1    3
   23   19    1    3    8
   28    9    4    4    2
   15    1    4    4    7
    1   11    1    4    2
   26   30    2    2    2
    2    4    3    3    7
   27   24    4    2    2
    4   24    2    2    2
   29   30    4    1    8
    8   12    2    4    2
   26   18    4    2    8
   29   22    3    4    8
   16    1    3    4    8
    5   20    3    3    3
   27    1    4    2    6
   11    2    4    2    8
   25   22    3    4    8
   13    9    2    2    7
   28   22    3    2    3
   22    3    1    4    3
   17   21    2    2    6
   21   11    2    3    3
   18    6    1    1    1
    7    5    4    3    6
    7   30    4    4    1
   24    2    1    4    1
   18   16    3    4    1
   27   22    4    2    1
   15   18    4    3    6
   26   21    1    3    1
   11   14    2    1    6
   19   22    2    3    6
   27   23    1    2    3
   23   14    4    4    7
    3    3    1    3    9
   10   13    3    1    8
   26   17    4    1    3
    7   11    2    4    7
   11   28    2    3    1
   16   17    2    3    2
    5   15    3    2    6
   29   24    3    1    1
    5    8    1    4    4
   13    3    2    4    3
    3   15    3    4    3
   28    4    4    1    3
   30   18    4    4    2
   26   19    4    4    6
   21    7    3    4    1
    6   17    3    1    3
   27    4    2    4    2
   28   25    4    3    6
    4   20    3    1    3
   10   21    2    3    3
    6   26    1    4    6
    9   24    4    1    2
   16   13    1    2    2
   30    4    4    1    6
    9   10    3    4    7
   13   28    3    4    4
    3   12    4    3    7
   13   24    2    1    2
   27   28    2    4    7
   24    7    4    4    2
   12   28    1    1    4
   15    2    4    3    3
   25   24    3    1    2
    2    2    1    2    8
   22   18    3    1    7
   12   29    4    4    2
   15   17    1    3    6
   11    4    4    1    9
    9    8    2    1    1
   18    8    2    1    1
    6   22    3    2    8
   27   17    1    4    7
    4    6    3    2    7
   15   29    3    2    2
   16   11    2    4    5
   26   13    2    2    5
   25   30    4    3    4
   19    7    4    4    4
   17   28    4    3    5
    2   27    2    3    4
   18   11    1    2    3
    9    7    4    3    3
   25   13    4    2    3
   23   13    2    1    7
   28    8    4    3    4
   11   23    1    4    9
   11   24    1    2    3
    4   19    2    2    4
    3   10    2    3    6
    8   29    3    3    3
    6    1    1    3    3
   23    3    3    2    3
    4    4    4    1    7
   21   15    2    3    2
    2    7    4    4    2
   13   17    2    2    2
   25   12    4    1    2
    6   13    1    3    2
    2   10    1    2    7
   30   12    4    1    7
   18    7    1    4    7
   23    6    2    3    8
   19    1    1    3    5
    5    4    1    4    3
   23    9    4    4    3
    3   14    2    4    3
   12   26    1    1    3
   10   23    2    1    7
   24   28    2    1    3
    3   20    2    3    8
   17   19    2    3    8
    9   30    4    2    2
   29   20    1    4    2
   15   25    1    1    4
    7   15    3    4    4
   10   15    2    4    4
   13    4    4    3    9
    2    3    3    3    9
    9   16    4    4    3
   13    1    4    2    3
   23   28    4    4    7
    6   19    3    2    7
    6   14    2    3    7
   12    2    2    1    7
   26    8    3    3    3
   15   24    4    2    2
   13   13    1    3    8
   13    5    3    3    3
   18   21    1    1    4
   12   16    4    2    7
   17   25    3    2    6
   13   20    1    3    4
   30   24    3    2    2
    1    1    1    4    8
   18   18    1    4    8
   14   12    2    4    3
    2   17    2    1    3
   23    5    1    1    7
   10    8    1    4    3
    8   27    2    3    3
    4    9    1    2    7
    6    6    4    2    9
   18    4    3    3    4
    6   30    1    2    3
   21   23    3    1    3
    9    9    3    2    9
   12   21    1    3    9
   27   15    3    4    7
   16    3    4    3    4
   28   19    3    1    4
   25   11    4    3    7
   14   19    3    1    3
    1   20    2    1    7
   25   23    2    3    8
    7   27    1    4    3
   18    9    2    1    4
    1   29    3    4    3
   25    8    3    1    3
    8   19    1    4    4
   22   14    3    1    7
   11   17    4    1    6
   21    1    4    1    6
    5   12    2    3    6
   27   30    1    4    7
   27   12    3    3    3
   15   22    1    3    7
   21    8    3    1    3
   11   12    1    3    7
    7    7    3    1    7
   18   23    3    3    4
   29   26    2    4    7
   30   21    1    1    6
   18   19    2    4    6
   20   24    3    3    4
   13   22    2    1    8
    7   23    1    2    7
    3   17    3    2    4
   20    7    2    4    4
    9    2    2    4    7
   29   27    2    1    3
   25   14    2    2    3
    1    9    1    3    2
    5   19    3    2    6
   20    9    4    1    4
   14    1    2    4    8
   12   15    3    4    4
   19    3    1    4    6
    9   14    4    1    4
   15   23    4    3    3
   11   11    2    3    7
   10   16    3    4    7
   26   15    3    2    4
   22   11    1    1    5
   29   21    1    2    3
   16   19    4    3    6
    5   10    4    1    6
   24    5    4    1    6
   14   26    1    4    6
   17   12    1    2    6
    7    4    1    4    4
   12   19    1    2    6
   17   22    3    3    3
    7   13    2    1    8
    7   14    1    3    4
   28    6    3    3    4
    3   26    1    2    6
   26    1    1    4    4
   19   15    1    4    5
    6   15    1    1    2
   22    2    1    4    7
    9   29    3    4    7
   12   10    4    2    4
    2   25    1    4    4
    6   20    1    3    3
   13   11    4    2    8
   30    3    1    3    8
   13    2    3    3    7
   10   22    2    2    6
   10   25    1    2    5
   20   20    2    1    8
    9   27    2    2    4
   21    6    2    3    5
    8   16    3    3    2
   12   18    1    2    7
   15   15    2    3    7
   16   15    4    2    3
   27   25    3    2    3
   26   20    2    2    3
   28    3    1    4    3
   16   14    2    4    8
    6   10    1    1    4
   14   27    3    4    8
   10    1    3    2    3
   12   23    1    4    7
   18   29    3    3    4
    4   12    1    2    6
    5   17    1    3    5
    1    5    2    3    8
   22   12    4    1    3
    5   25    2    3    3
    1    8    4    4    4
    1   18    4    1    3
    1    2    2    2    3
   17   24    1    1    4
   30    1    3    1    8
    8   13    1    2    2
    9   22    2    2    4
   26   22    3    1    6
   23    8    4    1    2
   28    1    3    1    4
   26   10    1    3    8
   22    1    1    4    7
   25   26    4    2    8
   17   29    4    4    4
    6   12    3    2    5
    5   29    1    3    3
    6    5    3    2    3
    5   22    2    1    4
   19    2    2    2    7
   20   21    3    1    6
   23   30    1    1    5
   26   28    4    3    4
    2   16    4    2    4
   12    9    3    1    4
   13   27    1    4    3
   25   25    4    1    7
   12   12    1    3    7
   24   23    4    2    8
   19   13    1    2    8
   21   13    1    3    4
   24   21    2    3    3
   14   28    1    4    7
   18   24    1    1    5
   26   16    2    1    4
    8   24    2    2    3
   19   10    2    4    6
   28   16    1    2    2
   25    3    4    1    5
   17   10    4    1    4
    7    8    1    3    4
    3   21    2    2    7
   28   15    2    1    6
   18   10    4    2    6
   11    8    4    1    3
    1   23    4    2    3
    6   11    1    1    6
    5   18    3    4    7
   24   14    1    1    4
    7    1    3    2    4
    5    9    1    1    3
