Rock1Type Rock2Type Rock1Token Rock2Token Rating
    3    1    2    3    7
    1   23    3    2    1
   15   15    1    4    5
   15   17    3    1    2
   10   21    4    3    4
    9   25    2    2    5
   25   15    1    1    1
   20   23    2    1    4
   26   30    2    2    3
    4   29    3    3    3
   17   16    1    2    4
   14   24    2    3    1
   28    5    1    3    2
   20    4    3    1    4
   28   21    3    3    2
   12    1    3    3    5
   30   20    3    3    6
   15   21    2    1    2
    5    5    3    4    7
    6   11    4    3    5
   14   18    4    2    1
    5    8    2    4    3
   25   29    3    4    3
   24   19    1    3    1
   17    6    1    1    2
    6    1    1    4    3
    2   20    1    3    2
    2   26    2    1    3
   20   16    4    3    4
    4   23    1    2    4
   25   21    4    1    2
    1   29    2    2    1
   27   26    1    3    1
    8    4    4    2    6
   14   25    3    1    2
   13    3    4    3    7
   28    3    2    1    5
    3   25    2    1    2
    4    2    3    1    6
   24    8    1    3    2
    9   19    2    4    3
   11   29    2    2    1
   24   18    1    1    3
   10   20    2    2    3
   15    3    3    3    2
   19    4    3    3    7
   19   21    1    2    4
    7    4    1    1    2
    9   16    1    2    2
   29   26    1    4    6
    9   24    1    1    2
   30   30    3    4    7
   26   23    4    4    5
    7   15    2    4    3
   23   10    3    3    4
    7   25    4    3    3
   20   20    4    1    8
   27   24    4    4    1
   30   10    4    4    4
   20   19    1    2    5
   21   13    4    2    2
   19   25    1    2    3
    2   14    2    3    2
    2   23    1    4    6
   11    3    3    4    2
    5   27    3    2    3
    4   22    3    2    9
   20   14    3    4    3
   16    2    2    1    4
   26   20    4    4    3
   23   12    1    1    1
   12   12    2    1    9
   11   28    4    1    2
   30   15    1    2    1
   27   19    4    4    2
   10   10    4    1    3
   14    4    4    1    2
    4   10    4    1    2
   22   18    1    4    7
   29   16    4    2    7
   14   16    3    3    6
   18    6    3    4    3
    1   18    3    2    3
   28   20    2    4    1
    7   13    2    4    5
   24   15    4    4    2
   14    5    1    3    3
    1   14    1    1    3
    6    5    3    2    2
    7   16    1    1    5
   24   17    4    3    2
    1   30    3    1    1
   10    7    3    1    4
   14    9    1    3    3
   20   11    1    1    1
    3   21    4    3    3
   29    9    3    2    7
   17   11    1    4    5
   18    3    4    3    4
   20    9    4    3    1
    2    5    1    1    4
   16   10    3    2    6
   19    1    3    4    3
   12    4    2    1    2
   10   17    2    2    1
   30   11    1    3    4
   25   27    3    2    5
    9   27    4    2    1
   27   28    1    3    6
   16    1    3    4    6
   21   30    1    2    1
   19   11    3    2    6
   19   14    4    3    1
   13    5    3    2    1
    4   24    2    2    2
   21    7    1    1    2
    6    6    2    1    8
   27    8    1    2    1
    1   13    3    1    1
    4   28    1    4    2
   22   13    1    3    2
    9    7    2    4    1
    6   19    3    4    6
    9    1    3    4    3
   23    3    4    2    2
    6   28    3    4    4
    2    1    1    1    3
    6   22    1    4    2
   16   24    1    4    2
    3   22    1    2    6
   14   30    4    1    5
   27    4    3    4    3
   10    5    2    2    2
   21   22    1    4    1
   24   30    1    2    1
   26   16    1    4    1
    9   28    3    2    1
   14   14    1    2    6
   28   24    1    3    1
   20    1    4    4    7
   24    1    4    2    3
    3   24    1    2    3
    4   25    3    4    2
   29   15    4    1    1
   30   19    4    2    6
    8   26    3    2    2
   28   16    4    4    3
   10   27    3    3    1
   20   15    3    3    1
   22   26    2    1    3
    9    6    3    3    3
   19    8    2    4    1
   14   27    2    3    1
   11    9    2    4    3
   25   11    1    1    1
   15   11    3    2    2
    6   29    1    4    2
    2    6    1    4    7
   23   24    3    1    1
   23    7    3    1    2
   29   20    2    1    2
   17   12    4    3    3
   14   11    4    2    4
    7   20    3    1    1
   26    7    2    1    3
   26   18    2    3    2
   19    2    3    3    5
   30   13    4    2    2
    1    7    4    4    4
   19   13    1    4    9
   23   23    3    4    2
   12   13    2    1    2
   21   24    4    2    3
   15    6    3    3    1
   22   24    2    4    4
    5    1    4    1    5
   22    7    4    4    3
   10   28    3    4    6
    5   22    2    1    2
   28   23    4    2    2
   12    3    1    3    5
    2    7    3    1    4
    4   26    3    4    3
   25   13    2    1    6
   17    8    2    3    3
   12    7    2    2    7
   14   15    2    2    2
   22   17    1    4    2
   21   27    3    3    1
   29    3    4    4    1
   23   15    4    4    2
   21   26    1    3    1
    3   19    3    1    7
   17   27    2    1    2
   25   17    1    1    6
    8   12    3    2    3
    8    1    3    3    2
   20    8    4    2    3
    2   11    1    4    8
   11   22    4    3    7
   26   19    1    1    6
   17    4    2    2    3
    7   24    4    3    3
   24   24    2    4    9
    5   25    3    4    4
   19   19    1    4    6
   15    8    3    1    3
   10   14    1    4    2
   18    9    2    3    3
   21   20    4    1    4
   27   18    3    2    6
   29    5    3    1    2
    9   15    1    1    1
   28   30    1    1    1
   16   21    1    4    2
    9    4    3    2    7
   28    2    4    4    6
   22   15    4    1    1
   18   21    4    4    2
   12    2    3    4    1
   13    4    4    4    9
    6   24    4    2    1
   17   28    3    4    4
   25    6    4    4    2
    9   30    3    1    4
    9   26    2    2    4
   19   28    1    3    2
   22    2    2    3    6
   30   22    2    3    2
   29   28    1    2    1
    2    2    4    2    6
    5   19    2    1    3
   13   13    1    4    6
    6   26    3    3    4
   26   26    2    4    8
   18    5    3    2    5
    6   10    2    2    3
   23   22    1    2    1
   20   27    3    1    7
    2    8    1    4    6
   13   16    3    1    5
   13   17    2    4    3
    2   21    3    4    6
   15    5    4    3    5
    7    6    1    1    2
   17   17    2    4    1
   27   29    1    2    1
    8    6    1    4    1
   17   19    2    4    1
   12    5    2    2    2
   29   21    2    3    1
   28   26    4    3    1
    2   17    2    2    3
   24   29    2    3    4
    8   16    3    2    4
   18   16    3    4    1
   22   16    1    2    4
   24   25    1    2    1
   11    7    1    2    5
   28   22    2    4    5
   10    2    3    2    2
   28    7    4    2    6
   12    6    4    1    7
   14   13    1    1    5
   30   12    4    2    6
   29   30    1    3    2
   30    3    4    3    2
    3   14    2    4    2
    7    8    1    3    1
   18    4    4    2    5
   14    8    1    2    2
    8    3    4    2    2
   11    5    2    1    2
   20    5    4    2    2
   21   21    1    3    6
   25   16    4    3    4
   24   13    4    3    3
   21    5    1    2    2
    1   26    1    3    2
    5   24    4    3    2
    4    4    3    4    6
   22   19    2    4    6
   11   10    3    2    4
   28   15    1    4    6
   20   13    4    1    2
   19   16    2    4    5
   17    5    3    1    3
    2    3    2    3    4
   30    4    3    1    2
   14   29    4    1    3
   11    1    1    4    2
    2   15    1    4    3
    4    5    3    3    5
   17   23    4    2    3
   11   24    4    3    5
   24   26    2    3    2
   26   12    3    1    1
   27   15    2    1    7
   29    2    2    4    6
   17    9    4    2    2
   12   10    4    4    1
   19   23    1    2    2
    2   25    2    1    2
   25   18    1    3    6
    7   17    2    4    4
   20   24    2    3    2
   25   26    4    2    4
   27    1    3    2    1
    3   20    1    2    1
   11    8    2    4    6
   11   11    4    1    9
    1   21    1    1    7
    4    3    2    4    6
   16   12    3    1    6
   27   27    2    3    7
   14   22    3    2    4
   10   18    1    2    4
    1   17    3    1    4
   17   30    4    2    3
   15   12    3    1    2
    1   25    2    3    2
   12   20    2    4    5
    4    1    3    3    5
   29   19    2    4    3
    8   23    3    2    2
    1    1    2    3    5
   12   24    2    1    4
   21    4    1    3    3
   23   14    1    1    1
   18   15    1    3    2
   29   29    3    2    6
    4   16    3    4    4
   20   18    2    4    2
    3   10    3    4    2
   16   11    1    4    4
   13    6    2    3    3
    7   14    2    3    1
    1   15    3    1    2
   12    9    3    1    1
   27   11    2    3    1
   26    5    4    3    3
   22   20    3    1    1
   18    7    4    4    2
    9    3    2    2    1
   22   22    3    2    9
   10    8    2    4    2
   25   23    1    2    1
   27   13    3    1    1
   27   30    2    1    1
   10    1    2    4    2
   10   24    2    4    1
   17    3    2    1    2
    7   27    2    1    1
   14   17    2    1    1
   26   13    3    4    8
   29   12    4    3    1
    3    3    4    3    3
   16   16    3    4    7
   28   14    1    4    5
   19   10    1    3    6
   18   12    4    3    3
   22    8    1    2    1
   29   23    1    2    8
    8   25    2    4    8
   22    1    3    2    5
    5    9    2    4    2
   21    8    4    1    1
    7   19    4    1    1
   13   11    1    4    4
   23   16    1    3    1
   14    6    2    1    1
   26   17    4    3    2
    8   28    4    2    2
   29   10    3    4    2
   22   12    1    2    2
   14   21    4    1    7
   13   23    1    3    5
   23   21    4    1    5
   29   18    2    4    2
   17   29    4    3    2
   12   19    4    1    3
   16   30    1    1    5
   27    6    4    4    3
    3    5    2    1    5
   13    8    2    3    2
   25   10    1    3    4
   27   22    2    1    3
    7   29    2    2    2
   14   12    1    3    5
   25   25    4    3    7
   21   11    4    1    6
    4   11    2    1    9
    8    9    4    4    2
   30   18    2    2    1
    6   20    3    1    1
   25   28    4    3    2
   12   11    2    3    2
    2   13    4    4    7
   21   17    4    4    2
    5   30    3    2    2
   28   28    2    3    9
   13   28    4    4    5
   18   23    4    4    2
    7    3    1    4    2
   27   23    2    4    2
   22   10    4    3    6
   15   19    1    3    1
   25   12    4    4    3
    7    7    2    4    3
   27   12    3    2    1
   16   15    4    1    2
   18   28    4    3    3
    9    9    3    2    9
    7    5    4    2    3
   23    5    4    4    5
   17   20    3    3    6
   12   21    3    3    7
   27    2    3    3    2
   27   16    1    2    1
   24    2    4    1    3
   25   30    1    2    2
   14   26    3    3    6
   10   26    2    2    2
   25   22    3    2    1
   26    3    4    4    1
   27    3    3    1    1
    8    8    2    3    6
   18   17    1    2    2
   10    9    1    3    6
    1   28    2    3    5
   18   13    2    2    3
   13   10    4    2    1
   30    8    3    1    3
   21    9    1    1    1
   13    9    2    4    2
   30    6    1    1    3
   15   26    3    4    1
   20   25    2    2    2
   18   19    1    4    5
   15   10    1    2    5
   11   18    1    4    4
   23   30    1    3    1
    4   15    1    2    1
   29    8    2    1    1
   15   13    1    4    2
   22    9    4    3    6
    6    3    4    2    1
   29   22    4    4    6
   18    8    4    3    3
   13   29    4    2    3
    4    6    1    1    2
   16    5    3    2    6
    9    2    3    1    4
   18    2    4    4    3
   30    2    4    3    4
   18   18    2    1    7
    6   23    3    4    8
   23    9    3    2    5
   28   12    4    4    3
   16    3    2    4    4
   16    6    2    2    2
   26   11    2    2    3
   30    7    4    2    3
   11   23    4    2    3
   21    6    4    3    7
