Rock1Type Rock2Type Rock1Token Rock2Token Rating
   28    2    3    3    2
   19   10    2    2    3
   29   15    4    4    2
   12   25    4    1    1
    5   28    3    4    3
   28   17    4    4    4
   16    1    4    4    4
   19   27    4    3    3
   29   25    4    3    2
   17    7    3    2    2
    9   13    3    3    5
    7   12    2    2    5
   24   19    2    3    2
   11   27    2    4    1
   20   25    1    2    6
    7    1    2    1    4
   10    9    2    3    2
    4    2    4    2    7
    8   22    3    4    3
   26   10    1    2    6
    1   11    3    2    4
    5   13    2    2    6
   20   14    3    1    6
    8   26    2    3    4
   24   17    3    2    3
    3   14    1    2    2
    1   13    1    4    3
   18   12    2    3    3
   10    5    1    1    7
    1   30    3    1    2
   22   10    2    1    2
   20   18    2    2    2
   24   23    4    2    4
   28   23    2    3    2
   13   25    2    1    6
   14   11    1    2    6
   14   27    2    2    2
   23   22    4    3    7
   24   12    4    2    2
   28    3    1    2    1
    2   18    4    4    3
   13    8    1    2    4
   30   21    3    4    5
   29   13    3    2    7
   27   12    4    4    3
   26   24    4    3    3
    4   23    2    2    2
   27    2    1    2    1
   16    2    3    2    3
    6   18    3    2    2
   18   27    1    4    3
    9    5    4    4    2
   29    6    4    3    2
    2    6    3    1    4
    3   29    1    2    3
    2   17    1    4    3
   16   11    3    4    2
   13    4    3    4    5
   25   11    4    4    3
   13   12    4    3    4
   22    1    3    4    3
   13   13    4    1    7
   12    2    4    4    2
   25    3    2    4    2
    7    7    1    3    5
    8   25    4    1    3
   21   28    4    3    1
   20   23    3    1    3
   30   19    3    4    4
   26    3    3    4    2
   18    3    1    4    3
   16    8    4    4    5
   22   29    2    3    5
   30   15    4    3    3
   20   15    2    2    6
   14   21    3    2    7
    7   10    3    3    6
    6   17    2    3    7
   19   28    2    2    2
   18   14    1    3    3
    6   24    1    1    1
    9   17    1    1    2
    6    6    1    2    8
    2    9    2    1    5
   21   21    2    4    7
   10    4    1    1    3
   24   22    2    4    6
    3   15    3    4    5
   14   30    3    3    8
    9    6    4    4    3
   26   25    1    2    7
   13   30    4    4    4
    4    5    1    4    6
    7   26    4    4    2
   20   17    1    2    3
   19   22    4    3    4
   30   17    2    1    3
    3   27    2    1    2
    5   15    1    2    1
   23    7    3    4    2
   23   15    3    4    2
    6    8    2    2    3
   10   23    1    4    3
   27   21    4    4    1
   19   18    3    3    2
   27    6    3    3    2
    5   21    1    3    2
    4   15    4    2    3
   10    3    2    2    2
   26   29    3    2    5
    2   30    3    3    5
   23   23    4    2    4
    6    1    3    4    4
   17   23    2    4    5
    7   16    1    1    4
   14   23    1    1    2
   25   21    3    4    1
    7   28    4    4    4
    5   17    1    3    4
   21   29    2    2    3
   23   27    1    2    2
   21   11    3    4    5
   20   22    1    3    4
   21   19    2    2    6
   26   26    1    4    7
    8   20    1    1    4
    7   18    3    1    3
   18   24    4    3    3
    2   15    1    1    2
    3    7    4    3    6
   13   15    3    3    3
   23    5    1    2    2
   19   13    2    2    2
   10   20    4    2    6
    7   15    1    1    3
    6   23    4    4    8
   26   17    2    2    7
    9   26    2    3    8
   24    2    3    1    5
    6   10    1    4    3
   16   18    4    4    3
    2   29    4    4    6
    3    4    4    3    7
    9   25    4    2    3
   12   29    2    3    2
    8    8    4    1    6
   25   25    1    4    4
    2   23    3    1    2
   11   29    4    2    2
    8    7    4    3    3
   23   29    3    2    3
    8   12    3    4    2
   11   23    3    4    4
   11   11    1    3    8
   30   18    4    1    3
   16    4    1    1    4
   10    8    4    1    3
   22   25    1    2    3
    8    3    1    4    4
   13   10    2    2    6
   18    4    2    1    4
   19   19    4    3    7
   26   30    4    4    4
   15   24    2    3    2
    3    5    3    2    5
   20   21    1    2    5
   24   16    1    2    2
   25   27    4    1    4
   16   30    1    2    3
    1   15    3    2    4
   14    5    2    1    3
    8   30    3    1    2
   21   10    1    1    2
   25    6    4    2    3
   11   24    1    3    4
   21   24    3    4    2
    9   12    1    2    3
   29   30    4    1    5
   24    8    2    1    3
   24    3    3    2    2
    3   11    1    3    5
    6   15    4    1    2
    2    3    2    2    2
   22    4    3    2    6
   25   19    2    3    5
    5   27    4    1    3
   22   17    4    1    2
   12   12    4    2    7
   18   15    3    2    4
   13   18    2    4    6
   19    9    2    2    2
   20   19    4    1    2
    1   25    4    2    2
    9    9    4    1    6
    2    8    1    1    4
    7   19    3    4    5
   28   25    3    2    3
   22   27    2    1    3
   15   19    2    1    3
   25   17    4    2    5
   12    3    2    1    3
   15   26    1    3    3
   19    5    4    3    2
   13    6    2    2    4
   15   25    1    2    3
    6   14    3    2    4
   25   16    3    3    5
   30    3    3    3    3
   20    9    1    3    3
   16   29    4    4    2
   20   26    2    1    4
   26   11    1    4    5
   27   26    4    3    4
    9   27    2    3    3
   20   12    2    4    4
    9   30    2    1    5
   16   15    4    4    6
    2    2    1    3    8
   14   22    1    2    7
   27    4    4    4    2
    2   11    3    1    8
    6   12    2    1    8
    2   25    4    4    5
    3    3    3    2    3
   21    1    1    2    5
   24    1    1    3    6
   12   30    1    1    3
   13   16    4    1    3
   17   19    4    3    4
   11   12    1    2    4
    2   13    1    1    3
   17   11    2    2    2
   11   22    1    4    2
   28    1    2    3    4
   10   16    3    4    3
    8   28    2    1    1
   28   10    1    2    1
   11    8    1    1    3
    8    4    1    4    4
   17   18    2    4    3
    1   20    2    2    6
   20   20    2    3    9
   20   27    3    2    3
    8   27    1    3    2
   12   22    2    2    4
   18    8    3    1    2
   29    9    3    2    5
   11   15    3    4    4
   28    4    4    2    4
   14   14    2    1    6
   23    8    3    4    3
   18   25    3    2    2
    7   20    2    3    3
   24   25    4    3    3
    9   11    3    2    5
   13   21    2    3    5
   30    4    2    4    3
   15    9    2    1    2
   30   20    4    4    6
   18   26    3    4    5
    5   18    4    3    6
   17   10    4    2    3
    5    2    4    4    5
   21    9    4    3    2
    1    9    3    3    3
   18    9    1    4    2
   12   26    2    4    2
   17    3    2    2    2
   21   17    4    4    4
   10   29    2    1    3
   21    3    1    3    3
   25    7    4    1    6
    6   30    2    2    4
   15   10    1    2    4
   20    5    2    1    3
   30    5    2    1    2
   22    2    3    3    4
   27   30    1    2    3
   24   27    4    3    2
    1   26    3    3    3
   26    5    3    2    2
    7   13    4    3    4
   23    3    3    4    3
   12   14    4    4    5
    6   16    4    2    3
   19   29    2    4    2
   29    5    1    3    2
   18   22    4    3    4
    7   22    1    1    2
    6   22    4    4    1
   24   30    3    4    3
   20   13    2    3    4
   15   17    3    3    2
   17    8    2    2    3
   24   28    4    1    1
   16   22    2    4    4
    5   24    4    4    3
   28   18    2    3    5
   30   11    2    1    4
   23   25    4    3    2
   26   19    1    4    5
   11   13    2    4    6
   20   28    2    4    4
   17   12    3    1    6
   12    5    3    3    4
    1   27    4    3    3
   10   30    1    3    2
   16   16    3    2    7
    7   21    2    1    5
   22    3    2    1    6
   28   12    1    4    3
   28   16    4    2    5
   14   26    2    2    2
   28   28    4    1    2
   19   23    1    4    4
   20   16    1    2    2
   26    2    1    4    5
    4   17    2    1    3
   17   27    1    2    3
    4    4    2    1    6
   21   16    1    3    3
   23   16    4    2    3
   25   14    2    2    2
   18   21    1    2    3
   20   24    3    3    2
   13   24    3    2    2
    9    8    3    2    5
   10   24    2    3    2
    7    5    4    3    4
    6   19    1    1    2
    8    1    3    3    3
   23   30    4    4    6
   14    2    4    2    3
   28   15    3    3    3
    5    1    1    2    6
   19   11    1    1    7
   13   14    2    3    4
   15    8    4    2    6
   10   14    4    1    4
   30   28    1    4    5
   28   27    1    2    7
   17   17    2    3    4
   29    4    2    3    2
   22   30    4    2    3
    6   20    1    1    4
   18    1    4    4    3
   25    4    1    1    2
    9   22    1    3    5
   14   24    3    3    4
    3    9    2    2    2
   22   21    3    4    3
    6    3    3    3    3
   22   22    2    1    5
   14    1    1    4    4
   23   13    4    1    6
   21    2    3    4    3
   30   30    4    1    5
    9   24    4    1    2
   16   26    2    3    5
   11   20    3    4    3
    7   11    4    3    3
   26   21    1    4    2
   21    4    4    1    4
   13   27    3    3    5
   12    4    2    4    3
   14    4    1    1    6
    6    5    4    1    5
   16    9    2    2    3
   14   28    2    4    2
   25   10    1    4    5
    9   28    1    1    2
   10    2    4    1    5
   14   29    2    2    2
   29   17    1    3    2
   18   18    1    3    6
    4    7    3    1    4
   10   10    3    4    4
   27   27    1    2    6
   17   14    3    3    6
   26   22    1    3    4
   14    8    4    1    5
   16    5    3    4    5
    6    7    2    4    3
   22   28    2    3    2
   22    5    2    1    3
   23    1    2    1    3
   26   13    2    2    5
   17    1    1    4    6
   12   21    1    2    7
   24   24    1    3    7
   14   16    3    4    5
   12   16    1    4    6
    8   29    4    3    3
   20    4    3    4    4
    6   11    4    4    5
    1   29    2    4    5
   18   10    1    2    7
   13   17    2    3    5
    4   24    2    2    3
   14   19    3    2    6
   29   18    1    3    2
   26    4    2    1    4
   11   28    1    1    1
    9   23    1    1    2
    1    3    3    1    4
   10   12    2    3    3
   18   23    4    2    3
   15   27    3    4    7
   12    1    4    1    6
   28   13    3    1    2
   16    3    4    2    5
   23   26    1    4    4
   30   25    3    2    6
   28   29    1    1    2
   19    3    2    1    3
   28    6    3    3    1
   13    3    2    2    4
   19    1    2    1    3
   15   15    4    3    7
   17   16    2    3    3
   19    8    3    2    5
   11   10    4    1    3
    7   30    1    3    3
   29   24    1    1    2
    7   27    4    4    6
    5    5    2    3    8
    4    1    4    2    5
   29   29    4    3    6
   26    6    2    4    2
   13   22    1    3    5
   21   23    2    1    2
    9    4    3    3    3
    2   20    1    2    3
   23   12    4    3    7
   21   15    1    2    2
    8   21    1    1    3
    9    7    1    1    4
   18   11    4    4    5
    9   14    3    2    3
   11    4    4    4    7
    1    1    3    2    6
   14   15    2    1    3
    5   11    3    2    3
   21    6    4    3    7
   29   20    1    1    2
   19   12    4    4    6
   24    7    2    1    2
    7   14    2    2    5
   26   28    3    4    4
   29    7    4    4    3
    4   19    2    3    5
   27   10    3    3    2
   10    1    2    3    2
   27   16    2    2    3
    6    4    3    1    4
    5   25    1    2    2
    2    1    4    1    2
   15   22    3    2    3
   29   27    3    4    2
    2   19    2    3    5
    5    8    4    1    3
    2    7    3    2    6
   15   12    4    3    4
   16   19    2    4    7
    3   20    1    1    2
