Rock1Type Rock2Type Rock1Token Rock2Token Rating
   15   30    2    2    2
   26   20    3    2    2
    1   11    1    4    2
    3   22    2    4    3
    9   25    1    2    2
   11   23    1    3    3
   28   27    2    3    5
    4    6    4    2    5
   15   27    1    2    7
   15   23    3    4    4
   18   15    1    1    3
   21   21    3    4    7
    8   18    4    2    4
    2    7    3    1    3
    4   28    2    1    3
   16    1    4    3    6
    2   29    3    3    6
   12   19    4    2    7
   29   26    4    3    7
   21    9    1    2    4
   24   12    2    4    1
   30   18    3    1    5
   22   15    3    2    3
    9    8    2    1    5
   22   22    1    3    5
    6    7    2    4    5
   28    1    1    2    6
   20    9    3    3    3
   11    4    3    1    8
   30   27    1    1    5
   22   18    1    3    4
   26   14    4    2    2
   17   20    4    1    1
   20    4    3    3    2
   14    6    1    4    2
   18   17    1    4    3
   20    8    2    4    2
    8   24    3    1    2
   16   16    1    3    5
   24   23    2    1    5
    9   13    2    1    4
   21   15    3    1    2
   29    5    3    4    2
   16    5    3    4    4
   15   26    2    2    3
    5   22    1    3    4
    3   18    4    3    5
   11    6    2    1    5
   28   11    2    1    4
    1   13    2    4    3
   15    4    3    4    3
   23   28    4    1    4
    9    3    2    3    6
   14   15    3    3    3
    3    2    3    4    3
   29   16    1    1    3
   10   17    4    3    5
    3    8    3    4    4
    4   13    3    3    3
    8   26    4    1    3
   29    9    1    2    3
   12   16    3    2    3
    3   25    2    2    3
   25    5    4    1    2
    6    9    3    1    2
   26   21    1    2    2
   14   12    1    4    2
    2   13    2    2    3
    9   16    1    1    2
    7   13    2    2    2
   22   13    2    1    4
   14   16    2    1    5
   23    2    1    2    2
   15   19    4    4    2
    1   15    1    1    2
   23    6    4    1    6
   30   22    2    2    2
   12   12    4    3    5
    9   28    3    4    6
   20   20    1    4    4
   19   22    1    4    4
   29   12    4    1    3
    1   22    2    1    4
   25   22    4    4    5
   18   19    1    1    4
   24   25    3    1    2
    7    4    2    4    4
   24    3    2    3    3
   16   24    1    1    5
    9   30    1    2    4
    7   30    3    1    3
   18   25    3    3    4
   16   22    3    4    3
   19   11    2    2    4
   17   23    2    3    5
    4   10    2    1    5
    2   19    1    1    5
   25   28    3    3    4
   15    8    3    2    3
   16   13    2    3    5
    3   12    3    4    3
   16   10    1    3    4
   23   20    3    1    3
   21   17    2    1    4
   17   11    2    4    4
    2    4    1    1    5
    5   17    1    4    4
    5   26    4    1    3
   12   11    2    2    4
   26    1    2    3    3
    3   29    1    4    3
   25   17    1    4    3
   26   18    2    3    3
   23   16    1    3    5
    1    2    3    3    5
    3    5    1    3    5
    6    6    1    4    9
   21    5    4    2    4
    9   23    1    4    5
   24   14    3    2    3
    6    8    1    1    3
    7   11    3    1    4
   26    7    3    3    3
   15   17    1    3    5
   28   22    4    1    6
   18    2    3    4    4
    5    8    1    1    7
    1   24    3    4    3
    8   21    4    4    4
    6   22    4    1    3
    9    4    2    1    7
   18   29    3    1    5
   29   29    1    2    9
    3   27    4    4    4
   14   10    4    4    6
   14   11    1    1    6
   12    7    4    1    4
    7   23    2    2    4
    5   27    1    2    3
   23   10    2    4    5
    6   15    4    4    3
   22   12    3    4    4
   12   13    1    4    4
   10   12    4    3    4
   17   22    1    3    4
   27   11    1    1    4
    9   24    2    4    5
    9    1    4    4    4
   13   26    2    1    4
    8   22    4    1    4
   16   20    1    2    4
   16    2    1    4    4
   16    8    2    2    5
    2   25    4    3    4
    9   17    3    2    4
   14    3    4    4    5
   24   22    3    3    3
   29   28    2    4    4
    7   22    3    1    4
   10   24    1    3    3
   12   17    4    2    3
   28   26    4    3    3
    4   19    2    4    4
   17    7    4    2    3
    6    2    4    1    3
    9   11    2    3    3
   20   13    2    1    3
   22    2    3    4    3
   19    5    4    3    3
    5   18    1    4    4
    3    3    1    4    4
   12    5    1    3    4
    5   14    2    1    4
   28   28    4    3    6
   27   14    2    4    4
   27   20    2    3    4
    7   21    2    2    5
    9   14    2    2    4
   20   15    4    4    4
    8   27    4    1    3
   30   25    1    4    7
   19    9    3    2    5
    1   20    4    2    4
   15   28    3    3    4
    1   10    2    1    4
    1   30    1    2    4
   18   13    4    4    4
   17   26    1    4    4
   12   15    4    1    4
   20    6    2    2    4
    4   27    3    1    4
   13   25    4    3    4
   23   18    3    4    4
    5   11    1    2    4
   12   30    1    1    4
   24   30    3    4    4
    9   26    2    2    4
    2   26    4    3    5
   20   19    4    1    4
   19    8    2    2    4
   11    2    3    2    6
   26   10    4    1    4
   30   11    3    4    5
   22   11    3    3    4
   12   28    4    4    7
   29   19    4    4    4
    5    9    4    2    4
   25   25    3    2    6
    4   16    4    1    4
   21   10    1    2    4
   10   11    2    3    4
   13   13    3    4    5
    7    5    4    3    6
    7   24    2    2    5
   10   30    1    3    4
   22   27    2    1    4
   14   14    3    1    4
   28    2    2    4    4
   23    8    1    1    4
   26   23    1    2    6
   27   13    2    3    4
   26   19    2    4    4
    8   30    4    4    5
   27   29    1    4    4
    5    1    2    2    7
    2   14    1    1    5
    1   18    1    3    4
   23   12    2    3    4
   10    2    3    2    4
    3   30    2    2    5
   24    6    1    2    4
    2    8    4    4    4
   12   27    3    4    5
   27   27    1    2    5
    8   11    1    3    4
   28   10    2    3    4
    2   20    2    1    4
   19   27    1    2    4
   20   28    2    1    4
   24   15    3    4    4
   22   10    1    3    4
    3   19    2    1    4
    6   13    1    4    4
   26    3    1    1    4
   14   21    3    2    4
    2   17    3    2    4
   12    8    2    3    4
   14    8    3    4    4
   30    2    1    2    4
   11   29    1    1    5
    3    6    3    3    4
    3   23    4    3    4
    8    1    2    3    4
    3   20    3    1    5
   21    3    3    3    4
   18   21    2    4    4
   30   20    2    1    4
   24    5    3    3    4
   23    5    2    4    4
    3   13    4    3    4
    4   23    1    2    4
    1    7    4    1    4
   26   11    1    1    4
   20   11    4    4    4
   27   25    2    1    5
   13   28    2    2    4
   12    1    4    4    5
    7   16    2    3    5
   11   13    1    2    4
    3    4    3    4    4
   29   20    1    1    4
   16   21    1    3    4
   27    1    4    1    4
   25    8    1    4    4
    1   19    1    1    4
   10   10    1    3    4
   10   19    3    3    4
   19   21    4    3    4
   16   25    1    4    4
   26   26    3    2    4
   26    6    4    4    4
    3   17    4    1    5
   23    1    3    3    4
    4   12    1    3    4
   29    7    4    4    4
    9    2    3    3    5
    6   17    3    1    4
    6   10    3    1    4
    5    5    4    2    5
   24   19    3    3    4
   28   19    2    3    4
   25    1    1    3    4
    2   15    4    3    4
   10    8    3    1    4
    7   27    4    1    6
   27   23    2    2    6
    4    1    1    3    4
    7    7    3    4    4
   29   14    1    2    5
   29    8    2    4    4
    4   18    3    1    5
   17   28    1    1    4
   25   12    3    4    4
   10   25    3    4    4
   18   28    2    2    4
   24   29    2    3    4
   18   10    3    2    5
   19   14    2    1    4
   23   23    4    2    4
    3   11    2    4    4
   28   30    3    4    4
   30   17    3    3    6
   13    5    4    1    6
    3    1    3    4    6
   21    4    3    4    5
    6   19    3    2    4
   24   24    1    3    4
   23   13    4    4    4
   17   17    1    2    6
    7    3    4    2    6
    1   29    2    4    5
    8    7    2    3    4
   11   21    1    2    4
    5   15    4    2    4
   22   21    2    4    4
   15    9    2    4    4
   12   21    4    4    6
   14   22    1    3    5
   10   20    3    4    4
   26   25    1    2    6
   12    9    1    4    4
   24    2    3    1    4
   24   11    4    4    5
    8   28    1    3    4
    7   19    4    1    4
   24   27    3    1    4
   27   21    1    4    4
   29   25    1    2    5
   28    3    4    1    5
   15   10    3    3    4
   10   13    3    3    4
   12    2    2    2    6
    5   10    2    3    5
   18   14    1    1    4
    4   14    1    1    4
    7   18    3    2    4
   11   15    1    1    4
    4   30    4    4    5
    5    2    2    4    4
   25   11    2    3    4
    7    9    1    2    5
   24   28    3    1    4
   21    1    4    4    4
   17    4    1    2    4
    7   28    1    3    4
    6   21    4    3    5
   15   29    1    4    4
    5   30    3    4    4
   30   16    2    4    4
   24    4    1    1    4
   23   22    3    3    5
    6   12    2    1    5
    4   22    1    4    4
   15   25    2    4    5
   22   29    3    3    5
   14   28    4    4    5
   28    5    3    1    4
   12   20    4    1    5
   25   20    3    2    5
   24   18    4    3    4
   16   26    3    3    5
   13   29    1    4    5
    9   22    1    2    4
   27   18    1    2    4
   15   13    1    4    5
    6   27    1    1    5
   14   30    1    2    5
   19   17    2    2    6
   14   13    4    2    6
   15   16    4    1    6
   16   11    1    2    5
   19   19    3    2    4
   17   14    4    3    5
   28    6    2    1    4
    5    4    4    4    4
   25   14    3    1    4
   26   30    1    4    6
   18   18    3    2    6
   15   15    3    1    6
   17    8    1    2    5
   21   23    4    1    4
    9   10    1    4    6
   23   19    2    1    5
   18   11    3    2    5
    4   26    4    3    6
    7   10    2    3    6
    6    5    3    4    4
    7   25    3    1    4
   23   30    4    4    5
   15    3    1    4    6
    6    1    1    1    4
   14    1    2    2    6
   16    6    3    4    4
   16   27    1    1    6
    9    9    1    2    6
   13   19    3    2    6
   26   22    4    4    5
   21   25    4    2    5
   21   20    3    2    6
   24   21    2    1    5
   21   13    1    3    5
   14   23    4    1    5
   22   20    3    3    5
   27   17    1    3    5
   30   30    2    4    6
   30   29    1    2    5
   27    9    4    2    5
    4   25    3    2    5
    7   14    4    4    5
    1   17    2    3    4
    9   18    1    2    4
   11   11    4    2    6
   24   17    3    3    4
   20    7    1    3    4
   29    6    1    1    4
   18   16    4    4    5
    4    4    4    2    5
   20   24    2    2    4
   25   23    2    1    4
    3   16    3    3    5
   16   17    1    1    6
   30    6    4    3    4
   13    8    3    2    4
   25    6    1    3    4
   23   29    2    1    5
   20   14    2    2    6
   13   17    2    1    6
   25   19    2    1    5
   29   10    3    4    5
   26   24    2    4    5
   27    2    4    2    5
   27   10    4    2    5
    4    8    4    2    5
   15    7    3    2    5
   13   30    4    4    5
   18    6    2    2    5
   13   24    4    4    5
    5   20    2    2    5
   16   19    3    2    6
   12   18    4    2    5
   27   26    2    1    5
   26   12    2    1    5
    3   10    1    4    5
   29    4    1    3    5
   17   29    3    4    5
    2    2    1    2    5
   21   30    3    3    6
   21   28    3    3    5
   18   20    2    2    5
   19   30    2    4    4
   29   21    4    3    4
    8    8    2    4    4
    1    1    2    1    4
   21    2    1    1    4
   28   16    3    1    4
