Rock1Type Rock2Type Rock1Token Rock2Token Rating
   25   12    4    4    2
   13    5    1    3    4
   23    9    1    1    3
    7   13    4    2    3
    7   16    2    2    5
   20   22    3    4    2
   11   26    4    3    6
    2    2    1    3    7
   14   13    3    2    4
    8    5    3    3    4
    1   22    1    2    3
    3   16    2    2    5
   22   30    2    1    6
   15   21    3    3    4
   30    1    2    2    3
    9   22    2    4    6
   30   20    4    3    6
   14   19    3    1    3
   28    9    2    1    1
    4   19    1    1    8
    2   17    3    4    5
    7   12    1    3    2
    6   18    3    2    2
   11   17    2    2    4
    1   21    4    4    3
   16   10    4    3    3
   14   21    1    4    4
    5   25    2    1    3
   23   18    1    1    5
   22    8    4    3    5
   26   20    4    3    7
   14    4    2    3    3
   11   15    1    3    3
   10    8    2    2    5
    4   24    2    4    6
   12   19    1    3    3
   12   16    2    4    4
   11   14    2    2    3
    5   17    4    2    4
    5   11    4    3    2
   14   26    1    3    3
   12    9    1    3    2
   27    2    4    2    1
   23    8    1    2    5
   30   23    3    2    4
   15   22    2    3    3
   16   21    1    1    5
   20    9    1    4    2
    7   17    2    3    3
   26   30    3    3    3
    4    5    4    2    2
   26    3    1    3    6
   26    5    3    1    4
   30   24    1    2    2
    2    4    4    3    6
    3    4    4    1    5
   10   24    3    1    7
   11   19    1    3    7
   16   16    1    3    8
    7   26    2    4    4
    4    4    4    3    6
    2   29    2    4    7
   27   19    4    1    1
   22    4    3    1    8
   21   18    1    1    2
   11    1    4    2    2
   19   13    4    3    4
   27    9    4    2    3
   17   26    3    3    3
   16   19    3    2    5
   15   15    3    1    8
   19   21    2    3    6
    6   23    4    4    9
   11   25    4    3    3
   11    7    2    2    4
   22   10    1    2    7
   12   11    3    1    4
   15   20    1    1    2
   17   20    4    2    8
    5   22    4    3    5
    5    5    1    2    8
   14   10    1    4    4
   25   24    1    2    2
   13   11    2    3    4
   14   22    2    4    1
    6   24    3    4    1
    1   18    3    1    3
   21    2    4    1    8
   15   27    2    3    6
   18    3    3    4    7
    4   25    3    4    5
   10   12    1    4    1
   17    1    2    2    1
    7   23    4    3    5
    4   12    1    3    3
    6   29    2    1    2
   28   10    2    2    1
   14    5    2    3    3
   24   14    2    3    1
   24   17    2    4    1
   21   29    2    2    2
   12    5    4    4    1
   11    9    1    2    3
   10   23    4    3    5
    6    8    1    1    1
   19    2    2    3    3
   29    1    2    4    2
   26   25    1    3    6
   22   25    4    2    4
   17   30    4    1    5
   18   28    3    4    1
   24   28    2    4    4
    6    2    2    1    6
    7   28    2    3    7
   14    6    4    1    5
   21   12    3    1    4
   20   27    3    1    4
   27   17    4    1    2
    5   28    2    3    1
   17    6    4    3    1
   17   13    4    4    1
    3   17    2    3    2
   21   20    2    2    6
    7    3    4    4    2
   28   11    3    4    1
   22   11    4    2    2
   15   30    4    4    3
    5    7    3    4    4
    4   23    1    2    2
   20   29    1    1    4
   17   22    1    3    3
   16   18    4    4    2
    5   16    4    1    5
   21   26    3    2    6
    6    6    4    1    9
    3    8    2    1    1
   12   15    1    3    1
   20   14    2    4    3
    2   12    4    4    2
   16   11    4    2    3
   27   21    1    2    2
    6   26    1    2    4
   25   27    1    2    2
   17   28    4    3    2
    1   12    2    3    3
   26   18    1    3    4
   25   10    2    3    3
   26    4    1    4    5
   23   16    4    4    4
   20    5    4    1    2
   28    4    2    1    1
   10   26    3    2    3
   20   10    1    3    2
   26   27    4    2    1
   30   29    1    3    3
   11   11    4    3    8
    3   19    1    3    4
   13   12    2    2    3
   30   18    4    1    2
   17   19    4    4    1
   15   10    4    2    2
   29    8    3    2    3
   10   10    2    1    7
   11   20    1    3    2
    4    6    4    2    3
   29   14    4    2    2
   25   30    1    2    2
   30    5    3    3    1
   18    5    4    2    4
    3    3    4    1    9
   14   18    3    4    6
    7   18    4    3    3
    6   13    1    4    4
   17   12    4    3    3
   14   17    3    2    6
    8   15    1    1    1
   12    6    1    3    8
   28   28    4    2    7
    7    4    1    1    3
   18   24    3    1    4
   24   24    3    1    8
    6    5    2    1    3
    1    3    3    1    7
    9   13    4    3    4
   27   10    4    4    3
    5   21    4    2    3
   12   12    3    4    7
   28   16    4    2    4
   23   19    2    2    3
   30   28    3    3    1
   15   17    2    1    5
   11   21    2    1    4
   14   28    4    3    1
   17   21    3    3    7
    2   23    4    2    1
   27    3    2    2    1
   24   29    1    4    1
   27   24    3    1    1
    1   10    4    1    9
    9    3    1    1    6
   15   14    4    3    4
   29    3    2    3    3
   28   19    1    4    2
   18   18    4    3    7
   25    2    3    4    4
   22   16    3    4    4
   15   13    2    2    3
   29   27    1    3    2
   19   10    1    3    2
   30    6    1    1    1
   30   14    1    3    7
   15   18    2    1    4
   30   27    2    4    3
   25   18    4    3    2
    5   10    4    3    9
   19    7    2    4    3
   11   24    4    3    2
    2   14    4    4    3
   14    3    1    3    4
    6    7    1    1    2
   21    3    1    1    2
   24   21    4    1    2
    6   21    1    2    7
   13   13    4    3    6
   11    8    4    3    3
   14   25    1    3    2
   15   23    3    3    3
   21   10    1    3    1
   22    6    3    2    2
   23   27    3    2    1
   28   21    4    4    4
    3   25    2    3    3
    4    8    2    4    5
   29    7    3    3    1
   22   19    1    1    2
   20   23    4    2    1
    3   12    3    4    1
    9   16    1    3    3
   26   26    4    2    9
   29   25    2    1    3
   25   17    2    4    3
    1   24    1    4    2
   13    1    4    4    2
    9    9    2    3    9
    3   15    2    3    6
   17   29    2    4    4
   22   24    1    2    7
   15   26    1    4    4
   16   30    2    4    3
   28    3    1    3    1
    2   16    3    4    1
   27    4    1    3    2
    7    1    3    2    2
   23   14    3    1    7
   10   18    4    2    3
   23   26    3    3    4
   20   19    3    1    2
    9    4    1    2    2
    5    3    1    3    7
    1   15    4    1    1
   16    8    3    2    3
    1    1    2    4    8
   10    4    1    2    3
   25   28    2    2    1
    4   16    1    2    6
    7    7    2    1    3
   18   20    3    4    4
   23   23    4    1    7
   11    4    1    2    8
   29   10    3    1    5
    7   25    1    4    3
   19    6    1    3    3
   26   29    1    1    3
    3   20    1    4    2
   24   19    1    3    1
   20    8    4    3    1
    7    9    1    2    2
   22    3    3    1    3
    8    9    2    3    2
   11    2    2    1    7
   21   22    4    1    3
   22   23    1    2    2
   22   13    1    4    2
   28   26    2    4    1
   29   13    3    4    5
   28   27    1    2    8
   10    6    1    2    4
   23   29    4    4    3
   24    8    2    3    7
   25   25    2    3    7
   23   21    1    1    1
    3   13    3    4    5
   10   17    4    3    4
   18   27    3    4    2
   19   18    3    4    3
   24   16    1    1    7
   20    2    3    1    3
   23    3    2    1    3
   28    2    2    1    1
    9    2    2    3    6
   20   12    2    1    4
   30    3    1    2    2
   10    2    1    3    3
   18   13    2    1    3
    8    7    4    1    2
   30    2    3    1    2
    4   21    1    3    2
   11    3    2    2    7
   17   17    1    4    8
   16   14    2    3    3
   12   30    4    3    2
   29   16    1    2    4
   13   28    2    4    1
   14    9    2    4    3
   30   30    1    4    5
   30   19    4    1    4
   27   27    3    1    9
    1   26    4    4    2
   16   25    2    4    2
   15    6    3    4    1
   17   16    3    2    3
   22   22    1    4    1
   26   16    1    2    2
   26   19    3    3    5
   15    5    3    4    2
   25   19    3    2    1
   29    5    3    1    2
    9   21    3    2    1
   24    7    1    4    6
    9   30    3    2    2
    9   10    2    1    3
   29    4    3    1    3
   28   15    4    3    1
   19    5    2    2    2
   16    6    4    4    1
    7   21    1    2    3
   27    7    2    4    1
    9   29    1    4    5
    2   26    4    4    7
   25    6    2    4    2
   26   13    3    3    1
    1   28    4    2    2
   13   27    1    3    1
   16   13    1    4    3
   15   24    1    3    3
   18    4    4    1    5
   17   23    4    3    4
    7   15    4    3    3
   24    9    3    2    3
   10   13    2    1    5
    5    1    2    3    7
    2   15    1    1    3
    2   13    4    1    2
    6   20    4    3    1
    6    3    4    3    1
   11   27    3    4    1
   13    4    3    4    5
   18   22    1    2    3
   24    2    1    4    1
    9    5    1    4    2
   20    1    1    4    2
    1    4    3    1    4
   20   24    4    1    1
   22   27    2    4    1
    8   13    3    2    2
   12   22    3    3    2
   23   28    1    4    4
    1    2    2    1    3
   16   15    1    4    4
    7    2    2    2    2
    1   27    4    1    2
   22    7    4    2    1
   14    7    3    3    2
   16   20    2    1    2
   21   30    2    3    2
    6   28    4    2    1
   25   20    3    3    2
   14    1    3    2    2
   19    9    4    1    2
   18   29    3    1    3
   10   11    4    4    2
    4   15    3    1    2
   11   29    3    4    7
    9    6    4    4    1
    5   24    2    2    2
   12   28    4    4    7
   28   20    2    3    1
   28   29    4    1    2
    5    2    1    3    3
   24   12    3    2    2
   12   29    4    4    2
   19    8    4    2    2
   15   29    3    1    3
   22   28    2    2    1
   24   26    3    2    1
    9   17    4    4    2
   27    8    3    1    1
   18    9    2    3    3
   11    6    1    4    4
   25    8    2    2    3
   22    2    2    2    2
   14   14    3    1    5
   27   12    3    3    6
   12   18    1    3    2
    1    6    4    3    2
   13   20    2    3    3
   11   23    2    2    2
    2    3    4    1    3
   20   20    3    1    9
    2    8    3    1    1
   21   21    2    1    7
   18    2    1    4    6
   23   24    3    2    4
    8   18    1    1    1
   23   13    2    1    4
    8   21    3    1    1
    8   12    4    3    2
   22   26    4    4    5
    1    9    3    2    4
   18   11    2    2    2
   15   19    2    2    2
    7   20    1    2    3
   26    8    3    3    1
   25    9    3    1    2
   21   25    1    3    1
   13   25    2    4    2
   23   12    1    3    5
   19   19    1    4    4
   14   12    3    2    3
    9   15    4    3    2
   30    7    1    2    4
   10   30    4    3    3
    4   30    2    4    3
   25    1    1    2    3
    4   20    2    4    3
   16    1    3    4    2
   19   29    2    4    2
   17   18    3    1    4
    8   30    3    2    2
    8   28    3    4    1
   27    5    1    3    2
   12   26    2    2    3
    8   17    2    3    2
   10    7    4    1    3
   14   27    3    1    2
   30   11    2    2    3
   19    1    3    2    2
    3   10    3    2    5
   29   22    1    1    4
   27    6    2    3    7
    9   26    1    1    7
   23    5    1    4    1
   25   23    3    3    2
   24    3    4    4    2
   23    1    4    1    3
    8    8    2    4    2
    1    8    1    4    2
   15   25    1    2    2
   14    8    3    2    2
   30   13    1    4    5
   17    4    3    2    4
   21   13    4    3    3
   16   27    3    1    4
   29   29    3    1    6
   24   13    2    2    3
