Rock1Type Rock2Type Rock1Token Rock2Token Rating
   15   11    1    2    1
    1   23    2    1    3
    4   24    3    3    5
    8   28    4    3    2
    4   16    4    2    4
    2   10    2    3    3
   12   20    4    1    3
   19   23    1    3    5
   13   26    4    1    6
   24   20    3    2    3
   16    5    1    4    4
   14    6    2    2    3
   10   23    1    3    4
   19   28    1    1    1
   12    2    3    4    3
   22   27    3    1    2
   17    6    3    3    2
   12   16    1    1    6
   14   21    1    1    6
   20   20    3    1    7
   18   20    3    4    6
   26   14    4    3    4
   19   19    1    3    8
   26   12    2    4    2
   13    5    1    4    4
   19   16    3    1    5
    7   24    4    1    4
    9    7    4    1    3
   22    3    2    2    2
   24   27    4    2    2
   20   10    4    4    4
   24   16    3    3    3
   12   24    3    2    2
   10   17    1    3    4
   16    7    4    1    3
   30   30    1    2    4
   20    4    1    4    3
   24   24    3    2    2
    7   26    1    3    3
   12   22    4    3    4
   22   18    4    2    2
    3    4    4    1    5
   19    7    2    3    4
    6   25    3    1    2
    8   10    3    4    2
   25    7    4    1    6
   14   14    2    3    9
   18   18    2    3    8
   23    8    2    4    4
   11    3    3    4    3
    1   30    4    1    3
    9    6    1    2    2
   25    8    1    2    4
   26    6    2    1    3
    5   25    2    4    3
   28   28    3    2    9
   17   28    4    1    2
   21   27    2    3    1
   15   27    3    4    6
   25   10    4    1    2
   25    9    4    4    1
   10   13    2    3    3
   11    4    4    3    8
    7   13    1    1    6
   15   13    4    1    5
   15   22    3    4    1
    9   17    4    1    3
    5   24    4    2    4
   10   28    4    4    5
    5   21    1    3    6
   14   18    2    4    3
   29   30    4    4    4
   30   26    1    3    2
   28    6    2    1    2
   29    9    1    4    6
   30    8    4    2    3
   26   11    4    4    2
    3   19    2    4    1
    2   25    4    2    2
    6   23    4    1    1
   25   20    3    2    4
    5   30    2    3    6
   12   27    1    3    3
   22   10    1    3    5
   11   29    3    2    7
    4   29    2    4    5
   12    7    3    2    6
   20   28    2    3    4
   27   16    3    4    2
   10   19    1    2    2
   18   24    1    4    3
   27    3    3    4    2
   11   25    2    4    3
   18   23    4    2    2
   23   29    1    2    6
   20   15    3    3    3
    6   15    3    4    2
    4   12    1    4    3
   25   27    1    2    4
   28   21    1    2    2
   29   29    1    4    1
   10   29    2    2    4
    2   28    1    4    2
   14   15    4    3    3
   18    7    3    2    2
    7    7    1    2    2
   18    3    2    3    3
   28   11    4    4    5
   20   14    4    3    7
   10   27    2    4    4
    3   26    3    4    3
   13   29    4    4    2
   17   15    3    1    3
    3   21    3    4    2
   28    3    3    1    2
   16   23    3    1    1
    1   29    4    3    2
    1    1    1    3    4
   19    6    2    2    3
   25   15    2    3    2
   20   29    1    3    2
   13   20    2    3    3
   18   29    4    2    2
   28   18    1    2    1
   19   25    2    1    2
    7   28    1    4    2
   18    4    1    3    3
   15   19    3    4    1
   10    4    3    4    4
   21   10    4    2    3
   10   24    4    3    2
   13    4    4    4    7
   22   30    3    2    4
    6   27    1    2    2
    2   14    4    4    5
    1   12    4    1    6
    3   25    4    4    3
   16   25    4    2    2
    1    5    3    2    6
   23    7    4    3    4
   12   18    2    2    3
   22   24    2    2    3
   15   16    1    2    4
    1    6    3    4    2
    4   25    2    2    3
    5   11    4    1    7
    4   17    2    2    5
   25    1    2    3    3
   29   26    1    1    2
   17   21    1    4    4
   13    1    4    4    5
   16   13    2    4    6
   12    5    1    4    3
   14   10    2    2    6
    8    6    3    3    1
   22    5    1    1    7
   15   10    2    2    5
   16    9    3    3    3
   29    2    4    4    8
   17    1    1    3    3
   21   15    1    3    4
    2    1    1    4    3
   20   30    2    4    3
    5    5    1    4    9
    3   20    3    1    3
    6   22    1    1    1
   26    4    2    1    4
   22    9    3    3    2
   15    5    4    1    1
    8   16    4    2    1
   24   15    2    2    2
   22   26    1    2    4
   30   16    1    4    3
   28   23    2    4    4
    8   26    2    2    2
    3   15    1    4    2
   11   23    1    4    6
   23   27    1    2    1
    8   20    2    2    2
   30   23    4    1    3
    9   10    1    4    4
    5    4    3    3    3
   12   11    2    4    6
   29   28    3    4    5
   26   21    2    3    4
   18   17    1    4    6
   10   16    1    3    2
   22   22    3    2    3
    7   20    1    3    4
    8    3    1    4    2
   18   16    2    3    3
    9   30    4    1    4
    1   15    2    4    5
   23   21    1    2    1
    1    9    2    1    2
   28   13    1    1    2
   20   23    4    3    3
    9   13    1    4    2
   23    9    1    3    2
    9   21    2    2    3
    5   20    1    1    3
    8    7    1    1    2
   24    8    3    4    1
    2   17    1    2    5
    8   17    1    3    7
   17   22    1    2    3
    1    7    2    3    2
    2   20    1    1    1
   23    3    2    3    2
   15   26    4    1    6
   24   19    2    3    3
    7   17    2    1    4
   17   20    4    3    5
   11    8    1    3    2
   25   17    1    1    7
   10    1    2    3    5
   26   10    3    2    4
    7    5    4    4    3
    8   21    1    2    2
   23   25    1    3    3
    6   30    1    1    2
    2   26    3    3    4
    8    8    4    2    5
    3   13    1    2    3
    7    6    2    4    4
    6   16    1    1    2
    8    2    1    4    2
   13   17    1    4    4
    4   27    1    3    2
   28    5    4    3    3
   30   28    3    2    2
   20   11    3    1    4
   25   25    4    1    3
   14   11    3    4    2
    7   11    2    1    4
    3    6    2    3    3
   12   12    3    1    9
   26   27    4    2    3
   25   18    1    1    7
   14   22    2    2    3
   18   21    4    1    4
   25   26    4    3    7
    6   20    2    2    3
   24    9    1    1    2
   11    9    4    1    2
   11   16    2    4    3
    9    4    3    1    2
   29   16    3    2    1
   19   11    4    3    6
    4   21    1    4    4
    4   14    4    1    6
    7    4    2    4    7
    4    6    3    3    6
   20   19    2    4    3
   24   30    3    4    2
    6   18    2    2    1
   26   19    2    1    6
    2   11    3    3    6
   22   28    4    2    3
   25   24    2    2    5
    5    3    2    1    7
    2    7    2    1    4
   30    2    2    4    3
   30   14    4    4    2
   26   18    1    1    6
    9    3    3    3    5
   19   30    3    3    5
   21   29    2    4    3
   11    1    2    3    3
    9    5    1    1    5
   27   27    1    4    7
    1   21    2    3    3
    2   13    4    2    4
   13   21    2    2    5
    2    6    2    2    6
   14    8    3    3    3
   24   26    3    2    2
   26   17    2    3    5
    9   27    4    3    2
   15   30    3    4    2
   13   24    2    4    3
   22    1    1    2    3
    9   18    4    4    4
   16    3    4    4    3
   17   11    3    4    4
   19    1    3    4    5
   17   27    2    2    2
   12   25    2    3    3
   26   26    3    2    4
   22    7    4    1    3
   24   23    4    3    2
   11   22    1    1    2
    8   15    4    2    3
   28   24    1    2    5
   16    2    1    3    4
   12   28    2    4    6
   12   13    4    4    1
   16   16    3    4    8
    3   24    2    1    3
   12    3    4    1    2
   27   28    1    1    7
   18   30    2    3    3
    1   16    3    4    4
    5   19    1    4    3
    3    7    3    2    3
   21    7    1    1    2
    6    5    3    1    3
   29   12    4    2    2
   13    8    2    2    3
   28   25    2    3    2
   29    3    2    1    3
   21   22    1    3    2
    4   19    3    3    6
    1   20    3    3    5
   28   14    3    1    3
    6   11    2    1    6
    8   29    4    4    2
   27   11    4    4    1
   23   14    1    1    2
   21    6    4    4    8
   13   13    4    2    7
    3    2    3    4    4
   29   25    1    3    3
    7   14    3    4    3
    3   10    3    4    6
    4    1    3    1    4
   29   19    3    1    5
   20    9    2    2    4
   15   28    3    3    2
   22   29    4    3    3
   10   11    4    4    3
   30   17    2    1    2
   14   12    1    2    3
   18    5    1    4    7
   27   20    3    2    2
   17   24    3    4    3
   27    8    3    2    2
   27    2    2    3    1
   27   14    3    3    2
   14   25    3    1    7
    8    4    3    4    3
    2    2    3    1    8
   14   24    3    4    3
    5   27    4    3    2
    3    1    3    4    4
   21   20    3    1    3
   18    1    1    2    3
   30    3    1    1    2
    8   19    4    2    1
   15    2    1    2    2
   16   22    4    2    3
    5   23    4    1    3
   20   22    2    3    4
   16   26    3    4    3
   11   21    4    2    4
   25   21    4    3    2
   17    5    2    1    3
    2   24    2    1    2
   12   10    3    1    2
   26   20    4    4    6
   29   15    2    1    4
   27   13    1    2    3
   14    5    1    3    2
   16   17    3    2    2
   12   19    3    2    7
    8   22    4    1    2
    2    4    1    4    6
   18   13    1    2    7
   23   23    4    1    2
   10   30    3    2    3
    9    9    1    3    9
   30   25    2    2    6
   14   17    2    4    5
   29   24    1    2    4
   10    5    4    4    3
   23    2    4    2    6
    2   18    1    4    2
   13   22    4    1    3
    8   12    3    1    1
   18   11    3    2    3
   14   19    2    2    3
    3    3    2    1    7
   30   21    3    2    3
   30   13    4    1    4
   26    9    4    2    3
   10   10    2    3    4
   23   13    4    2    1
    9   28    3    3    2
   30    4    3    2    3
   15   15    3    2    2
   19   13    4    3    3
   27   30    4    2    4
    5    2    2    1    3
    8    1    4    2    2
   17   19    2    4    3
    4    4    3    1    9
   27    7    2    2    4
    6   29    2    2    3
    1   27    2    2    2
   28   16    1    2    1
   15   12    4    1    2
   18   15    2    3    4
   24    6    2    3    1
    4   28    2    1    2
   11   13    1    2    3
    7   29    1    2    4
   26    5    2    3    3
   22    2    1    1    6
   18   27    2    2    2
   14   29    2    2    3
   12   23    1    3    1
    6   13    2    1    3
    9   14    3    3    3
   24    1    2    3    2
   25   13    4    1    3
   19    9    2    2    2
   29   27    3    1    3
   17   23    3    3    6
    1   14    1    3    7
   17    3    4    1    3
   15   23    2    1    3
   26   28    1    4    4
   21   21    3    2    7
   22   23    1    4    2
   11   30    3    2    3
   23    4    2    3    2
   15    7    4    1    2
   21   24    1    2    1
   21   12    1    3    9
    2   21    4    2    6
    4   15    1    3    3
   19    2    2    4    5
   10    6    4    1    4
   12    6    3    1    8
   19   22    1    3    6
   17   17    2    1    3
   18    8    2    3    2
   14   16    4    4    4
   10    7    1    3    3
   27   19    2    2    2
    5    8    1    1    2
    6    6    2    1    7
    9    2    1    2    3
   18   19    2    4    2
    4   22    3    1    2
   25   22    2    1    2
   12   17    2    2    3
   24   11    2    2    2
    9   15    2    2    2
    1   26    3    3    4
   12    9    1    3    2
   21   19    3    3    3
   11   11    3    1    7
   10   18    4    1    3
    5   29    1    4    4
   14    3    1    2    2
   28    1    1    3    1
   21   16    3    2    2
   17   29    1    4    3
   14   13    2    1    2
   30   12    1    3    3
   26   23    4    1    4
    7   30    4    2    2
   16   20    4    3    5
    8    9    4    2    3
