Rock1Type Rock2Type Rock1Token Rock2Token Rating
   24    3    2    3    2
   23   14    1    4    1
   21   13    2    4    3
   13    9    1    4    3
   10   29    2    2    2
    1   26    1    2    1
    6    4    3    2    4
   15    4    1    3    2
   15    6    3    4    1
   12    5    3    1    3
   27    5    1    4    2
    4   26    3    2    4
    4   18    4    4    4
   26   21    2    2    2
   30    9    2    1    2
   22   14    2    4    4
   29    6    1    2    2
   22   12    3    3    5
   16   15    4    1    5
    8   19    4    3    5
   25    8    3    2    6
    6   27    2    3    3
   28   19    4    3    6
   28    5    1    3    2
   11    4    1    1    8
    5   13    3    4    2
   10   27    1    4    2
    8   28    3    3    2
   12   11    3    4    5
   20    1    2    2    7
   20    7    4    2    2
   17   14    3    4    5
   25   10    2    3    5
    5    4    2    2    4
    1    8    4    1    6
   25   21    4    2    4
   24    8    1    2    4
    3   13    1    2    4
   30    1    1    1    4
    2   13    2    4    6
   29   29    1    4    6
    4   30    4    2    4
    1   15    3    2    4
    8   17    1    3    4
   29    1    2    1    2
   30   26    3    4    4
    1    5    4    1    5
   15   20    3    4    2
   21   22    4    3    4
   24    5    4    3    4
    1   13    4    1    2
   30    6    2    4    2
   18   27    2    3    7
   30   27    4    1    4
   24   16    3    3    2
   20   20    3    2    9
    1   22    3    4    3
    5   19    4    3    5
    3    7    1    1    7
   22    6    1    1    3
   28   20    1    1    3
   15   18    4    3    5
   10   22    4    3    3
   25    3    4    4    3
   13    6    3    1    3
    9   11    4    2    4
   25   24    2    2    2
    9   22    4    1    5
   16    9    1    1    3
   12   27    2    3    3
    1    1    2    3    7
   19   17    2    1    8
   15   19    1    2    7
   22   11    4    1    2
    7   28    1    1    1
    6    5    3    2    4
   28   29    3    4    2
   13   28    2    3    2
   18    6    4    2    2
   29   27    4    1    2
   14   28    4    2    2
   24    6    4    3    3
   25    5    2    3    5
    8   11    4    1    6
    9   10    2    2    5
   16   10    2    4    7
    8   15    2    2    7
   14    3    4    2    6
   13    8    1    1    7
   26    7    3    3    3
    4   14    4    2    5
    5   20    1    4    3
    3   18    4    4    5
   16    7    3    1    3
   17   25    3    3    3
    4   20    1    3    4
   27   17    2    1    6
   25   19    2    4    6
    2    4    4    1    6
    8   20    3    2    2
   20   29    2    4    2
   22   26    4    4    4
    8   23    4    4    4
   15   17    1    2    2
    5    8    1    4    2
   20   10    2    3    2
   22   19    3    2    2
   24   28    1    2    2
   11   15    1    1    2
   25   12    3    4    2
   15   27    3    2    4
   14   16    2    2    3
   28   30    4    4    3
   28   22    3    3    4
   12   13    1    1    5
   23   23    1    3    5
    4    7    2    1    2
    7   14    1    2    3
    9    9    4    2    7
   30    8    1    1    6
   27   13    2    2    3
    2    8    2    1    5
   15   24    1    3    5
    9   24    2    3    5
   29   26    1    4    5
   15    3    1    4    3
   25   27    1    4    4
   27   28    4    2    5
    4    1    3    1    3
    5    5    2    1    7
   11    3    1    2    4
    2   19    1    1    8
   14    1    2    3    6
   19    7    3    3    6
   15   26    2    3    7
   10   15    3    2    4
    7    7    4    1    7
    2   21    3    1    5
   22   25    2    1    6
   19    6    2    1    6
   19   26    4    2    4
   13   24    3    3    4
   11    5    1    1    5
    4   25    3    4    6
   14   30    4    2    5
   25   26    3    2    6
   21   12    4    1    5
   14   20    3    4    6
    4   12    1    1    5
   16   29    3    3    2
   27    4    1    3    2
   13   30    3    2    3
    8    8    4    1    5
    7    5    3    3    4
   25   29    1    1    6
   25    9    4    4    3
   23   20    1    3    2
   28   28    2    3    8
   16   23    4    4    8
   26   10    2    4    7
   24   23    1    2    4
   24    7    3    3    4
    9   17    2    1    5
    8   10    2    1    7
    2   16    3    3    5
    6   12    1    2    5
   21   21    4    2    7
   15   23    3    2    3
    9   20    1    4    2
   27   16    1    1    2
    7    6    2    4    3
   29    8    4    3    4
   10   14    1    2    4
   18   16    3    1    5
   17   24    3    1    4
   24   11    3    4    6
   24   29    4    2    4
   29    4    2    2    5
   29   21    1    1    3
    5    3    4    1    6
    3    3    1    3    8
   11    2    4    1    8
   20   17    3    1    6
   12   16    4    3    6
   30   15    2    2    6
   28   16    2    4    2
    3   22    1    4    4
    2   26    3    4    7
    6   10    1    3    4
   17   16    3    1    6
   17   11    2    3    7
   28    3    2    1    2
   13    4    4    3    6
    2    5    4    3    5
   22   20    1    2    3
   20   12    3    1    3
   26   18    1    3    3
   23    7    2    3    3
   19   27    4    4    2
   21   28    4    4    4
   23   18    3    3    5
   13   15    3    4    5
   17    6    1    1    5
    7   21    1    2    2
   23    2    1    1    2
   27    3    2    1    2
    8    4    1    1    5
   26   13    4    2    5
   17   21    2    3    4
   19   13    1    3    6
   29    7    4    1    6
   12   10    3    3    5
   30   24    4    4    2
   18   18    4    2    6
   25   30    2    3    5
   28   25    3    3    1
    3    4    3    1    8
   25   20    3    2    6
   18   14    4    4    6
   23   28    1    3    2
   16    6    2    3    2
   22   22    4    1    3
   15   21    3    1    2
   23   10    4    1    3
   25   14    1    4    4
   30   17    4    2    6
    4   17    3    1    3
   30    5    2    1    2
    4   19    1    2    2
   19    1    2    4    4
    5   16    4    3    5
   17   12    2    3    2
    5   29    1    2    2
   29   22    1    3    2
   19    3    2    3    3
   22   27    2    4    2
   10   17    4    4    6
    2   14    3    4    6
   14   21    2    1    5
   18   19    3    2    5
    8   26    2    1    3
   29   18    2    3    2
   17   23    4    1    2
    6   25    3    4    2
   12    2    3    3    5
   14   14    2    1    5
   30   29    1    2    5
    3   29    2    4    2
    5   26    3    1    2
    8   21    3    3    2
    7   22    1    1    1
    1   21    3    1    4
   23   25    4    1    2
    3    9    2    1    2
   16    3    2    4    5
   30   30    4    3    7
   14    9    1    3    5
   15   22    3    1    3
    6   14    2    2    3
   14   29    2    4    4
   26   28    2    3    2
   24   21    1    1    2
   11   13    3    2    4
    9   18    2    3    2
   11   10    1    3    5
    6    9    1    1    4
   19   29    4    4    3
    1   25    2    3    4
   26   23    3    4    2
    8    9    2    3    6
   26   16    2    4    3
    8    3    4    2    4
   26   12    3    2    3
   13    7    1    1    5
   23   21    1    2    2
   14   19    1    4    5
   30   19    1    2    3
    3   12    3    1    2
    4   28    2    3    2
   30   10    3    1    2
    5    9    3    1    4
    2   25    3    1    5
   16    1    1    1    6
   21    3    1    1    3
   22   13    2    4    7
    4    4    3    1    8
   13   17    3    2    7
   26   17    1    4    5
   10   13    3    3    5
    8    6    2    3    3
   24    1    3    1    3
    6    3    4    4    3
   16   25    1    1    5
   20   19    3    1    3
   21   20    3    1    5
    2   29    1    1    5
   27    9    1    1    3
    6   23    2    3    2
    7   10    2    3    6
   14   27    3    2    2
   21   19    4    4    3
    5   17    1    2    2
   25   18    1    1    8
    3    1    3    3    7
   15    2    1    2    5
   26    6    2    3    4
   24   20    1    2    4
   26   14    3    1    4
   30   12    2    2    5
   28    6    1    1    2
    1    9    3    3    4
   18   21    2    3    6
   21    9    4    1    3
    1   11    1    4    4
    7   18    4    2    4
   30   23    1    4    3
   10   18    4    2    5
   30   11    3    3    6
   30   16    1    3    6
   14    5    4    3    5
   23   27    2    2    6
    7   17    4    4    3
   22    8    2    2    4
   15   15    2    4    6
   11   20    4    4    2
   11   16    1    2    3
    9   29    4    1    3
    2   24    2    3    5
   21    5    3    2    2
   16   21    3    4    3
   13   13    1    4    6
   24   22    2    2    2
   12    1    4    2    4
    2   28    3    1    2
   12   14    2    1    5
   10   10    4    3    6
   10   24    2    3    5
   30   18    4    2    6
   22    4    4    4    6
   23    1    4    2    3
    2    2    4    1    7
   23   11    2    2    2
   24   19    3    4    3
   10    3    4    4    4
   15    5    1    2    2
   17   29    2    1    4
    7   11    3    3    3
   17   28    3    3    2
    2   17    1    1    4
   30   22    2    2    2
   12   28    3    4    5
   14   11    3    1    5
    4    9    3    2    5
   29   11    2    4    4
   24    4    3    4    4
    2   27    3    4    2
    9   12    3    4    2
    3    2    4    4    3
    8   16    2    2    6
   22    2    2    4    7
    9   19    1    3    6
   25   25    3    2    7
    3   30    3    3    2
    9    2    1    3    6
   24   12    2    3    4
   15   28    1    1    2
   19   11    3    1    6
    6    2    1    2    4
    7   27    1    3    2
   16    4    2    2    4
   28    9    2    2    2
   15   12    3    1    2
   11   25    1    3    2
    8   12    1    4    2
   24   27    1    3    2
   19   10    1    4    4
    8    7    3    3    3
    3   26    4    2    4
    5   18    3    4    4
   13   23    1    1    4
   11   18    2    2    3
    8   18    1    2    2
   27    1    2    4    4
    6    1    2    2    2
   22   16    3    3    2
   13   29    2    1    5
   17    3    2    1    4
   22   17    3    3    3
   11   11    3    2    5
    1    7    3    1    4
    2   30    2    1    6
   15    9    1    1    5
    2   10    4    4    7
    2   18    2    3    6
   18   24    4    3    5
    7   25    3    3    4
   26   20    3    4    4
   30   20    1    3    4
   23   12    1    2    2
    2    7    2    1    5
    4   23    1    3    4
   21   11    2    2    2
   19   12    3    2    6
   12   18    1    4    2
   24   26    2    4    2
   18   28    4    4    5
    4   21    1    2    2
   27   27    4    3    8
   20   13    4    4    2
   27    8    4    4    2
   21   27    4    1    2
   23    9    4    2    3
   14   24    4    4    2
   25   13    2    1    4
   16   20    4    4    4
   22    5    4    1    4
   18   13    1    4    5
   20   27    4    4    2
   12   12    2    1    8
   21   10    3    1    4
   23   22    2    2    4
    1   18    4    1    7
   15   14    3    3    4
   10    5    4    4    5
   16   16    4    3    7
   19   16    2    4    4
   20   18    3    1    7
   12    7    2    1    4
    7   15    4    2    7
   29   23    1    2    7
    1   10    3    2    7
   17    1    1    4    6
   26   26    4    2    8
   10    4    3    4    4
   19   19    2    1    4
   18   17    4    4    5
   28   10    4    1    4
   30   21    3    4    4
   16   13    1    1    7
    6    6    3    1    9
   17   17    4    3    9
   20    6    4    2    7
   15   29    3    4    4
   26   11    2    3    9
   26   27    2    3    4
   30    7    1    2    7
   28    1    1    2    2
   18   22    3    4    4
    2    1    1    4    3
   28   11    1    4    2
   14   13    2    3    5
   25   15    1    4    7
   24   24    1    2    4
   23   19    4    4    5
   11   27    2    2    2
    9    7    2    2    3
   20    3    4    2    3
   12   29    4    4    2
    6   21    1    1    9
   26    9    3    3    9
   23    3    3    4    7
   23    5    3    4    3
    2   20    2    2    3
    8   14    2    3    3
    6   11    4    3    2
