Rock1Type Rock2Type Rock1Token Rock2Token Rating
   29   27    3    3    2
   28    9    2    2    1
    3   11    1    2    7
   18   24    3    3    2
    6    6    4    1    9
   22    6    2    2    4
    1   21    2    1    3
    8    4    1    4    2
   14    8    3    3    4
   30    2    1    3    8
   16   30    3    4    4
   13   12    4    2    4
   22   22    4    2    6
    5   26    2    2    3
   29    3    4    2    3
   24   14    4    4    3
    8   13    4    4    5
    5   16    4    3    4
   20   29    4    4    4
    8    6    3    4    2
    2    6    2    4    3
   13   24    1    4    5
   28    4    1    1    3
    7   29    4    3    3
   29    2    2    4    6
   14   27    4    1    4
   22   24    3    4    6
   11   12    4    1    4
   17   13    4    3    7
    4    3    1    3    7
   23    8    3    3    4
   10    7    3    2    3
    6   27    3    3    2
   11    4    1    1    7
   20    6    2    2    6
   28    8    4    1    3
   14   14    1    3    3
   22   28    4    1    1
   29   28    2    3    1
   12   24    1    2    1
   23   10    4    4    3
   16   20    3    3    5
   29   18    1    1    6
   18   15    2    4    5
    2   24    2    4    3
   21    5    3    3    3
    4    4    4    2    7
   11   25    1    2    4
    6    3    3    3    2
   17   26    2    4    3
   17   15    2    4    3
   12   21    3    3    8
    8   19    1    4    4
   25   16    4    3    4
    9    7    3    4    2
   20    7    2    4    2
   10   13    1    3    4
   29   11    1    3    5
   20    9    3    2    2
   16    8    1    1    5
    6    5    3    1    4
   18   10    2    3    3
   15    9    4    2    3
   26    1    4    3    3
    1    2    1    3    3
   26   29    1    2    6
    6    4    4    2    5
   20   14    4    3    7
   14    1    2    2    6
   10    9    2    4    2
   22   13    2    2    3
    8   22    2    4    3
   17    2    3    4    4
   18   12    3    4    1
   18   19    1    2    2
   23   19    3    4    2
   29    6    3    2    2
   25   23    1    4    2
    2    4    4    1    4
   13   26    3    3    6
    2   23    4    3    4
   25   19    3    3    3
   23   30    2    1    2
   23   16    4    3    2
   10   20    3    2    1
    7   26    1    3    5
   16   16    1    4    5
   19   12    4    1    6
   28   23    3    4    5
   27   19    4    3    3
   28   26    3    4    1
    2   25    4    4    6
   15   27    1    3    5
   25    9    4    3    4
    3    9    1    1    6
   18   16    1    4    6
   15    5    1    1    2
   14   12    2    2    6
    5    8    4    2    6
   10   24    1    4    5
    4   21    3    2    4
   19   22    3    2    5
    9    2    2    2    9
   22   30    3    4    4
   16   19    2    1    8
   28    5    4    2    6
   11   17    4    4    6
   30   14    4    2    9
   15   28    1    2    5
    4   12    2    4    1
   26    6    1    2    5
    6   13    2    2    3
   14   10    2    3    2
   14   19    2    1    5
   23    7    1    3    4
   12    9    4    3    1
   16   17    3    4    7
    5   29    1    1    4
   16   26    2    3    3
    7    3    3    1    7
   20    3    4    3    3
    4   19    3    4    6
   26    9    4    4    5
   26   30    2    4    6
   11   26    2    4    5
    3   17    3    4    6
    1   20    4    1    3
   22    5    3    3    5
   19   28    4    1    1
   28    1    3    1    2
   13   30    2    2    3
   14   15    3    2    5
    7   18    1    3    5
   10   17    1    3    6
   17    7    3    1    5
    8    8    3    4    8
    8   21    3    3    5
    1    9    4    2    5
   24    7    3    3    7
   19   30    2    2    3
    5   12    2    1    1
   25   30    1    4    6
    8    3    1    4    6
   19    3    1    4    4
   19   17    1    1    3
    4   17    3    4    4
    6   30    2    4    3
   22    3    4    1    6
   25   10    2    3    4
    4   22    3    2    6
    1   22    2    3    3
   22   10    3    4    2
   28   11    4    4    2
    3   30    3    1    7
    3   13    4    2    2
   26   21    2    4    2
   20   24    3    4    1
   23   29    2    3    4
   10   30    2    1    6
   12   15    3    2    5
   16   29    4    2    4
    5   17    2    1    5
   17   24    1    1    3
   18   22    4    3    3
   22   15    4    1    1
   17   12    4    1    3
   21   10    2    3    2
   25    3    3    1    5
   11   11    3    4    7
    7   22    4    3    3
   23    9    2    4    1
   23   26    1    1    4
   12   20    3    1    3
   10   10    3    1    6
   26   12    3    2    3
   24    4    3    3    4
   11   23    2    4    3
   19    9    1    4    4
   11   14    2    4    5
   28   12    2    4    7
   14    5    3    3    5
   27   17    3    1    7
   29   22    4    3    6
    2   20    2    2    3
   11    6    1    1    3
   25   14    4    1    6
   11    2    4    4    4
   21    2    1    2    2
   18    5    3    4    7
   29    4    1    4    6
   22   14    2    1    7
   20   28    4    2    1
   23   18    1    4    1
   23    3    1    3    2
    1   30    4    2    2
   28   28    3    4    6
   19   21    1    2    4
   21    6    1    4    8
    5   10    3    1    2
   20   19    4    1    2
   27    1    4    2    3
    3    5    1    3    7
   12   27    4    2    6
   24   26    2    2    3
   29   13    1    1    7
   30   30    4    2    8
   28   30    1    3    3
    8   15    3    1    4
   15   15    3    4    6
   13   19    3    3    8
   26   26    1    4    7
   10   15    3    2    5
   14    3    4    3    5
    1   17    3    2    4
   30    7    3    4    4
   22   20    2    4    2
   23    4    2    2    2
   25   29    4    1    2
   13    4    3    1    5
    1   13    3    3    2
   24   19    2    3    2
    4   20    4    2    3
   27   22    1    3    1
   11    1    3    4    1
   10    2    2    3    4
    7    7    3    2    5
   28   21    2    1    6
    6   24    1    3    1
   24   24    3    2    7
   25   15    3    3    5
   18   17    2    2    4
   25   22    2    3    5
   18   14    1    1    4
   16    4    1    3    3
    6   18    1    3    2
    8   26    1    2    2
    9    6    4    2    1
   27   20    1    2    4
   14   21    1    3    5
    3   12    2    3    4
    2   18    1    1    7
   21   29    4    3    4
   13   18    1    1    7
    8   17    1    2    4
   25   26    2    4    6
    2   19    1    3    6
    2   26    4    1    5
    9    9    1    4    8
   10    1    3    2    2
   12    8    4    2    2
   27    8    1    2    1
    9    4    4    3    3
   15   23    3    4    3
    4   18    3    4    6
    1   15    2    1    5
   24    5    4    3    6
   15    4    1    1    4
    1   18    3    1    6
   16    3    3    4    5
   19   10    3    1    5
   17   25    1    2    4
    4   26    1    1    3
   28   16    1    1    2
   19    5    2    1    1
   15    7    3    3    6
    1    6    2    2    2
   13   21    4    1    2
    2    2    4    2    7
   29   29    4    1    7
   24   29    4    1    4
   23   23    4    1    6
   10   12    2    1    2
    1    8    1    1    3
   11    9    3    1    2
    8    9    1    2    2
    2   16    2    4    2
    7    1    2    4    2
   27   13    3    2    4
   19   19    4    2    7
    1   12    3    2    6
   29   19    1    3    6
   13   16    1    1    7
   30   12    3    2    5
   29   14    2    3    8
   30   15    3    1    7
   20   20    4    3    9
   13    7    4    4    6
    5    5    1    2    7
    9   14    1    2    4
    2    3    4    3    4
   22   11    1    1    3
   23   14    4    2    3
    6   19    1    3    5
    6    7    3    1    4
   29    1    1    2    3
   25   28    4    4    2
   30    4    4    3    2
   28   24    3    1    3
   28    7    2    1    3
    9   21    2    3    1
   27    3    2    4    1
   25   20    4    3    3
    2   15    4    1    3
    9   17    2    2    3
    8   25    2    4    6
   25   21    1    3    5
   25   25    4    2    9
    1    4    1    1    6
   20    8    3    3    3
   29    8    1    4    4
   27   30    3    1    3
   28   17    1    1    3
   28   10    4    3    6
   26   15    2    1    4
   10    8    1    3    6
    7   14    2    2    3
    4   25    3    2    3
   24   23    4    1    1
    8    7    3    1    5
   17   17    4    2    6
   27    4    3    2    2
   27    9    2    3    2
   22   21    2    1    3
   14   28    1    3    3
   26    3    4    3    4
    2   22    3    4    4
   23   13    4    3    3
   11    5    4    3    4
   20   13    1    2    4
    8   11    2    1    5
   16    9    1    2    4
   24   16    1    1    6
   23   21    3    1    7
    5    2    4    3    6
    4    5    2    4    6
   24   30    2    3    4
    5   27    1    2    4
   25   27    4    4    3
    4    7    2    3    3
   26   19    2    1    4
    2   12    4    1    3
   18   26    3    4    3
   27    2    1    1    2
   18   21    4    1    4
    7   21    3    2    4
   21   17    4    1    4
   26   22    3    1    3
    1   19    1    1    5
   10   27    4    2    3
    7   19    4    1    3
    3   10    1    2    3
    3   15    4    3    3
    8    2    4    1    4
   15   13    4    3    5
   16   22    1    3    4
    6   12    2    4    6
   30    8    4    1    4
   23   22    4    1    5
   21   20    1    3    4
   16   12    3    3    4
   16   27    4    2    4
   14   26    4    3    6
   30    5    2    4    3
   17   14    3    1    5
   19   15    2    2    7
   16   15    4    1    6
   14   13    3    3    4
   25   24    1    2    2
   18    9    1    1    2
   15   20    2    4    2
   25   18    4    2    4
   14    4    3    2    3
   23   17    2    1    3
   28    3    3    4    2
   12    7    3    4    4
   13    5    1    1    4
   10   29    3    1    3
   11    7    1    2    3
   30   21    3    4    6
    7    5    3    3    6
   30   20    2    3    7
    1   25    4    2    5
    7   27    3    4    2
    9   24    2    2    6
   27   27    1    2    8
    9   22    2    3    5
   24   15    2    1    2
   21   16    1    3    2
    5    1    1    1    4
   29    9    2    4    5
   28   27    2    2    7
   30   11    1    2    6
    2   14    3    4    6
   12   29    3    2    2
   24    1    4    1    2
   26   27    3    2    3
   16    6    4    3    1
   28   13    4    2    4
   21   27    4    3    1
   11   19    4    4    2
   17   30    3    4    4
   25    6    4    4    1
   20   23    2    1    2
   23    5    2    2    1
   17   22    2    4    2
   26   20    2    3    3
   20   11    2    2    2
   17   20    2    1    5
   12   22    4    4    4
   11   27    4    4    3
   24   11    3    2    4
    6   28    1    2    3
   11   10    2    2    5
   21    3    2    3    2
    3   24    3    2    2
    3    3    2    1    6
   24    8    1    1    1
   25   13    1    4    3
   25    7    1    4    2
   21   24    3    2    1
    6   10    3    1    1
   10   26    3    4    3
   12   12    3    2    8
    7    2    3    4    5
   10   16    2    1    6
   10    4    1    3    6
   18   20    2    4    6
   18   11    4    2    6
   29   15    3    3    5
   13    2    3    4    5
    9    5    1    4    6
   17    6    2    4    2
    9   13    2    1    3
   12   23    1    3    4
   23   27    2    3    4
   12   25    4    2    2
   18   18    2    1    6
   11   13    3    3    6
    8   18    2    1    5
   16   14    3    3    4
   27   18    2    3    3
   27   24    1    2    1
   14    6    1    4    3
    5   25    4    4    4
   30    9    4    3    3
   29   17    2    3    3
    3    1    3    3    7
   28   18    1    4    3
   18   30    1    2    6
   21   21    4    3    7
   16    7    4    3    6
   16    1    4    4    6
   18    3    2    4    4
   13   13    3    4    7
   15   21    3    1    3
   15    6    4    1    4
   21   11    3    2    4
   23    1    1    2    1
   29   30    1    4    2
    6   23    2    3    6
   11   15    3    4    3
   11   16    1    4    4
    1    1    4    3    8
    5   20    4    4    6
    2   28    1    1    2
