Rock1Type Rock2Type Rock1Token Rock2Token Rating
    1   26    3    3    2
    4   19    2    4    5
   15    3    2    3    3
    5    6    2    4    1
   26    4    3    3    6
    8    3    2    3    8
   23   16    4    4    6
   15   16    1    1    4
   16   25    2    3    4
   16   20    1    4    3
   18   15    4    3    1
   29   23    2    4    1
    7    3    3    3    1
   29   22    4    2    4
   14   30    4    4    2
   12   13    4    3    2
    4   27    3    4    2
   29    3    4    1    2
    6   17    3    1    2
   21   26    3    2    3
   29    8    4    2    2
   18    7    2    4    2
   13   30    2    3    4
    9   13    3    2    2
   16   13    1    4    6
   20   14    1    2    8
   10   10    1    4    8
   21   21    4    1    9
   10   14    4    4    6
   30    5    4    3    3
   26   18    2    1    2
   19   25    2    3    1
   15   22    2    2    1
    7    7    4    3    3
   17    5    1    2    1
   13   23    4    1    1
   13    5    4    3    1
   19   26    4    4    1
    4   16    4    3    1
   19   14    1    3    1
   30   22    2    3    1
    2   20    3    3    1
   27   24    2    4    5
    9    9    4    1    5
   19   29    3    4    4
    8    8    2    1    4
   26   29    4    2    3
    3   16    3    4    2
   28   18    3    4    1
    6   28    1    4    1
    6    2    4    4    1
   22   18    2    1    4
   11   10    2    1    6
   28   26    3    1    2
   20    7    2    1    2
   18   17    2    4    5
   11   30    3    3    5
   25   24    2    2    1
   15    8    3    4    3
    1   21    4    1    1
   22   22    2    1    8
   10   16    1    1    9
   21   19    2    3    1
   27   21    3    2    9
   15   21    1    1    2
    4    1    2    4    5
   22   28    3    1    1
   11    5    2    4    8
   17   10    1    2    3
    4   30    2    3    2
   14   21    4    1    2
   17   17    4    3    8
   27   16    2    3    1
   21   12    2    1    7
   17   26    4    2    6
   11   14    2    1    5
   13   28    2    4    1
   21   30    2    1    1
   15   15    3    1    8
    9   17    2    1    1
    3   14    2    2    1
    2   18    3    3    1
    1   15    3    3    7
   22   13    4    4    7
   24   30    4    3    1
   13   21    1    1    1
   30   30    3    1    9
   26   16    3    4    1
    7    4    2    1    1
    3    3    4    2    9
    9   20    2    2    2
    7    6    3    2    2
    1   14    4    4    5
   16    1    1    1    7
   20   29    2    2    6
   25   14    4    1    1
   10    7    2    3    1
   21   20    4    3    1
   18   10    1    4    8
   16   11    2    1    2
    3   23    2    4    1
    1   20    4    2    1
    4   11    3    2    7
   11    8    2    2    8
   21   11    2    4    1
    6   22    1    2    1
   25    8    3    4    1
    1   29    2    3    1
    7   23    1    3    1
   15    4    2    2    1
    5    5    1    3    8
   16   22    3    3    3
   23   11    3    1    1
   21    9    1    1    1
   28   29    3    2    1
   26    8    2    3    1
   30   23    2    2    1
   16   19    4    4    1
   14    8    1    3    1
    9   28    1    3    1
   12    9    3    1    1
   20   20    3    2    9
   24   29    2    4    1
   14    9    1    2    1
    2   29    3    4    1
    3    9    3    1    1
   17   30    3    3    7
   25    9    2    4    1
   14    7    1    3    1
   19   20    1    4    1
    5   29    3    3    1
   26   25    1    2    4
   10    6    1    2    1
    8   27    2    4    1
   16   24    3    4    1
   14   14    4    2    4
   16   18    3    3    2
   10   19    2    1    1
   20   11    3    1    1
    2   23    3    4    1
   12   28    4    3    2
   18   14    4    3    1
   17   20    2    4    1
    8    7    2    1    1
   25    1    4    1    1
   25    3    3    1    1
    4   25    4    4    7
   23   23    3    2    1
    5   25    3    4    7
   13    8    4    1    1
   15   17    2    2    1
   18   24    4    3    2
   11   22    1    2    2
   18   29    1    4    4
   14   23    1    3    4
   22   14    2    3    1
   26   20    4    3    7
   24   12    4    2    1
   20   25    3    3    1
   16   28    3    1    1
   21   29    1    3    1
   13   25    3    2    1
    7   27    1    1    1
    9    1    1    4    1
   27   11    3    2    1
   20   23    2    1    1
   14   17    2    4    2
    6   19    1    1    1
    4    2    1    4    1
   15   27    3    2    1
   11   17    1    2    1
    4    3    2    1    1
    8   12    2    2    1
   11    1    3    2    2
    1   23    3    1    1
   24    6    2    4    1
   26   26    1    4    7
   13   20    1    3    1
   30   20    1    4    1
   12   30    2    3    1
   22    8    1    3    1
    6   30    3    4    1
   11   29    1    1    6
   20    3    4    2    1
   25   15    1    2    2
   25   27    4    3    1
    4   21    1    1    1
   10    1    2    4    8
   17   27    2    1    1
   28   30    3    3    1
   25    2    4    3    1
   17   29    4    2    1
   18   21    1    4    1
    5    9    4    4    3
   28    1    4    1    1
   22   20    4    3    1
   28    2    2    4    1
   30   19    3    1    3
   10   12    3    2    4
   27    3    2    1    1
   10   21    1    1    1
   24   17    4    1    1
   24    7    3    4    5
   20    5    1    4    1
   21   23    1    3    7
   26   30    4    2    8
   24   24    1    4    5
    2    8    3    1    1
   20    8    3    3    1
   23    4    4    1    5
   14   27    2    1    1
   17   16    3    1    5
    8   16    4    1    2
    2    3    4    3    4
   10    3    4    3    4
    1    1    2    4    9
    4    9    1    2    5
   23    8    2    2    1
    9   22    2    1    1
   29   12    2    4    1
    2   15    2    2    2
   16   14    2    4    3
   24    3    2    4    1
    2   26    1    4    6
   23   15    1    1    4
    6   29    1    1    1
   14   29    2    4    1
    4    4    2    1    6
   25   11    4    2    1
   11   11    1    4    8
    8   10    3    2    5
   17   23    3    1    3
   18   11    1    4    3
   18    4    4    2    4
    9    8    3    4    2
   12   22    3    4    1
   29   25    4    2    2
    5   24    3    1    5
    3   17    2    1    3
   16   30    2    3    1
   13   10    1    4    3
   29   29    1    2    3
   16    2    2    4    1
    2   17    2    4    1
   12   26    4    3    1
    8   24    2    4    1
   19   15    4    2    3
    5    3    3    3    5
    2   14    3    2    4
   25   17    2    1    4
   25   23    3    4    1
   15   28    1    1    1
    2   19    3    1    3
   28    8    1    2    1
   22   25    3    3    4
   10    5    3    1    7
   10    2    3    4    3
    2   12    2    2    1
   26    6    2    4    1
    3   19    1    1    3
   28    3    2    3    1
   16    9    3    3    2
   13   11    1    3    4
    6   11    3    2    3
   16   16    3    4    6
   24    1    2    3    1
   10    4    4    1    3
   15   11    1    4    1
   11    7    4    3    3
    8   18    3    4    1
   20    6    1    2    1
    9   24    3    2    1
    4    5    4    4    2
   23    9    4    2    2
   14   26    3    1    2
   10   29    1    4    2
    6   12    1    2    2
   30    2    1    2    3
    5   12    1    2    1
   21   17    2    2    5
   21    3    1    3    2
    4   12    4    4    1
   20   28    1    3    1
   20   15    1    1    1
   28    4    2    1    1
    9   29    1    4    5
    5   22    4    4    2
   17    7    4    2    1
   19   22    2    2    1
    9    7    3    4    1
   27   22    3    2    1
    2    7    1    1    1
    9   19    3    4    1
   12   16    3    2    1
    6    4    4    1    1
   22    2    1    4    1
   26    5    4    1    1
   20   24    1    4    1
    3   26    3    4    2
   12   17    3    4    2
   21   25    3    3    1
   28   23    1    3    1
   13   13    4    3    4
    5   19    2    2    4
    7   19    4    1    1
   30   18    1    4    2
   23   18    4    4    1
    5   14    1    3    1
   23    5    1    1    1
   13   29    2    1    6
    7   28    1    2    1
   18   20    1    4    4
    7    5    2    4    1
   13    1    1    4    1
    5   18    3    2    1
   26   23    1    4    1
    7   25    4    2    1
    5    8    4    2    5
   30   15    4    4    5
    3   18    1    4    1
   14   15    4    4    5
   11   12    2    2    4
   17   22    4    4    1
   29   27    1    3    1
   23   27    3    2    2
   11   28    3    2    1
    2    2    1    4    5
   24   28    4    4    1
   22   23    4    4    1
   10   15    1    1    1
    9   27    4    3    1
   15    9    1    1    1
    4   20    1    4    1
    5    1    1    2    7
   30   29    4    3    3
   13   26    2    1    1
    2    5    4    3    1
    9   10    1    3    1
   17   13    4    4    1
    2    9    4    1    3
   17    4    1    2    1
   28   28    4    2    7
   28   19    1    1    1
    4   13    4    2    4
   12    7    3    2    7
    3   11    4    4    7
   30    1    4    2    5
   19   24    3    1    4
   29   16    3    1    1
    5   21    3    2    1
   11   26    2    4    1
   19   19    1    4    4
   27   18    2    3    1
   24   13    3    3    1
   25   12    3    3    1
    5   16    3    3    1
    7   16    4    2    1
    3   30    1    2    1
   24   26    4    2    1
   10   30    2    1    4
   25   25    1    2    6
   17    1    4    2    5
   20   10    3    3    1
   17   28    4    2    1
    7   13    1    3    1
   19    1    2    4    1
   15   26    1    3    1
    2   13    3    1    1
   27    1    3    1    1
   18   13    4    1    1
   22   24    3    3    8
   23   12    1    3    1
    6   16    4    1    1
   15   13    4    2    5
    6    3    2    2    1
    7   21    4    3    1
    7   22    1    1    7
   15    5    3    4    5
    6    8    1    3    1
   12   20    2    2    1
    9    6    1    1    1
   19   12    2    3    5
   14   24    3    3    1
   26   27    4    3    1
   29    7    1    1    1
   14   12    3    4    1
   24   21    2    2    1
    9   18    2    2    1
    5   28    4    2    5
    4    8    2    4    5
    5   27    4    1    1
   19   23    3    4    1
   22    4    2    1    1
    3    1    3    2    1
   10   28    3    1    1
    4   29    4    3    5
    3   13    1    2    5
   15    7    2    4    5
   21    6    3    2    5
   27   19    4    4    5
    6   23    2    1    6
   12    1    1    3    5
   10   24    3    2    5
   13   14    3    2    1
   12   12    4    3    8
   24    2    2    2    3
    4   14    2    3    1
   18   25    2    2    1
   29   15    1    1    1
   26   22    2    4    1
    7   26    1    4    1
    7   30    4    1    1
    9   30    4    4    1
    2   11    2    2    4
   27   27    4    2    8
    3   22    4    3    5
   10   23    2    3    3
   13   27    4    2    1
   11    9    1    3    3
   25   10    1    4    8
   10   26    4    3    5
   23   24    4    3    6
    9   26    1    4    5
   21   22    1    1    1
   27   10    4    1    1
   25    6    3    3    1
    1    8    4    2    5
    6   27    4    2    1
   24   15    4    2    3
    6    6    2    1    8
    8   21    3    4    1
    4   24    4    4    1
    1    7    2    4    7
   28   27    2    3    5
   22    1    2    1    7
   21   28    2    2    1
   12    3    2    4    1
   30    8    4    2    1
   27   12    4    4    5
    8   19    3    3    5
   17   19    1    2    5
   15   12    3    1    5
    1    2    3    3    5
   25   30    3    1    3
   18   12    3    1    3
   27   30    4    1    2
   25   28    4    2    2
   10   22    3    4    1
    6   13    2    3    1
    8   17    3    3    1
   18    6    2    1    1
   18    1    3    2    1
   19   13    3    4    6
   18   19    4    3    6
    6    1    3    4    1
   18   18    4    3    5
   11   19    3    1    8
    2   27    1    1    1
    6   15    3    1    1
   21   16    1    3    2
   14   28    3    1    2
   27   20    3    1    2
   14    6    1    3    1
   21    2    3    1    4
   24   11    2    4    4
