Rock1Type Rock2Type Rock1Token Rock2Token Rating
   15    6    4    2    1
   11    5    1    1    5
   26   18    3    3    2
   19   10    1    3    2
   29   14    4    1    1
   17   18    3    2    5
   25    7    2    3    1
   16   29    4    1    7
   10   21    1    2    1
    6    9    2    4    1
    4    4    1    2    8
   10   15    2    3    2
    7    6    2    1    1
   14   24    1    1    2
   12   29    3    1    1
   20   25    4    2    5
   25   24    2    4    1
   14   19    1    1    6
   12    4    2    3    6
   20    4    3    4    1
    3   10    3    3    6
    1   21    2    2    1
   22   16    2    3    6
    7   22    1    4    1
   19    2    3    2    6
   22   12    2    3    5
   24   16    3    3    1
    8    7    1    4    1
   16    4    1    1    6
   12   14    1    3    7
   21    4    2    4    6
   14   14    1    2    2
    5    7    1    3    2
   15   16    1    4    8
    7   20    2    3    1
    1   18    1    1    3
    7   24    4    2    1
   18   20    3    2    6
    4   19    1    1    9
    5   30    1    2    1
   20   22    4    4    1
    7    3    1    3    7
   19    5    1    3    2
   23    7    2    3    6
    5    2    2    1    2
    8    1    2    3    2
   17   22    4    2    2
    5   14    4    3    2
   30   28    3    1    1
   25   26    2    3    8
    6    8    1    4    8
    6    5    4    1    2
    5   27    3    4    8
   20    8    3    3    2
   26   15    2    1    1
    3    2    4    2    1
    8   16    4    2    1
   30   11    2    1    1
    6   22    4    3    1
   15   11    4    3    1
   10    7    3    2    8
   24   13    1    2    1
   23   29    2    4    2
   29    6    4    3    1
   27    1    1    4    8
   25   14    3    4    1
   23    1    4    4    1
    2   22    1    3    2
   27   10    1    4    8
   17   26    4    1    1
   23    5    3    3    1
   20   21    4    1    2
   15   18    2    2    8
    3   24    2    3    1
   19   11    2    4    8
   30   21    2    3    1
   29   19    3    1    8
    2   24    3    1    1
    9   27    4    1    2
   19   19    4    3    3
    1    2    4    1    2
   13   14    1    1    5
   18   13    4    1    7
    3   15    2    3    8
   28   28    2    1    7
    2   18    1    2    4
   26    9    3    4    4
    2   11    4    1    5
   27   17    4    1    6
   21   12    1    2    5
    7   12    4    2    5
    3   22    2    4    1
    2   20    3    4    1
   13   12    3    3    1
   17   12    1    2    1
    8   10    2    4    1
    3   30    4    3    2
   22   29    1    3    1
   26   26    1    3    7
   28   12    3    4    7
   26    5    1    1    7
    1   29    2    3    1
   14   20    2    1    7
   28    3    3    4    1
    1   14    3    3    7
   19   18    1    4    6
   17    8    3    2    1
    2   21    2    3    1
   25   28    2    1    1
    9   23    1    4    1
   25   29    3    1    4
    1   12    4    3    3
   26   24    1    3    1
    5   15    4    1    1
   10   24    3    3    1
   19   21    1    2    5
   18    4    2    1    1
   27   30    4    4    1
   22    5    3    1    4
    2   17    4    4    1
    8    2    2    1    1
   20   30    3    4    4
   24    6    2    4    1
    8    9    4    4    1
   25   16    2    3    1
   26   12    1    3    1
   29   24    4    3    6
   27    4    3    2    1
    7    7    4    3    6
   20    3    1    1    1
   17   25    3    2    5
   28   19    3    3    2
   26   11    2    3    6
   24    5    2    4    5
    2   25    2    1    2
   18   18    2    4    6
    3   17    3    2    1
   11   14    3    3    2
   22   28    4    3    1
    2    4    4    1    4
   24   24    1    3    1
   16   11    4    1    4
    9   21    3    1    2
   21   13    2    2    1
   21   21    3    1    6
   29   20    3    4    1
    4   10    4    3    1
   13    7    2    3    1
   27   18    1    4    1
   14   16    2    3    8
   26   28    3    1    1
   23   11    3    3    8
   18   29    1    4    1
    1   30    4    1    2
   27   21    4    4    8
   23   13    1    4    1
   24   11    4    3    2
    3    3    1    2    9
   13   17    2    1    9
   19   20    2    2    9
   30    9    4    3    4
    1   15    3    2    9
   15   14    4    3    8
    1    6    1    4    1
   17    7    4    2    2
   19   26    2    4    2
    4   25    4    3    2
   11    8    3    3    2
   16   17    2    2    2
    8   12    3    4    1
    9   10    3    1    5
    2   29    2    1    6
   18   30    4    4    1
    1    9    2    1    1
   18   28    1    3    1
   11   17    3    4    1
    7   15    1    1    1
    1   10    2    2    1
   16    9    2    3    6
   18   21    4    3    1
    3   11    1    4    4
   30   30    3    2    6
    4   29    1    1    6
    8   21    3    3    1
    8   14    3    3    2
   20   28    2    1    2
   29   30    2    4    2
   30   13    4    3    1
   13   27    2    2    1
   21   29    3    4    1
   19   17    1    2    1
    1   16    4    1    8
    7    1    4    2    8
   28   14    3    1    1
    6   14    4    3    7
    6   12    4    3    7
    2    6    2    1    7
    8   18    4    1    1
    8    8    4    2    2
   17    6    2    4    1
   13   20    3    1    1
   17   17    3    4    8
   23    6    3    2    2
   14   27    4    1    5
   23   10    1    1    1
   28    8    4    2    3
    7   14    2    3    1
    5   13    2    1    7
    5   29    3    3    7
   27   28    4    1    9
    9    4    2    4    1
   30   23    2    4    1
   30   22    4    1    2
   24   23    4    2    7
   22   27    2    4    1
   27   25    1    1    7
    2    7    1    1    1
   22    1    3    2    2
   19   16    2    1    6
   16   27    1    2    1
   16   18    2    4    8
   27   27    1    2    8
   13   16    2    1    8
   27    7    3    1    1
   27   12    2    4    5
    4    1    4    3    3
   13   26    3    2    3
   25   19    4    3    3
   17   15    4    1    6
    8   30    1    1    1
    4   11    1    4    8
   22   18    3    1    3
   12   10    3    3    3
   25   15    3    2    9
    4    6    3    4    3
   11    9    4    3    3
   28   10    2    3    5
    5   21    2    2    1
   10   25    4    3    7
    2   13    1    2    7
    9    7    2    2    1
   20    9    3    1    1
   29   29    3    1    7
    7   28    2    4    9
    8   29    4    4    1
    8    5    4    3    1
   21    6    4    3    5
    2    9    3    4    5
   10   10    2    1    2
   10   16    3    4    1
   22    9    4    1    2
   24   12    4    2    1
   21   17    1    3    6
   21   26    4    2    1
   25    5    1    3    2
    1   17    4    1    5
    1   13    4    1    1
    6   25    1    3    1
   11    6    1    2    6
   23   20    1    3    1
    6    3    2    4    1
   12   25    4    3    1
    8   25    3    1    1
   28   23    3    1    1
   18    9    2    2    1
   10   14    4    3    5
   26   14    3    3    5
    3   19    4    2    7
   20    1    2    1    6
   14    9    4    1    1
   26   30    3    1    7
   14   22    4    2    7
    3   12    4    3    5
   21   16    3    2    5
   11   10    2    1    1
    7   30    4    2    2
    1   11    1    1    2
   10    6    4    4    2
   20   16    3    2    2
   24    9    1    3    1
    2   26    2    2    3
   20   17    3    3    3
   28   15    2    3    5
   13    8    4    1    1
   23   16    4    4    7
   18   23    2    2    1
   24    4    4    3    1
   12   15    4    3    1
   26   20    4    3    7
   30    2    1    2    7
   16    5    1    4    7
   17   24    1    3    2
    4    5    3    4    2
   21    7    3    1    2
   10   18    1    2    2
   12   19    2    1    2
    3   23    3    2    1
   10   29    3    1    2
    7   16    3    2    1
   11    7    2    3    2
   24   28    1    2    2
   24    1    1    4    9
    2   10    2    2    2
    2   12    4    4    2
   11   18    2    1    8
   15   22    3    1    1
   24   30    1    1    2
   19   23    2    4    2
   15   27    1    2    9
   24   20    4    2    2
   29    3    3    4    1
   11   12    3    1    1
   19   15    2    1    2
    6   16    2    3    8
    3   25    2    4    2
   18   24    4    1    5
   18   14    3    1    2
    3   14    2    4    5
    3    9    2    3    9
    5   18    2    1    1
    6   18    2    2    5
   13   25    4    2    2
   28    4    4    2    5
   11   29    3    3    1
    8    3    4    2    2
    7   26    2    3    1
    4   17    1    3    2
   12   16    1    2    2
   13   11    2    3    1
    7   29    3    3    8
   13   22    2    3    1
   16    2    3    2    5
   23   14    3    1    2
    2    2    2    3    1
   28    1    2    2    7
    9   15    4    3    7
   10   20    2    4    2
   21   28    3    3    7
   23   23    3    2    2
    9   12    4    3    2
    6   30    1    1    2
   17   23    3    4    1
   16   16    4    3    9
   23    4    2    4    2
   12   20    2    3    6
   16    3    3    4    5
   10   30    4    3    6
   27    8    3    2    3
    1    1    3    1    6
   22   26    2    2    2
    8   23    2    1    5
    5    1    3    1    6
   30   16    4    4    8
   21    3    4    2    1
    9    9    4    1    5
   11   21    3    2    7
   15   24    4    3    1
   17   29    1    4    5
   22   25    1    2    8
    4    8    1    4    1
   11   27    3    4    5
   20    6    4    3    7
   28   11    4    3    4
   26   23    3    1    1
   22   11    3    2    2
    9   29    2    3    2
    1    3    1    1    3
    4   14    3    2    1
   26    4    3    4    2
    8   22    1    3    3
    2   15    4    1    4
   26   16    2    2    7
   25   23    4    1    1
   24   21    3    2    2
   25   18    3    3    3
   20   27    4    2    4
   11   11    4    1    8
   22   22    4    2    9
   28    6    3    4    1
   27   19    1    4    2
   23   12    3    1    2
   20   15    2    2    8
   20    5    3    3    8
   15   23    4    4    8
   24   19    3    4    8
   21   25    3    2    8
   26    1    4    2    2
   22   24    2    4    2
   15    8    3    2    2
    9   25    1    2    2
    6    6    2    1    8
   15    4    2    3    2
    3    4    1    3    9
   19   13    1    2    3
   17   30    2    4    4
   26    6    3    3    1
   10   13    4    3    2
   17    5    3    1    3
    7    4    2    2    4
   13   15    1    4    5
    7   19    1    2    1
   22   19    1    1    2
   11   25    1    3    2
   29   15    3    4    1
   20   11    3    4    2
    5    3    4    3    3
   12   12    2    1    9
   25   25    2    4    9
   17   10    2    3    5
    1   25    1    3    5
    6   13    3    3    8
    1   19    2    4    8
   29   28    2    4    1
    9   17    3    3    2
   23   22    4    4    3
   30   25    4    3    9
    5    5    2    4    8
   30   12    4    2    7
   21   14    1    4    5
   13   13    3    2    1
   13   29    4    2    2
    2   28    1    4    3
    5   12    3    3    3
   17   28    1    1    8
   17   14    3    4    8
   21   22    3    1    1
    9   13    1    2    2
   12   18    3    3    3
   23    2    2    2    1
   28   13    3    1    3
   26    3    1    4    2
   27    2    1    2    4
   24    8    3    1    1
    9   19    4    4    3
   22    4    2    2    1
   10   26    2    3    2
   24   27    3    1    3
    6   27    3    3    4
   22   10    4    1    1
   28    5    4    3    2
   14    2    4    1    3
   23   27    4    1    4
   20   20    1    3    8
   18    3    3    2    8
   28   16    2    1    5
    5    9    1    4    1
   19   30    1    3    1
   19    6    2    2    1
   27   29    3    3    1
    4   30    3    4    4
   27    3    4    2    4
    4   13    1    3    9
   13    3    2    4    9
   28    9    3    1    1
   30   14    1    3    2
   29   26    4    1    3
   30   15    4    1    5
   21   15    4    1    1
   18    7    4    2    1
   10    5    4    3    2
   15   15    3    2    8
   27   26    4    4    2
   26    8    3    4    1
   19    8    1    1    5
   21   23    1    3    1
