Rock1Type Rock2Type Rock1Token Rock2Token Rating
    2   13    4    4    4
    8    4    2    2    2
   17   13    2    4    3
   25    4    4    1    5
   20    8    1    4    2
   14   18    1    3    2
    3    7    2    3    2
    2   22    4    2    6
    9    3    3    2    2
    8   15    4    1    2
   16   29    1    4    3
   14   20    3    4    5
   25    3    4    4    1
    4    3    1    1    1
    1   16    2    3    4
   27   25    2    1    2
   22    9    3    1    6
    6   16    2    1    3
    6   13    1    4    5
    1    9    1    1    2
    5   11    2    2    2
    4   12    3    2    2
   11   25    4    4    2
   27    6    2    4    5
   30   17    4    3    6
   14    6    4    1    2
    3    3    3    1    7
   11   30    4    4    6
    1   25    1    3    2
    5    3    4    3    2
    4   10    4    2    2
    6   20    2    3    2
   15   14    3    4    2
   15   20    2    3    6
   28   20    1    3    2
   24   25    2    2    2
   17   15    2    1    2
   30   21    2    1    2
   28   16    1    3    4
   23   23    2    3    6
   12   28    2    1    2
    8    8    1    3    6
   13    7    4    1    5
    9    4    4    2    3
    9   17    1    3    2
   25   22    1    4    2
   15    2    1    4    2
   11    6    2    3    4
   27   15    4    1    6
   27   10    1    2    1
    1    1    1    4    5
   16   15    1    4    6
   28   28    4    1    8
   29   17    1    3    3
    5    8    4    1    5
   22   22    1    2    2
   23   19    3    4    6
   19   22    2    4    3
   11   21    1    4    2
   27   26    3    1    2
   28   23    2    2    2
   10   26    2    4    2
   17   28    2    4    2
   16   13    2    1    5
    2   14    2    2    2
    6    2    1    2    2
   27   27    4    2    9
   30   13    2    4    2
    8   21    3    4    2
    5    9    1    1    3
    5   23    3    3    2
    5   15    2    4    6
   24   16    3    2    6
   13   21    2    4    2
    6    5    2    4    5
   28    2    3    1    2
   21   29    2    3    2
   29   12    4    4    2
    5   10    2    4    6
   15   13    2    2    2
    8    6    2    3    4
   14   25    1    3    5
   27    2    1    3    2
   20   10    3    1    2
   29   28    2    1    2
   21   14    3    4    7
   17   24    3    1    6
    6   19    4    4    6
   18   30    4    2    3
   18   22    2    1    5
    4   14    4    3    3
   10   29    4    1    3
   13   29    3    1    6
   16   20    3    2    6
    8   19    4    3    5
    4   20    1    2    6
    1   24    1    3    2
    4    2    4    4    7
    1    6    1    3    2
    8    3    1    2    2
   29    7    1    1    7
   12   30    2    2    2
   23    9    2    1    7
   19    1    3    1    2
    1   28    1    3    4
    7    7    1    2    6
   10    8    3    2    5
    9   21    1    2    2
   12    5    4    4    5
    1   17    1    2    2
   21   16    3    4    6
   16   22    1    1    2
    3   18    4    2    2
    8   17    3    3    2
   24    8    2    3    2
    1   30    3    2    2
    7   30    2    3    7
    4    6    2    3    6
    7    8    4    3    2
    3   16    1    3    5
   30   14    2    3    6
   18   23    2    3    2
   13   22    1    3    7
    1   20    3    2    7
   27    3    1    2    2
   14   23    3    4    2
    5   28    4    3    4
   15    6    1    4    5
   20   13    1    1    2
    1   27    2    1    6
    3   14    4    1    2
   20   17    2    2    6
   20   21    1    3    4
    8   16    3    2    2
   11   23    4    3    4
    2   17    4    3    4
   29   23    2    1    7
   19   20    2    3    8
   29    1    4    4    2
   26    3    4    1    8
    1   22    4    4    2
   10   15    4    1    5
   24   22    3    2    8
    4    1    3    2    4
   20   24    2    3    8
    7    2    4    4    2
   21    3    3    1    2
   17   17    1    3    8
    9   29    1    3    8
   16   18    4    4    3
   22   28    2    2    3
    4   22    3    4    6
    5    7    2    3    4
   18   13    2    3    2
   18   18    4    2    6
   10   25    4    2    5
   29   26    4    2    6
   26   21    4    3    2
    9   30    3    1    6
   27    8    4    4    2
   16   10    2    3    7
   23   27    4    2    7
   24    2    1    2    2
   27   16    4    2    2
   15    9    2    2    2
   10    6    3    3    2
   13   23    2    2    2
   17   18    2    4    2
   27   17    2    4    6
   23   22    1    1    7
   20   29    2    1    2
   23   26    1    2    7
   24   11    2    4    7
    8   26    4    3    2
   20    5    1    2    2
   11   10    3    2    6
    8   23    3    1    1
   10   30    2    4    2
    3   15    2    3    6
    9   26    1    1    8
   12   18    3    4    2
   10    9    2    3    5
   22    8    3    2    2
   10   28    1    4    3
    2   30    3    2    2
    2   10    3    1    6
    1   10    4    4    3
   27   14    2    3    3
   10   22    1    4    5
   11   18    2    3    6
    4   23    3    4    6
    6   18    2    4    2
    9    6    4    3    6
   14    1    1    3    6
    7   22    3    1    2
   12   11    3    3    6
   12    7    4    2    7
   27    7    3    1    2
   27   20    4    3    7
    2   16    3    3    2
    1   13    4    3    1
    4   17    1    1    4
   23   12    1    1    1
   19   28    3    2    5
   29   29    3    4    8
   25   15    3    4    8
   24    5    2    4    1
   23    6    3    2    7
   11   22    4    1    6
    5   29    3    4    1
   26   13    4    3    6
   16   12    1    1    7
    6    3    2    1    1
   12   12    4    2    8
   10   24    1    2    6
   14   22    2    1    7
   21    5    3    2    1
    2    9    4    4    7
   18   21    3    1    1
    5   18    4    2    1
   17   12    3    4    8
   18   24    2    3    1
   14   14    4    1    8
   29   22    2    4    8
   20   26    1    4    1
    8    9    3    2    2
    3    1    1    1    3
   22   27    1    3    7
   16   30    4    3    8
   30   22    4    3    1
   18    2    3    3    1
   13    4    3    3    8
   26    2    4    2    6
    9   25    3    3    6
   30   26    3    4    6
    7   11    2    3    7
   19   26    4    2    7
    7    6    1    1    2
    7   23    4    1    2
    9   12    2    4    2
   18   29    2    4    2
   25   13    1    1    8
   17   25    2    4    2
   14   16    1    4    4
   17   23    3    4    6
   19   19    3    2    7
   17    3    1    4    5
    4    4    3    1    9
    3   24    1    1    2
   17   11    4    4    6
   29    4    2    3    4
   25   26    4    1    6
   17    5    3    1    7
    9    9    3    4    8
   27    4    1    2    2
   15   15    1    2    9
   21   17    3    3    9
   15   22    2    4    2
   15   19    1    3    2
   28    9    3    4    2
   12    6    2    2    8
    7    9    3    4    6
    6   29    4    3    7
    4   21    2    4    7
    7    1    1    1    2
   21   28    3    1    2
   29   25    1    2    7
   14    7    4    3    2
   27   12    4    2    5
   24   23    1    1    1
   26   24    2    1    1
    5   25    4    4    5
   10   10    4    2    6
   25    2    4    1    2
    2    5    1    4    6
    2   12    3    2    6
   15    1    3    4    2
    5   19    2    2    6
    3   30    1    4    2
   27   24    1    4    1
   30   15    4    1    4
   18   15    3    1    3
    7   21    1    2    5
   29   11    3    3    6
   24   14    1    3    2
   20    7    2    4    1
   14   29    2    4    1
    5   27    4    1    1
   14   17    4    1    6
   23    2    4    3    4
   27   30    3    3    1
    5   22    3    2    4
   21   27    3    1    1
   17   26    2    4    6
   22    3    3    2    6
    7   16    2    1    6
   24    7    1    2    1
   11   27    1    1    1
    4   16    2    3    1
   15   12    4    1    7
    1   18    3    2    1
   19   10    2    3    1
    3   23    2    1    1
   13   13    2    1    7
   30   30    3    2    7
   24   29    4    3    8
   17    7    1    2    7
   28    6    2    4    8
    2    1    4    3    7
   27   28    3    4    9
   16   26    4    1    2
   29    2    1    1    6
   13    3    4    4    7
   20   20    3    4    9
   16   11    2    4    7
   12   13    2    4    7
    8   14    2    3    2
   27   29    2    3    2
   19   25    1    4    7
    9   24    2    2    9
    2    2    2    1    7
   28   25    3    1    2
   25   18    3    3    2
   29    8    3    1    2
   11   26    1    3    6
   23   25    3    2    7
   20   12    4    3    8
   15   28    4    1    2
    5   16    4    4    7
   14   26    3    3    2
    7   10    4    2    2
    8   30    3    1    2
   16   19    2    2    2
   24   30    4    4    2
   30   28    2    2    2
    5    5    3    1    8
   14   19    3    4    2
   15   24    3    4    2
    4   26    2    3    7
   11    1    4    2    8
    6    6    2    3    9
   28   14    1    4    1
   28    7    3    2    9
   12   26    3    3    1
    5   30    4    3    8
   19   12    1    1    9
   26    6    2    4    7
   30   20    2    1    8
    2    8    3    4    1
    6   17    3    4    1
    3   11    2    2    1
   11   11    2    3    1
   26   26    3    4    9
   26   15    3    3    1
   19   21    1    1    8
   21   25    1    1    1
   26   28    2    4    1
    4   30    2    3    1
   23   16    4    3    6
    3   29    3    3    8
    6   25    3    1    1
   26    5    3    1    1
   28   24    4    2    1
   19   11    3    3    9
   21   21    3    1    8
   18   26    2    3    7
   23   15    4    1    1
   12   24    3    2    1
   29   30    3    1    9
   30   19    1    3    8
   10   21    2    4    1
   11   14    3    4    8
   20    9    3    1    1
    2    3    3    3    1
   19   24    3    1    1
    1   23    3    3    1
    7   18    3    1    1
   23   10    1    4    1
    9   14    3    3    1
    4    7    2    3    1
   19    3    3    3    7
   12    8    3    3    1
   21   24    3    4    1
   14   10    2    2    7
   28    8    3    2    1
   22   21    2    4    8
   22   26    3    4    8
   28   18    1    4    1
   29   19    2    3    8
   19   17    1    2    8
    4   28    3    2    6
   17   10    4    1    1
   27   18    1    3    1
   20   18    1    2    1
    8    1    1    4    1
    7   19    4    4    1
   20    2    4    1    1
   22    6    4    3    1
   11   15    3    3    1
   23   20    1    3    6
    1    5    4    4    7
   10    3    4    3    7
   28    3    4    2    1
   20   11    2    4    6
    8   13    4    2    2
    8   18    2    4    2
    6   21    4    2    7
    5   14    1    3    2
   17   22    4    1    2
   13   11    3    4    7
    4   19    4    4    8
   13    5    4    4    7
    9   19    3    2    2
   25   25    4    1    8
   16   16    3    1    9
   22   20    4    1    2
    6   30    2    1    9
   13   10    4    4    7
   12   10    3    4    8
   21    1    2    2    8
   12   14    4    4    7
   11    9    3    3    7
   12   22    4    4    5
   21   12    1    3    9
    6   24    2    4    2
    2   11    1    4    9
    3   20    1    4    2
    1   26    1    1    2
   19   27    4    1    7
    4   11    2    2    9
   15    7    3    4    7
   25    7    4    3    5
    9   13    4    1    7
   27    9    3    4    1
   12   25    3    2    1
   17   16    1    1    7
   24   24    4    2    8
   13   24    1    3    6
    1   12    1    2    7
   10   18    1    1    7
    8   11    4    1    1
   18    4    1    4    1
   14   13    4    3    1
    4   24    3    1    1
   15    4    1    1    1
   15   29    3    4    1
    3   12    2    4    6
   25    8    4    3    4
   11   28    1    2    4
   21   15    1    3    4
   30   23    1    1    4
   13   27    1    2    4
   19   18    4    3    5
    9   18    2    4    4
   25   20    3    4    4
   13   19    4    3    6
   21   23    2    1    1
   16    9    3    3    1
    4    5    3    2    1
    7   26    2    1    1
   13   28    1    4    6
    2   21    1    2    7
   19    2    4    2    6
   30   25    1    4    8
   16   25    4    1    1
